0.21584 0.25318 0.29250 0.32995 0.37106 0.36783 0.33113 0.29082 0.25345 0.21307 0.17543 0.13659 0.09745 0.05819 0.01948 0.00000 0.00000 0.00000 0.00000 0.00000 0.00000 0.00000 0.00000 0.00000 0.00000 0.00000 0.00000 0.00000 0.00000 0.00000 0.00000 0.00000 0.00000 0.00000 0.00000 0.00000 0.00000 0.00000 0.00000 0.00000 0.00000 0.00000 0.00000 0.00000 0.00000 0.00000 0.00000 0.00000 0.00000 0.00000 0.00000 0.00000 0.00000 0.00000 0.00000 0.00000 0.00000 0.00000 0.00000 0.00000
0.25530 0.30019 0.34698 0.39102 0.43833 0.43637 0.39192 0.34455 0.29963 0.25253 0.20714 0.16147 0.11517 0.06891 0.02302 0.00000 0.00000 0.00000 0.00000 0.00000 0.00000 0.00000 0.00000 0.00000 0.00000 0.00000 0.00000 0.00000 0.00000 0.00000 0.00000 0.00000 0.00000 0.00000 0.00000 0.00000 0.00000 0.00000 0.00000 0.00000 0.00000 0.00000 0.00000 0.00000 0.00000 0.00000 0.00000 0.00000 0.00000 0.00000 0.00000 0.00000 0.00000 0.00000 0.00000 0.00000 0.00000 0.00000 0.00000 0.00000
0.29330 0.34584 0.40050 0.45120 0.50407 0.50359 0.45260 0.39699 0.34557 0.29231 0.23918 0.18536 0.13285 0.07989 0.02658 0.00000 0.00000 0.00000 0.00000 0.00000 0.00000 0.00000 0.00000 0.00000 0.00000 0.00000 0.00000 0.00000 0.00000 0.00000 0.00000 0.00000 0.00000 0.00000 0.00000 0.00000 0.00000 0.00000 0.00000 0.00000 0.00000 0.00000 0.00000 0.00000 0.00000 0.00000 0.00000 0.00000 0.00000 0.00000 0.00000 0.00000 0.00000 0.00000 0.00000 0.00000 0.00000 0.00000 0.00000 0.00000
0.33331 0.39269 0.45400 0.51307 0.57362 0.57189 0.51288 0.45110 0.39166 0.33161 0.27119 0.21023 0.15062 0.09061 0.03013 0.00000 0.00000 0.00000 0.00000 0.00000 0.00000 0.00000 0.00000 0.00000 0.00000 0.00000 0.00000 0.00000 0.00000 0.00000 0.00000 0.00000 0.00000 0.00000 0.00000 0.00000 0.00000 0.00000 0.00000 0.00000 0.00000 0.00000 0.00000 0.00000 0.00000 0.00000 0.00000 0.00000 0.00000 0.00000 0.00000 0.00000 0.00000 0.00000 0.00000 0.00000 0.00000 0.00000 0.00000 0.00000
0.37008 0.43718 0.50285 0.57160 0.64188 0.63947 0.57138 0.50463 0.43851 0.36929 0.30266 0.23605 0.16875 0.10083 0.03363 0.00000 0.00000 0.00000 0.00000 0.00000 0.00000 0.00000 0.00000 0.00000 0.00000 0.00000 0.00000 0.00000 0.00000 0.00000 0.00000 0.00000 0.00000 0.00000 0.00000 0.00000 0.00000 0.00000 0.00000 0.00000 0.00000 0.00000 0.00000 0.00000 0.00000 0.00000 0.00000 0.00000 0.00000 0.00000 0.00000 0.00000 0.00000 0.00000 0.00000 0.00000 0.00000 0.00000 0.00000 0.00000
0.37417 0.44021 0.50616 0.57313 0.64221 0.64066 0.57324 0.50520 0.43832 0.37002 0.30315 0.23599 0.16850 0.10095 0.03371 0.00000 0.00000 0.00000 0.00000 0.00000 0.00000 0.00000 0.00000 0.00000 0.00000 0.00000 0.00000 0.00000 0.00000 0.00000 0.00000 0.00000 0.00000 0.00000 0.00000 0.00000 0.00000 0.00000 0.00000 0.00000 0.00000 0.00000 0.00000 0.00000 0.00000 0.00000 0.00000 0.00000 0.00000 0.00000 0.00000 0.00000 0.00000 0.00000 0.00000 0.00000 0.00000 0.00000 0.00000 0.00000
0.33006 0.39113 0.45227 0.51309 0.57037 0.57185 0.51425 0.45228 0.39068 0.33161 0.27211 0.21082 0.15042 0.09046 0.03029 0.00000 0.00000 0.00000 0.00000 0.00000 0.00000 0.00000 0.00000 0.00000 0.00000 0.00000 0.00000 0.00000 0.00000 0.00000 0.00000 0.00000 0.00000 0.00000 0.00000 0.00000 0.00000 0.00000 0.00000 0.00000 0.00000 0.00000 0.00000 0.00000 0.00000 0.00000 0.00000 0.00000 0.00000 0.00000 0.00000 0.00000 0.00000 0.00000 0.00000 0.00000 0.00000 0.00000 0.00000 0.00000
0.29415 0.34712 0.40154 0.45325 0.50592 0.50555 0.45344 0.39943 0.34587 0.29269 0.23981 0.18636 0.13295 0.07981 0.02665 0.00000 0.00000 0.00000 0.00000 0.00000 0.00000 0.00000 0.00000 0.00000 0.00000 0.00000 0.00000 0.00000 0.00000 0.00000 0.00000 0.00000 0.00000 0.00000 0.00000 0.00000 0.00000 0.00000 0.00000 0.00000 0.00000 0.00000 0.00000 0.00000 0.00000 0.00000 0.00000 0.00000 0.00000 0.00000 0.00000 0.00000 0.00000 0.00000 0.00000 0.00000 0.00000 0.00000 0.00000 0.00000
0.25310 0.29972 0.34522 0.39198 0.43986 0.43953 0.39046 0.34558 0.30116 0.25401 0.20682 0.16147 0.11594 0.06932 0.02302 0.00000 0.00000 0.00000 0.00000 0.00000 0.00000 0.00000 0.00000 0.00000 0.00000 0.00000 0.00000 0.00000 0.00000 0.00000 0.00000 0.00000 0.00000 0.00000 0.00000 0.00000 0.00000 0.00000 0.00000 0.00000 0.00000 0.00000 0.00000 0.00000 0.00000 0.00000 0.00000 0.00000 0.00000 0.00000 0.00000 0.00000 0.00000 0.00000 0.00000 0.00000 0.00000 0.00000 0.00000 0.00000
0.21633 0.25442 0.29331 0.33262 0.37235 0.37140 0.33171 0.29269 0.25446 0.21506 0.17533 0.13653 0.09788 0.05875 0.01950 0.00000 0.00000 0.00000 0.00000 0.00000 0.00000 0.00000 0.00000 0.00000 0.00000 0.00000 0.00000 0.00000 0.00000 0.00000 0.00000 0.00000 0.00000 0.00000 0.00000 0.00000 0.00000 0.00000 0.00000 0.00000 0.00000 0.00000 0.00000 0.00000 0.00000 0.00000 0.00000 0.00000 0.00000 0.00000 0.00000 0.00000 0.00000 0.00000 0.00000 0.00000 0.00000 0.00000 0.00000 0.00000
0.17654 0.20822 0.24124 0.27235 0.30250 0.30319 0.27255 0.24021 0.20674 0.17556 0.14452 0.11198 0.07966 0.04791 0.01605 0.00000 0.00000 0.00000 0.00000 0.00000 0.00000 0.00000 0.00000 0.00000 0.00000 0.00000 0.00000 0.00000 0.00000 0.00000 0.00000 0.00000 0.00000 0.00000 0.00000 0.00000 0.00000 0.00000 0.00000 0.00000 0.00000 0.00000 0.00000 0.00000 0.00000 0.00000 0.00000 0.00000 0.00000 0.00000 0.00000 0.00000 0.00000 0.00000 0.00000 0.00000 0.00000 0.00000 0.00000 0.00000
0.13730 0.16226 0.18744 0.21150 0.23591 0.23623 0.21197 0.18666 0.16111 0.13653 0.11225 0.08723 0.06199 0.03720 0.01248 0.00000 0.00000 0.00000 0.00000 0.00000 0.00000 0.00000 0.00000 0.00000 0.00000 0.00000 0.00000 0.00000 0.00000 0.00000 0.00000 0.00000 0.00000 0.00000 0.00000 0.00000 0.00000 0.00000 0.00000 0.00000 0.00000 0.00000 0.00000 0.00000 0.00000 0.00000 0.00000 0.00000 0.00000 0.00000 0.00000 0.00000 0.00000 0.00000 0.00000 0.00000 0.00000 0.00000 0.00000 0.00000
0.09837 0.11556 0.13312 0.15095 0.16947 0.16904 0.15034 0.13293 0.11593 0.09780 0.07967 0.06215 0.04459 0.02668 0.00887 0.00000 0.00000 0.00000 0.00000 0.00000 0.00000 0.00000 0.00000 0.00000 0.00000 0.00000 0.00000 0.00000 0.00000 0.00000 0.00000 0.00000 0.00000 0.00000 0.00000 0.00000 0.00000 0.00000 0.00000 0.00000 0.00000 0.00000 0.00000 0.00000 0.00000 0.00000 0.00000 0.00000 0.00000 0.00000 0.00000 0.00000 0.00000 0.00000 0.00000 0.00000 0.00000 0.00000 0.00000 0.00000
0.05901 0.06933 0.07985 0.09075 0.10164 0.10129 0.09032 0.07985 0.06952 0.05872 0.04777 0.03721 0.02675 0.01605 0.00532 0.00000 0.00000 0.00000 0.00000 0.00000 0.00000 0.00000 0.00000 0.00000 0.00000 0.00000 0.00000 0.00000 0.00000 0.00000 0.00000 0.00000 0.00000 0.00000 0.00000 0.00000 0.00000 0.00000 0.00000 0.00000 0.00000 0.00000 0.00000 0.00000 0.00000 0.00000 0.00000 0.00000 0.00000 0.00000 0.00000 0.00000 0.00000 0.00000 0.00000 0.00000 0.00000 0.00000 0.00000 0.00000
0.01962 0.02320 0.02679 0.03024 0.03362 0.03369 0.03030 0.02667 0.02299 0.01952 0.01604 0.01244 0.00887 0.00533 0.00178 0.00000 0.00000 0.00000 0.00000 0.00000 0.00000 0.00000 0.00000 0.00000 0.00000 0.00000 0.00000 0.00000 0.00000 0.00000 0.00000 0.00000 0.00000 0.00000 0.00000 0.00000 0.00000 0.00000 0.00000 0.00000 0.00000 0.00000 0.00000 0.00000 0.00000 0.00000 0.00000 0.00000 0.00000 0.00000 0.00000 0.00000 0.00000 0.00000 0.00000 0.00000 0.00000 0.00000 0.00000 0.00000
0.00000 0.00000 0.00000 0.00000 0.00000 0.00000 0.00000 0.00000 0.00000 0.00000 0.00000 0.00000 0.00000 0.00000 0.00000 0.00178 0.00533 0.00887 0.01247 0.01609 0.01962 0.02314 0.02670 0.03034 0.03402 0.03401 0.03037 0.02676 0.02328 0.01979 0.01618 0.01256 0.00896 0.00538 0.00180 0.00000 0.00000 0.00000 0.00000 0.00000 0.00000 0.00000 0.00000 0.00000 0.00000 0.00000 0.00000 0.00000 0.00000 0.00000 0.00000 0.00000 0.00000 0.00000 0.00000 0.00000 0.00000 0.00000 0.00000 0.00000
0.00000 0.00000 0.00000 0.00000 0.00000 0.00000 0.00000 0.00000 0.00000 0.00000 0.00000 0.00000 0.00000 0.00000 0.00000 0.00533 0.01599 0.02676 0.03747 0.04797 0.05863 0.06968 0.08049 0.09086 0.10203 0.10213 0.09101 0.08025 0.06982 0.05932 0.04848 0.03770 0.02693 0.01615 0.00539 0.00000 0.00000 0.00000 0.00000 0.00000 0.00000 0.00000 0.00000 0.00000 0.00000 0.00000 0.00000 0.00000 0.00000 0.00000 0.00000 0.00000 0.00000 0.00000 0.00000 0.00000 0.00000 0.00000 0.00000 0.00000
0.00000 0.00000 0.00000 0.00000 0.00000 0.00000 0.00000 0.00000 0.00000 0.00000 0.00000 0.00000 0.00000 0.00000 0.00000 0.00886 0.02676 0.04463 0.06229 0.08000 0.09787 0.11622 0.13401 0.15142 0.16937 0.16955 0.15229 0.13457 0.11640 0.09834 0.08048 0.06284 0.04501 0.02699 0.00896 0.00000 0.00000 0.00000 0.00000 0.00000 0.00000 0.00000 0.00000 0.00000 0.00000 0.00000 0.00000 0.00000 0.00000 0.00000 0.00000 0.00000 0.00000 0.00000 0.00000 0.00000 0.00000 0.00000 0.00000 0.00000
0.00000 0.00000 0.00000 0.00000 0.00000 0.00000 0.00000 0.00000 0.00000 0.00000 0.00000 0.00000 0.00000 0.00000 0.00000 0.01246 0.03743 0.06217 0.08695 0.11248 0.13757 0.16186 0.18708 0.21274 0.23743 0.23701 0.21339 0.18848 0.16282 0.13763 0.11282 0.08789 0.06288 0.03780 0.01260 0.00000 0.00000 0.00000 0.00000 0.00000 0.00000 0.00000 0.00000 0.00000 0.00000 0.00000 0.00000 0.00000 0.00000 0.00000 0.00000 0.00000 0.00000 0.00000 0.00000 0.00000 0.00000 0.00000 0.00000 0.00000
0.00000 0.00000 0.00000 0.00000 0.00000 0.00000 0.00000 0.00000 0.00000 0.00000 0.00000 0.00000 0.00000 0.00000 0.00000 0.01604 0.04790 0.07988 0.11232 0.14457 0.17644 0.20812 0.24051 0.27388 0.30589 0.30486 0.27323 0.24139 0.20945 0.17740 0.14553 0.11297 0.08054 0.04844 0.01621 0.00000 0.00000 0.00000 0.00000 0.00000 0.00000 0.00000 0.00000 0.00000 0.00000 0.00000 0.00000 0.00000 0.00000 0.00000 0.00000 0.00000 0.00000 0.00000 0.00000 0.00000 0.00000 0.00000 0.00000 0.00000
0.00000 0.00000 0.00000 0.00000 0.00000 0.00000 0.00000 0.00000 0.00000 0.00000 0.00000 0.00000 0.00000 0.00000 0.00000 0.01956 0.05852 0.09804 0.13748 0.17589 0.21495 0.25529 0.29486 0.33299 0.37354 0.37424 0.33399 0.29425 0.25584 0.21741 0.17755 0.13818 0.09865 0.05911 0.01974 0.00000 0.00000 0.00000 0.00000 0.00000 0.00000 0.00000 0.00000 0.00000 0.00000 0.00000 0.00000 0.00000 0.00000 0.00000 0.00000 0.00000 0.00000 0.00000 0.00000 0.00000 0.00000 0.00000 0.00000 0.00000
0.00000 0.00000 0.00000 0.00000 0.00000 0.00000 0.00000 0.00000 0.00000 0.00000 0.00000 0.00000 0.00000 0.00000 0.00000 0.02307 0.06956 0.11581 0.16167 0.20788 0.25488 0.30207 0.34781 0.39309 0.44045 0.44260 0.39558 0.34784 0.30221 0.25621 0.20931 0.16307 0.11678 0.07001 0.02330 0.00000 0.00000 0.00000 0.00000 0.00000 0.00000 0.00000 0.00000 0.00000 0.00000 0.00000 0.00000 0.00000 0.00000 0.00000 0.00000 0.00000 0.00000 0.00000 0.00000 0.00000 0.00000 0.00000 0.00000 0.00000
0.00000 0.00000 0.00000 0.00000 0.00000 0.00000 0.00000 0.00000 0.00000 0.00000 0.00000 0.00000 0.00000 0.00000 0.00000 0.02666 0.08022 0.13331 0.18632 0.24073 0.29454 0.34676 0.40053 0.45580 0.50884 0.50764 0.45558 0.40344 0.34901 0.29483 0.24160 0.18789 0.13455 0.08095 0.02696 0.00000 0.00000 0.00000 0.00000 0.00000 0.00000 0.00000 0.00000 0.00000 0.00000 0.00000 0.00000 0.00000 0.00000 0.00000 0.00000 0.00000 0.00000 0.00000 0.00000 0.00000 0.00000 0.00000 0.00000 0.00000
0.00000 0.00000 0.00000 0.00000 0.00000 0.00000 0.00000 0.00000 0.00000 0.00000 0.00000 0.00000 0.00000 0.00000 0.00000 0.03021 0.09043 0.15095 0.21220 0.27290 0.33256 0.39247 0.45477 0.51763 0.57673 0.57461 0.51540 0.45701 0.39595 0.33426 0.27360 0.21332 0.15250 0.09156 0.03054 0.00000 0.00000 0.00000 0.00000 0.00000 0.00000 0.00000 0.00000 0.00000 0.00000 0.00000 0.00000 0.00000 0.00000 0.00000 0.00000 0.00000 0.00000 0.00000 0.00000 0.00000 0.00000 0.00000 0.00000 0.00000
0.00000 0.00000 0.00000 0.00000 0.00000 0.00000 0.00000 0.00000 0.00000 0.00000 0.00000 0.00000 0.00000 0.00000 0.00000 0.03378 0.10138 0.16907 0.23674 0.30386 0.37161 0.44075 0.50851 0.57459 0.64340 0.64603 0.57749 0.50818 0.44080 0.37453 0.30641 0.23848 0.17024 0.10210 0.03409 0.00000 0.00000 0.00000 0.00000 0.00000 0.00000 0.00000 0.00000 0.00000 0.00000 0.00000 0.00000 0.00000 0.00000 0.00000 0.00000 0.00000 0.00000 0.00000 0.00000 0.00000 0.00000 0.00000 0.00000 0.00000
0.01956 0.02302 0.02654 0.03026 0.03385 0.03365 0.03007 0.02668 0.02317 0.01949 0.01592 0.01244 0.00890 0.00533 0.00177 0.03379 0.10157 0.16920 0.23605 0.30330 0.37272 0.44120 0.50731 0.57392 0.64369 0.64633 0.57783 0.50826 0.44013 0.37412 0.30684 0.23837 0.16984 0.10212 0.03420 0.00000 0.00000 0.00000 0.00000 0.00000 0.00000 0.00000 0.00000 0.00000 0.00000 0.00000 0.00000 0.00000 0.00000 0.00000 0.00000 0.00000 0.00000 0.00000 0.00000 0.00000 0.00000 0.00000 0.00000 0.00000
0.05861 0.06925 0.07987 0.09042 0.10105 0.10116 0.09067 0.07985 0.06906 0.05861 0.04802 0.03723 0.02661 0.01601 0.00534 0.03019 0.09053 0.15099 0.21193 0.27256 0.33317 0.39278 0.45368 0.51643 0.57704 0.57466 0.51445 0.45669 0.39619 0.33389 0.27330 0.21338 0.15239 0.09143 0.03052 0.00000 0.00000 0.00000 0.00000 0.00000 0.00000 0.00000 0.00000 0.00000 0.00000 0.00000 0.00000 0.00000 0.00000 0.00000 0.00000 0.00000 0.00000 0.00000 0.00000 0.00000 0.00000 0.00000 0.00000 0.00000
0.09763 0.11572 0.13355 0.15046 0.16790 0.16880 0.15133 0.13282 0.11494 0.09780 0.08013 0.06203 0.04434 0.02668 0.00889 0.02662 0.07979 0.13336 0.18711 0.24073 0.29293 0.34627 0.40152 0.45560 0.50859 0.50778 0.45401 0.40210 0.34936 0.29546 0.24078 0.18760 0.13480 0.08084 0.02686 0.00000 0.00000 0.00000 0.00000 0.00000 0.00000 0.00000 0.00000 0.00000 0.00000 0.00000 0.00000 0.00000 0.00000 0.00000 0.00000 0.00000 0.00000 0.00000 0.00000 0.00000 0.00000 0.00000 0.00000 0.00000
0.13646 0.16135 0.18637 0.21111 0.23590 0.23586 0.21087 0.18638 0.16190 0.13674 0.11155 0.08695 0.06226 0.03730 0.01241 0.02307 0.06944 0.11569 0.16144 0.20785 0.25429 0.30137 0.34792 0.39285 0.43937 0.44194 0.39579 0.34758 0.30111 0.25620 0.20977 0.16256 0.11637 0.07005 0.02332 0.00000 0.00000 0.00000 0.00000 0.00000 0.00000 0.00000 0.00000 0.00000 0.00000 0.00000 0.00000 0.00000 0.00000 0.00000 0.00000 0.00000 0.00000 0.00000 0.00000 0.00000 0.00000 0.00000 0.00000 0.00000
0.17607 0.20736 0.23871 0.27133 0.30393 0.30325 0.27070 0.23953 0.20816 0.17557 0.14345 0.11196 0.07995 0.04788 0.01597 0.01956 0.05874 0.09770 0.13658 0.17584 0.21593 0.25490 0.29351 0.33286 0.37200 0.37284 0.33461 0.29512 0.25469 0.21574 0.17765 0.13819 0.09827 0.05902 0.01978 0.00000 0.00000 0.00000 0.00000 0.00000 0.00000 0.00000 0.00000 0.00000 0.00000 0.00000 0.00000 0.00000 0.00000 0.00000 0.00000 0.00000 0.00000 0.00000 0.00000 0.00000 0.00000 0.00000 0.00000 0.00000
0.21490 0.25344 0.29180 0.33153 0.37145 0.37085 0.33172 0.29221 0.25347 0.21528 0.17613 0.13640 0.09747 0.05872 0.01957 0.01596 0.04790 0.08010 0.11214 0.14385 0.17640 0.20855 0.23983 0.27260 0.30570 0.30473 0.27224 0.24143 0.20962 0.17656 0.14466 0.11304 0.08066 0.04827 0.01615 0.00000 0.00000 0.00000 0.00000 0.00000 0.00000 0.00000 0.00000 0.00000 0.00000 0.00000 0.00000 0.00000 0.00000 0.00000 0.00000 0.00000 0.00000 0.00000 0.00000 0.00000 0.00000 0.00000 0.00000 0.00000
0.25323 0.29954 0.34637 0.39291 0.43839 0.43744 0.39123 0.34630 0.30066 0.25398 0.20703 0.16128 0.11564 0.06931 0.02304 0.01242 0.03734 0.06229 0.08705 0.11178 0.13707 0.16240 0.18681 0.21181 0.23763 0.23754 0.21163 0.18700 0.16310 0.13806 0.11234 0.08742 0.06284 0.03774 0.01254 0.00000 0.00000 0.00000 0.00000 0.00000 0.00000 0.00000 0.00000 0.00000 0.00000 0.00000 0.00000 0.00000 0.00000 0.00000 0.00000 0.00000 0.00000 0.00000 0.00000 0.00000 0.00000 0.00000 0.00000 0.00000
0.29245 0.34585 0.39919 0.45189 0.50523 0.50566 0.45200 0.39908 0.34659 0.29270 0.23911 0.18650 0.13333 0.07980 0.02659 0.00889 0.02668 0.04436 0.06213 0.08015 0.09784 0.11551 0.13385 0.15160 0.16883 0.16944 0.15204 0.13372 0.11591 0.09853 0.08058 0.06245 0.04476 0.02696 0.00897 0.00000 0.00000 0.00000 0.00000 0.00000 0.00000 0.00000 0.00000 0.00000 0.00000 0.00000 0.00000 0.00000 0.00000 0.00000 0.00000 0.00000 0.00000 0.00000 0.00000 0.00000 0.00000 0.00000 0.00000 0.00000
0.33261 0.39280 0.45255 0.51091 0.57149 0.57389 0.51446 0.45165 0.39087 0.33265 0.27238 0.21080 0.15054 0.09060 0.03022 0.00533 0.01597 0.02662 0.03737 0.04808 0.05861 0.06920 0.08028 0.09104 0.10130 0.10136 0.09125 0.08054 0.06942 0.05878 0.04841 0.03769 0.02681 0.01609 0.00539 0.00000 0.00000 0.00000 0.00000 0.00000 0.00000 0.00000 0.00000 0.00000 0.00000 0.00000 0.00000 0.00000 0.00000 0.00000 0.00000 0.00000 0.00000 0.00000 0.00000 0.00000 0.00000 0.00000 0.00000 0.00000
0.37068 0.43813 0.50577 0.57306 0.63971 0.63980 0.57334 0.50554 0.43825 0.37113 0.30307 0.23572 0.16901 0.10131 0.03367 0.00177 0.00532 0.00889 0.01246 0.01598 0.01956 0.02316 0.02668 0.03026 0.03391 0.03387 0.03029 0.02681 0.02323 0.01961 0.01609 0.01256 0.00895 0.00536 0.00180 0.00000 0.00000 0.00000 0.00000 0.00000 0.00000 0.00000 0.00000 0.00000 0.00000 0.00000 0.00000 0.00000 0.00000 0.00000 0.00000 0.00000 0.00000 0.00000 0.00000 0.00000 0.00000 0.00000 0.00000 0.00000
0.38995 0.46003 0.53148 0.60416 0.67602 0.67275 0.60085 0.53282 0.46294 0.38983 0.31836 0.24871 0.17775 0.10646 0.03545 0.00000 0.00000 0.00000 0.00000 0.00000 0.00000 0.00000 0.00000 0.00000 0.00000 0.00000 0.00000 0.00000 0.00000 0.00000 0.00000 0.00000 0.00000 0.00000 0.00000 0.00000 0.00000 0.00000 0.00000 0.00000 0.00000 0.00000 0.00000 0.00000 0.00000 0.00000 0.00000 0.00000 0.00000 0.00000 0.00000 0.00000 0.00000 0.00000 0.00000 0.00000 0.00000 0.00000 0.00000 0.00000
0.39084 0.46112 0.53164 0.60305 0.67473 0.67394 0.60290 0.53226 0.46072 0.38991 0.32007 0.24873 0.17695 0.10634 0.03557 0.00000 0.00000 0.00000 0.00000 0.00000 0.00000 0.00000 0.00000 0.00000 0.00000 0.00000 0.00000 0.00000 0.00000 0.00000 0.00000 0.00000 0.00000 0.00000 0.00000 0.00000 0.00000 0.00000 0.00000 0.00000 0.00000 0.00000 0.00000 0.00000 0.00000 0.00000 0.00000 0.00000 0.00000 0.00000 0.00000 0.00000 0.00000 0.00000 0.00000 0.00000 0.00000 0.00000 0.00000 0.00000
0.39133 0.46248 0.53352 0.60195 0.67205 0.67446 0.60534 0.53180 0.45955 0.39027 0.32020 0.24821 0.17698 0.10655 0.03554 0.00000 0.00000 0.00000 0.00000 0.00000 0.00000 0.00000 0.00000 0.00000 0.00000 0.00000 0.00000 0.00000 0.00000 0.00000 0.00000 0.00000 0.00000 0.00000 0.00000 0.00000 0.00000 0.00000 0.00000 0.00000 0.00000 0.00000 0.00000 0.00000 0.00000 0.00000 0.00000 0.00000 0.00000 0.00000 0.00000 0.00000 0.00000 0.00000 0.00000 0.00000 0.00000 0.00000 0.00000 0.00000
0.39092 0.46219 0.53337 0.60286 0.67310 0.67425 0.60342 0.53176 0.46235 0.39060 0.31822 0.24808 0.17788 0.10657 0.03542 0.00000 0.00000 0.00000 0.00000 0.00000 0.00000 0.00000 0.00000 0.00000 0.00000 0.00000 0.00000 0.00000 0.00000 0.00000 0.00000 0.00000 0.00000 0.00000 0.00000 0.00000 0.00000 0.00000 0.00000 0.00000 0.00000 0.00000 0.00000 0.00000 0.00000 0.00000 0.00000 0.00000 0.00000 0.00000 0.00000 0.00000 0.00000 0.00000 0.00000 0.00000 0.00000 0.00000 0.00000 0.00000
0.39135 0.46129 0.53197 0.60403 0.67647 0.67473 0.60080 0.53114 0.46261 0.39046 0.31822 0.24835 0.17767 0.10634 0.03543 0.00000 0.00000 0.00000 0.00000 0.00000 0.00000 0.00000 0.00000 0.00000 0.00000 0.00000 0.00000 0.00000 0.00000 0.00000 0.00000 0.00000 0.00000 0.00000 0.00000 0.00000 0.00000 0.00000 0.00000 0.00000 0.00000 0.00000 0.00000 0.00000 0.00000 0.00000 0.00000 0.00000 0.00000 0.00000 0.00000 0.00000 0.00000 0.00000 0.00000 0.00000 0.00000 0.00000 0.00000 0.00000
0.39146 0.46107 0.53179 0.60434 0.67566 0.67353 0.60273 0.53248 0.46021 0.38976 0.32034 0.24859 0.17685 0.10631 0.03559 0.00000 0.00000 0.00000 0.00000 0.00000 0.00000 0.00000 0.00000 0.00000 0.00000 0.00000 0.00000 0.00000 0.00000 0.00000 0.00000 0.00000 0.00000 0.00000 0.00000 0.00000 0.00000 0.00000 0.00000 0.00000 0.00000 0.00000 0.00000 0.00000 0.00000 0.00000 0.00000 0.00000 0.00000 0.00000 0.00000 0.00000 0.00000 0.00000 0.00000 0.00000 0.00000 0.00000 0.00000 0.00000
0.39232 0.46310 0.53479 0.60394 0.67238 0.67335 0.60516 0.53348 0.45931 0.38936 0.31985 0.24834 0.17697 0.10650 0.03551 0.00000 0.00000 0.00000 0.00000 0.00000 0.00000 0.00000 0.00000 0.00000 0.00000 0.00000 0.00000 0.00000 0.00000 0.00000 0.00000 0.00000 0.00000 0.00000 0.00000 0.00000 0.00000 0.00000 0.00000 0.00000 0.00000 0.00000 0.00000 0.00000 0.00000 0.00000 0.00000 0.00000 0.00000 0.00000 0.00000 0.00000 0.00000 0.00000 0.00000 0.00000 0.00000 0.00000 0.00000 0.00000
0.39156 0.46300 0.53434 0.60259 0.67206 0.67479 0.60298 0.53151 0.46183 0.39044 0.31806 0.24797 0.17799 0.10654 0.03539 0.00000 0.00000 0.00000 0.00000 0.00000 0.00000 0.00000 0.00000 0.00000 0.00000 0.00000 0.00000 0.00000 0.00000 0.00000 0.00000 0.00000 0.00000 0.00000 0.00000 0.00000 0.00000 0.00000 0.00000 0.00000 0.00000 0.00000 0.00000 0.00000 0.00000 0.00000 0.00000 0.00000 0.00000 0.00000 0.00000 0.00000 0.00000 0.00000 0.00000 0.00000 0.00000 0.00000 0.00000 0.00000
0.39309 0.46198 0.53286 0.60389 0.67705 0.67662 0.60069 0.52997 0.46220 0.39089 0.31813 0.24815 0.17746 0.10632 0.03545 0.00000 0.00000 0.00000 0.00000 0.00000 0.00000 0.00000 0.00000 0.00000 0.00000 0.00000 0.00000 0.00000 0.00000 0.00000 0.00000 0.00000 0.00000 0.00000 0.00000 0.00000 0.00000 0.00000 0.00000 0.00000 0.00000 0.00000 0.00000 0.00000 0.00000 0.00000 0.00000 0.00000 0.00000 0.00000 0.00000 0.00000 0.00000 0.00000 0.00000 0.00000 0.00000 0.00000 0.00000 0.00000
0.39205 0.46146 0.53184 0.60445 0.67545 0.67329 0.60141 0.53217 0.45941 0.38967 0.32040 0.24836 0.17679 0.10626 0.03559 0.00000 0.00000 0.00000 0.00000 0.00000 0.00000 0.00000 0.00000 0.00000 0.00000 0.00000 0.00000 0.00000 0.00000 0.00000 0.00000 0.00000 0.00000 0.00000 0.00000 0.00000 0.00000 0.00000 0.00000 0.00000 0.00000 0.00000 0.00000 0.00000 0.00000 0.00000 0.00000 0.00000 0.00000 0.00000 0.00000 0.00000 0.00000 0.00000 0.00000 0.00000 0.00000 0.00000 0.00000 0.00000
0.37292 0.44009 0.50889 0.57290 0.63892 0.63874 0.57461 0.50665 0.43608 0.36984 0.30340 0.23568 0.16821 0.10118 0.03369 0.00000 0.00000 0.00000 0.00000 0.00000 0.00000 0.00000 0.00000 0.00000 0.00000 0.00000 0.00000 0.00000 0.00000 0.00000 0.00000 0.00000 0.00000 0.00000 0.00000 0.00000 0.00000 0.00000 0.00000 0.00000 0.00000 0.00000 0.00000 0.00000 0.00000 0.00000 0.00000 0.00000 0.00000 0.00000 0.00000 0.00000 0.00000 0.00000 0.00000 0.00000 0.00000 0.00000 0.00000 0.00000
0.33309 0.39339 0.45423 0.51242 0.57102 0.57291 0.51133 0.45179 0.39236 0.33140 0.27032 0.21082 0.15129 0.09045 0.03007 0.00000 0.00000 0.00000 0.00000 0.00000 0.00000 0.00000 0.00000 0.00000 0.00000 0.00000 0.00000 0.00000 0.00000 0.00000 0.00000 0.00000 0.00000 0.00000 0.00000 0.00000 0.00000 0.00000 0.00000 0.00000 0.00000 0.00000 0.00000 0.00000 0.00000 0.00000 0.00000 0.00000 0.00000 0.00000 0.00000 0.00000 0.00000 0.00000 0.00000 0.00000 0.00000 0.00000 0.00000 0.00000
0.29494 0.34585 0.39912 0.45289 0.50773 0.50537 0.45009 0.39784 0.34608 0.29219 0.23870 0.18628 0.13287 0.07958 0.02662 0.00000 0.00000 0.00000 0.00000 0.00000 0.00000 0.00000 0.00000 0.00000 0.00000 0.00000 0.00000 0.00000 0.00000 0.00000 0.00000 0.00000 0.00000 0.00000 0.00000 0.00000 0.00000 0.00000 0.00000 0.00000 0.00000 0.00000 0.00000 0.00000 0.00000 0.00000 0.00000 0.00000 0.00000 0.00000 0.00000 0.00000 0.00000 0.00000 0.00000 0.00000 0.00000 0.00000 0.00000 0.00000
0.25520 0.30051 0.34629 0.39212 0.43801 0.43789 0.39194 0.34533 0.29823 0.25355 0.20809 0.16114 0.11486 0.06912 0.02311 0.00000 0.00000 0.00000 0.00000 0.00000 0.00000 0.00000 0.00000 0.00000 0.00000 0.00000 0.00000 0.00000 0.00000 0.00000 0.00000 0.00000 0.00000 0.00000 0.00000 0.00000 0.00000 0.00000 0.00000 0.00000 0.00000 0.00000 0.00000 0.00000 0.00000 0.00000 0.00000 0.00000 0.00000 0.00000 0.00000 0.00000 0.00000 0.00000 0.00000 0.00000 0.00000 0.00000 0.00000 0.00000
0.21536 0.25488 0.29429 0.33081 0.36929 0.37045 0.33213 0.29197 0.25250 0.21470 0.17536 0.13599 0.09752 0.05861 0.01947 0.00000 0.00000 0.00000 0.00000 0.00000 0.00000 0.00000 0.00000 0.00000 0.00000 0.00000 0.00000 0.00000 0.00000 0.00000 0.00000 0.00000 0.00000 0.00000 0.00000 0.00000 0.00000 0.00000 0.00000 0.00000 0.00000 0.00000 0.00000 0.00000 0.00000 0.00000 0.00000 0.00000 0.00000 0.00000 0.00000 0.00000 0.00000 0.00000 0.00000 0.00000 0.00000 0.00000 0.00000 0.00000
0.17644 0.20791 0.23984 0.27167 0.30373 0.30278 0.27042 0.23959 0.20767 0.17516 0.14306 0.11182 0.07988 0.04775 0.01592 0.00000 0.00000 0.00000 0.00000 0.00000 0.00000 0.00000 0.00000 0.00000 0.00000 0.00000 0.00000 0.00000 0.00000 0.00000 0.00000 0.00000 0.00000 0.00000 0.00000 0.00000 0.00000 0.00000 0.00000 0.00000 0.00000 0.00000 0.00000 0.00000 0.00000 0.00000 0.00000 0.00000 0.00000 0.00000 0.00000 0.00000 0.00000 0.00000 0.00000 0.00000 0.00000 0.00000 0.00000 0.00000
0.13732 0.16137 0.18611 0.21157 0.23663 0.23539 0.21005 0.18635 0.16125 0.13594 0.11159 0.08703 0.06192 0.03706 0.01243 0.00000 0.00000 0.00000 0.00000 0.00000 0.00000 0.00000 0.00000 0.00000 0.00000 0.00000 0.00000 0.00000 0.00000 0.00000 0.00000 0.00000 0.00000 0.00000 0.00000 0.00000 0.00000 0.00000 0.00000 0.00000 0.00000 0.00000 0.00000 0.00000 0.00000 0.00000 0.00000 0.00000 0.00000 0.00000 0.00000 0.00000 0.00000 0.00000 0.00000 0.00000 0.00000 0.00000 0.00000 0.00000
0.09798 0.11570 0.13359 0.15054 0.16819 0.16881 0.15103 0.13271 0.11484 0.09772 0.07979 0.06182 0.04422 0.02663 0.00887 0.00000 0.00000 0.00000 0.00000 0.00000 0.00000 0.00000 0.00000 0.00000 0.00000 0.00000 0.00000 0.00000 0.00000 0.00000 0.00000 0.00000 0.00000 0.00000 0.00000 0.00000 0.00000 0.00000 0.00000 0.00000 0.00000 0.00000 0.00000 0.00000 0.00000 0.00000 0.00000 0.00000 0.00000 0.00000 0.00000 0.00000 0.00000 0.00000 0.00000 0.00000 0.00000 0.00000 0.00000 0.00000
0.05883 0.06947 0.08020 0.09044 0.10080 0.10121 0.09047 0.07951 0.06908 0.05862 0.04778 0.03706 0.02661 0.01600 0.00530 0.00000 0.00000 0.00000 0.00000 0.00000 0.00000 0.00000 0.00000 0.00000 0.00000 0.00000 0.00000 0.00000 0.00000 0.00000 0.00000 0.00000 0.00000 0.00000 0.00000 0.00000 0.00000 0.00000 0.00000 0.00000 0.00000 0.00000 0.00000 0.00000 0.00000 0.00000 0.00000 0.00000 0.00000 0.00000 0.00000 0.00000 0.00000 0.00000 0.00000 0.00000 0.00000 0.00000 0.00000 0.00000
0.01961 0.02307 0.02658 0.03025 0.03383 0.03364 0.03005 0.02668 0.02307 0.01942 0.01592 0.01242 0.00886 0.00529 0.00177 0.00000 0.00000 0.00000 0.00000 0.00000 0.00000 0.00000 0.00000 0.00000 0.00000 0.00000 0.00000 0.00000 0.00000 0.00000 0.00000 0.00000 0.00000 0.00000 0.00000 0.00000 0.00000 0.00000 0.00000 0.00000 0.00000 0.00000 0.00000 0.00000 0.00000 0.00000 0.00000 0.00000 0.00000 0.00000 0.00000 0.00000 0.00000 0.00000 0.00000 0.00000 0.00000 0.00000 0.00000 0.00000
0.01970 0.02314 0.02667 0.03021 0.03377 0.03365 0.03011 0.02665 0.02301 0.01941 0.01597 0.01243 0.00883 0.00529 0.00178 0.00000 0.00000 0.00000 0.00000 0.00000 0.00000 0.00000 0.00000 0.00000 0.00000 0.00000 0.00000 0.00000 0.00000 0.00000 0.00000 0.00000 0.00000 0.00000 0.00000 0.00000 0.00000 0.00000 0.00000 0.00000 0.00000 0.00000 0.00000 0.00000 0.00000 0.00000 0.00000 0.00000 0.00000 0.00000 0.00000 0.00000 0.00000 0.00000 0.00000 0.00000 0.00000 0.00000 0.00000 0.00000
0.05878 0.06946 0.08023 0.09044 0.10088 0.10143 0.09065 0.07947 0.06896 0.05858 0.04787 0.03704 0.02654 0.01595 0.00531 0.00000 0.00000 0.00000 0.00000 0.00000 0.00000 0.00000 0.00000 0.00000 0.00000 0.00000 0.00000 0.00000 0.00000 0.00000 0.00000 0.00000 0.00000 0.00000 0.00000 0.00000 0.00000 0.00000 0.00000 0.00000 0.00000 0.00000 0.00000 0.00000 0.00000 0.00000 0.00000 0.00000 0.00000 0.00000 0.00000 0.00000 0.00000 0.00000 0.00000 0.00000 0.00000 0.00000 0.00000 0.00000
0.09856 0.11587 0.13398 0.15088 0.16867 0.16890 0.15089 0.13265 0.11527 0.09775 0.07939 0.06175 0.04437 0.02661 0.00882 0.00000 0.00000 0.00000 0.00000 0.00000 0.00000 0.00000 0.00000 0.00000 0.00000 0.00000 0.00000 0.00000 0.00000 0.00000 0.00000 0.00000 0.00000 0.00000 0.00000 0.00000 0.00000 0.00000 0.00000 0.00000 0.00000 0.00000 0.00000 0.00000 0.00000 0.00000 0.00000 0.00000 0.00000 0.00000 0.00000 0.00000 0.00000 0.00000 0.00000 0.00000 0.00000 0.00000 0.00000 0.00000
0.13780 0.16204 0.18716 0.21158 0.23701 0.23566 0.21076 0.18660 0.16139 0.13631 0.11127 0.08685 0.06205 0.03713 0.01237 0.00000 0.00000 0.00000 0.00000 0.00000 0.00000 0.00000 0.00000 0.00000 0.00000 0.00000 0.00000 0.00000 0.00000 0.00000 0.00000 0.00000 0.00000 0.00000 0.00000 0.00000 0.00000 0.00000 0.00000 0.00000 0.00000 0.00000 0.00000 0.00000 0.00000 0.00000 0.00000 0.00000 0.00000 0.00000 0.00000 0.00000 0.00000 0.00000 0.00000 0.00000 0.00000 0.00000 0.00000 0.00000
0.17805 0.20842 0.24167 0.27231 0.30554 0.30302 0.27139 0.24067 0.20712 0.17580 0.14340 0.11214 0.07927 0.04773 0.01594 0.00000 0.00000 0.00000 0.00000 0.00000 0.00000 0.00000 0.00000 0.00000 0.00000 0.00000 0.00000 0.00000 0.00000 0.00000 0.00000 0.00000 0.00000 0.00000 0.00000 0.00000 0.00000 0.00000 0.00000 0.00000 0.00000 0.00000 0.00000 0.00000 0.00000 0.00000 0.00000 0.00000 0.00000 0.00000 0.00000 0.00000 0.00000 0.00000 0.00000 0.00000 0.00000 0.00000 0.00000 0.00000
