0.22981 0.27153 0.31280 0.35402 0.39576 0.39588 0.35315 0.31095 0.26989 0.22858 0.18582 0.14492 0.10350 0.06228 0.02059 0.00000 0.00000 0.00000 0.00000 0.00000 0.00000 0.00000 0.00000 0.00000 0.00000 0.00000 0.00000 0.00000 0.00000 0.00000 0.00000 0.00000 0.00000 0.00000 0.00000 0.02052 0.06157 0.10248 0.14335 0.18448 0.22658 0.26609 0.30714 0.34784 0.38932 0.42624 0.45744 0.49228 0.52657 0.55940 0.59159 0.62698 0.66135 0.69657 0.72596 0.73100 0.69538 0.66570 0.62852 0.59943
0.27129 0.32003 0.36895 0.41762 0.46679 0.46667 0.41693 0.36745 0.31847 0.26957 0.21985 0.17112 0.12202 0.07338 0.02436 0.00000 0.00000 0.00000 0.00000 0.00000 0.00000 0.00000 0.00000 0.00000 0.00000 0.00000 0.00000 0.00000 0.00000 0.00000 0.00000 0.00000 0.00000 0.00000 0.00000 0.02422 0.07281 0.12123 0.16935 0.21723 0.26750 0.31548 0.36301 0.41018 0.45992 0.49795 0.52126 0.54699 0.57444 0.60111 0.62457 0.65236 0.67879 0.70673 0.72912 0.73295 0.70678 0.68359 0.65475 0.63217
0.31221 0.36851 0.42535 0.48199 0.53810 0.53706 0.48105 0.42450 0.36676 0.31019 0.25412 0.19775 0.14051 0.08443 0.02817 0.00000 0.00000 0.00000 0.00000 0.00000 0.00000 0.00000 0.00000 0.00000 0.00000 0.00000 0.00000 0.00000 0.00000 0.00000 0.00000 0.00000 0.00000 0.00000 0.00000 0.02794 0.08389 0.13981 0.19560 0.25077 0.30735 0.36358 0.41915 0.47359 0.52926 0.56763 0.58565 0.60320 0.62092 0.64152 0.65951 0.67851 0.69643 0.71719 0.73332 0.73701 0.71697 0.70131 0.68045 0.66464
0.35254 0.41654 0.48114 0.54527 0.60828 0.60745 0.54475 0.48094 0.41494 0.35122 0.28798 0.22415 0.15887 0.09550 0.03191 0.00000 0.00000 0.00000 0.00000 0.00000 0.00000 0.00000 0.00000 0.00000 0.00000 0.00000 0.00000 0.00000 0.00000 0.00000 0.00000 0.00000 0.00000 0.00000 0.00000 0.03167 0.09468 0.15803 0.22224 0.28488 0.34738 0.41030 0.47562 0.53789 0.59921 0.63649 0.64979 0.65960 0.66833 0.68077 0.69358 0.70435 0.71238 0.72654 0.74015 0.74067 0.72591 0.71707 0.70760 0.69911
0.39231 0.46414 0.53571 0.60695 0.67862 0.67922 0.60767 0.53542 0.46430 0.39286 0.32111 0.24958 0.17829 0.10704 0.03563 0.00000 0.00000 0.00000 0.00000 0.00000 0.00000 0.00000 0.00000 0.00000 0.00000 0.00000 0.00000 0.00000 0.00000 0.00000 0.00000 0.00000 0.00000 0.00000 0.00000 0.03539 0.10591 0.17664 0.24784 0.31835 0.38862 0.45867 0.53021 0.60105 0.67071 0.70711 0.71137 0.71568 0.71792 0.72215 0.72602 0.73029 0.73163 0.73807 0.74286 0.74280 0.73663 0.73554 0.73285 0.73165
0.39340 0.46436 0.53487 0.60610 0.67877 0.67923 0.60569 0.53417 0.46504 0.39327 0.32004 0.24888 0.17879 0.10717 0.03544 0.00000 0.00000 0.00000 0.00000 0.00000 0.00000 0.00000 0.00000 0.00000 0.00000 0.00000 0.00000 0.00000 0.00000 0.00000 0.00000 0.00000 0.00000 0.00000 0.00000 0.03537 0.10640 0.17677 0.24678 0.31774 0.38968 0.45933 0.52844 0.59968 0.67239 0.70754 0.70892 0.71450 0.71985 0.72185 0.72344 0.72959 0.73552 0.73783 0.73888 0.74077 0.74030 0.73723 0.73123 0.72822
0.34889 0.41312 0.47693 0.54193 0.60584 0.60508 0.54182 0.47871 0.41528 0.35082 0.28680 0.22332 0.15964 0.09555 0.03182 0.00000 0.00000 0.00000 0.00000 0.00000 0.00000 0.00000 0.00000 0.00000 0.00000 0.00000 0.00000 0.00000 0.00000 0.00000 0.00000 0.00000 0.00000 0.00000 0.00000 0.03164 0.09516 0.15811 0.22093 0.28438 0.34830 0.41095 0.47337 0.53662 0.60073 0.63736 0.64712 0.65892 0.67071 0.68132 0.69061 0.70373 0.71584 0.72585 0.73525 0.73782 0.72867 0.71691 0.70401 0.69379
0.30871 0.36530 0.42219 0.47826 0.53296 0.53343 0.47875 0.42273 0.36479 0.30866 0.25419 0.19757 0.14020 0.08405 0.02823 0.00000 0.00000 0.00000 0.00000 0.00000 0.00000 0.00000 0.00000 0.00000 0.00000 0.00000 0.00000 0.00000 0.00000 0.00000 0.00000 0.00000 0.00000 0.00000 0.00000 0.02792 0.08350 0.13948 0.19587 0.25108 0.30593 0.36224 0.41922 0.47372 0.52752 0.56641 0.58652 0.60289 0.61899 0.64071 0.66073 0.67698 0.69278 0.71464 0.73500 0.73451 0.71325 0.69602 0.67941 0.66288
0.26612 0.31533 0.36370 0.41223 0.46146 0.46271 0.41455 0.36529 0.31641 0.26816 0.21990 0.17063 0.12164 0.07313 0.02441 0.00000 0.00000 0.00000 0.00000 0.00000 0.00000 0.00000 0.00000 0.00000 0.00000 0.00000 0.00000 0.00000 0.00000 0.00000 0.00000 0.00000 0.00000 0.00000 0.00000 0.02418 0.07236 0.12099 0.16987 0.21742 0.26522 0.31417 0.36306 0.41051 0.45791 0.49592 0.52266 0.54747 0.57218 0.59981 0.62662 0.65087 0.67539 0.70403 0.73137 0.72928 0.70213 0.67792 0.65349 0.62713
0.22623 0.26688 0.30725 0.34950 0.39131 0.39171 0.34953 0.30863 0.26852 0.22739 0.18513 0.14395 0.10355 0.06204 0.02055 0.00000 0.00000 0.00000 0.00000 0.00000 0.00000 0.00000 0.00000 0.00000 0.00000 0.00000 0.00000 0.00000 0.00000 0.00000 0.00000 0.00000 0.00000 0.00000 0.00000 0.02045 0.06162 0.10242 0.14286 0.18398 0.22555 0.26591 0.30574 0.34738 0.38932 0.42505 0.45692 0.49248 0.52696 0.55789 0.58930 0.62609 0.66040 0.69198 0.72356 0.72572 0.69449 0.66095 0.62593 0.59213
0.18325 0.21726 0.25120 0.28558 0.31962 0.31960 0.28592 0.25278 0.21973 0.18564 0.15156 0.11808 0.08453 0.05060 0.01684 0.00000 0.00000 0.00000 0.00000 0.00000 0.00000 0.00000 0.00000 0.00000 0.00000 0.00000 0.00000 0.00000 0.00000 0.00000 0.00000 0.00000 0.00000 0.00000 0.00000 0.01677 0.05047 0.08362 0.11689 0.15077 0.18456 0.21728 0.25035 0.28445 0.31830 0.35451 0.39471 0.43658 0.47805 0.51733 0.55730 0.60009 0.64173 0.68034 0.72017 0.72349 0.68400 0.64021 0.59875 0.55845
0.14325 0.16997 0.19624 0.22225 0.24809 0.24858 0.22275 0.19688 0.17021 0.14405 0.11837 0.09206 0.06549 0.03929 0.01317 0.00000 0.00000 0.00000 0.00000 0.00000 0.00000 0.00000 0.00000 0.00000 0.00000 0.00000 0.00000 0.00000 0.00000 0.00000 0.00000 0.00000 0.00000 0.00000 0.00000 0.01306 0.03897 0.06504 0.09141 0.11732 0.14291 0.16906 0.19569 0.22118 0.24652 0.28440 0.33346 0.38017 0.42749 0.47796 0.52710 0.57257 0.61971 0.67081 0.72027 0.71882 0.66916 0.62221 0.57526 0.52761
0.10175 0.12067 0.13951 0.15839 0.17706 0.17740 0.15926 0.14047 0.12153 0.10295 0.08455 0.06563 0.04680 0.02812 0.00939 0.00000 0.00000 0.00000 0.00000 0.00000 0.00000 0.00000 0.00000 0.00000 0.00000 0.00000 0.00000 0.00000 0.00000 0.00000 0.00000 0.00000 0.00000 0.00000 0.00000 0.00930 0.02786 0.04661 0.06532 0.08359 0.10207 0.12100 0.13979 0.15781 0.17616 0.21386 0.26988 0.32474 0.38000 0.43666 0.49299 0.54690 0.60209 0.66021 0.71620 0.71365 0.65772 0.60555 0.55007 0.49267
0.06153 0.07264 0.08377 0.09522 0.10645 0.10657 0.09535 0.08420 0.07304 0.06189 0.05054 0.03932 0.02820 0.01690 0.00561 0.00000 0.00000 0.00000 0.00000 0.00000 0.00000 0.00000 0.00000 0.00000 0.00000 0.00000 0.00000 0.00000 0.00000 0.00000 0.00000 0.00000 0.00000 0.00000 0.00000 0.00558 0.01680 0.02799 0.03900 0.05017 0.06156 0.07262 0.08350 0.09479 0.10631 0.14297 0.20561 0.26988 0.33354 0.39472 0.45697 0.52286 0.58683 0.64734 0.71002 0.71286 0.64983 0.58604 0.52264 0.45991
0.02034 0.02411 0.02785 0.03164 0.03548 0.03551 0.03174 0.02803 0.02440 0.02063 0.01684 0.01311 0.00939 0.00562 0.00187 0.00000 0.00000 0.00000 0.00000 0.00000 0.00000 0.00000 0.00000 0.00000 0.00000 0.00000 0.00000 0.00000 0.00000 0.00000 0.00000 0.00000 0.00000 0.00000 0.00000 0.00187 0.00560 0.00929 0.01300 0.01678 0.02052 0.02414 0.02785 0.03165 0.03542 0.07240 0.14283 0.21384 0.28480 0.35458 0.42485 0.49629 0.56748 0.63628 0.70654 0.71031 0.63913 0.56617 0.49552 0.42623
0.00000 0.00000 0.00000 0.00000 0.00000 0.00000 0.00000 0.00000 0.00000 0.00000 0.00000 0.00000 0.00000 0.00000 0.00000 0.00188 0.00561 0.00935 0.01316 0.01689 0.02054 0.02426 0.02816 0.03189 0.03543 0.03543 0.03190 0.02810 0.02423 0.02049 0.01686 0.01310 0.00930 0.00558 0.00187 0.00000 0.00000 0.00000 0.00000 0.00000 0.00000 0.00000 0.00000 0.00000 0.00000 0.03538 0.10638 0.17618 0.24662 0.31870 0.38980 0.45779 0.52861 0.60173 0.67256 0.67066 0.60142 0.53208 0.46075 0.39009
0.00000 0.00000 0.00000 0.00000 0.00000 0.00000 0.00000 0.00000 0.00000 0.00000 0.00000 0.00000 0.00000 0.00000 0.00000 0.00561 0.01685 0.02816 0.03942 0.05047 0.06166 0.07314 0.08446 0.09525 0.10637 0.10679 0.09562 0.08392 0.07268 0.06176 0.05054 0.03910 0.02792 0.01683 0.00561 0.00000 0.00000 0.00000 0.00000 0.00000 0.00000 0.00000 0.00000 0.00000 0.00000 0.03165 0.09504 0.15793 0.22103 0.28447 0.34812 0.41081 0.47368 0.53762 0.60122 0.60026 0.53713 0.47663 0.41262 0.34838
0.00000 0.00000 0.00000 0.00000 0.00000 0.00000 0.00000 0.00000 0.00000 0.00000 0.00000 0.00000 0.00000 0.00000 0.00000 0.00937 0.02820 0.04689 0.06539 0.08416 0.10334 0.12197 0.14000 0.15868 0.17831 0.17818 0.15853 0.13985 0.12184 0.10303 0.08383 0.06518 0.04677 0.02807 0.00931 0.00000 0.00000 0.00000 0.00000 0.00000 0.00000 0.00000 0.00000 0.00000 0.00000 0.02787 0.08354 0.13998 0.19597 0.25028 0.30626 0.36389 0.41948 0.47328 0.53045 0.53203 0.47522 0.41934 0.36444 0.30966
0.00000 0.00000 0.00000 0.00000 0.00000 0.00000 0.00000 0.00000 0.00000 0.00000 0.00000 0.00000 0.00000 0.00000 0.00000 0.01314 0.03942 0.06546 0.09167 0.11831 0.14457 0.16997 0.19616 0.22329 0.24960 0.24818 0.22202 0.19683 0.17054 0.14348 0.11738 0.09174 0.06550 0.03909 0.01303 0.00000 0.00000 0.00000 0.00000 0.00000 0.00000 0.00000 0.00000 0.00000 0.00000 0.02415 0.07247 0.12108 0.16950 0.21762 0.26606 0.31449 0.36313 0.41142 0.45976 0.46046 0.41210 0.36343 0.31501 0.26718
0.00000 0.00000 0.00000 0.00000 0.00000 0.00000 0.00000 0.00000 0.00000 0.00000 0.00000 0.00000 0.00000 0.00000 0.00000 0.01687 0.05050 0.08435 0.11843 0.15196 0.18495 0.21878 0.25352 0.28711 0.31936 0.31921 0.28696 0.25315 0.21828 0.18458 0.15167 0.11800 0.08387 0.05028 0.01683 0.00000 0.00000 0.00000 0.00000 0.00000 0.00000 0.00000 0.00000 0.00000 0.00000 0.02054 0.06162 0.10209 0.14316 0.18492 0.22581 0.26507 0.30698 0.34923 0.38948 0.38873 0.34901 0.30921 0.26764 0.22701
0.00000 0.00000 0.00000 0.00000 0.00000 0.00000 0.00000 0.00000 0.00000 0.00000 0.00000 0.00000 0.00000 0.00000 0.00000 0.02059 0.06182 0.10331 0.14450 0.18503 0.22639 0.26855 0.30968 0.34931 0.39054 0.39212 0.35071 0.30782 0.26684 0.22678 0.18542 0.14349 0.10248 0.06180 0.02058 0.00000 0.00000 0.00000 0.00000 0.00000 0.00000 0.00000 0.00000 0.00000 0.00000 0.01681 0.05035 0.08363 0.11732 0.15102 0.18445 0.21772 0.25152 0.28527 0.31880 0.31892 0.28549 0.25249 0.21892 0.18545
0.00000 0.00000 0.00000 0.00000 0.00000 0.00000 0.00000 0.00000 0.00000 0.00000 0.00000 0.00000 0.00000 0.00000 0.00000 0.02440 0.07332 0.12194 0.17017 0.21911 0.26866 0.31725 0.36469 0.41310 0.46339 0.46341 0.41302 0.36402 0.31665 0.26803 0.21845 0.16970 0.12159 0.07301 0.02425 0.00000 0.00000 0.00000 0.00000 0.00000 0.00000 0.00000 0.00000 0.00000 0.00000 0.01301 0.03908 0.06547 0.09144 0.11696 0.14333 0.17021 0.19579 0.22108 0.24810 0.24889 0.22227 0.19599 0.17011 0.14479
0.00000 0.00000 0.00000 0.00000 0.00000 0.00000 0.00000 0.00000 0.00000 0.00000 0.00000 0.00000 0.00000 0.00000 0.00000 0.02818 0.08438 0.14031 0.19676 0.25371 0.30958 0.36462 0.42107 0.47868 0.53456 0.53250 0.47661 0.42198 0.36550 0.30789 0.25194 0.19670 0.14043 0.08388 0.02796 0.00000 0.00000 0.00000 0.00000 0.00000 0.00000 0.00000 0.00000 0.00000 0.00000 0.00928 0.02793 0.04670 0.06527 0.08362 0.10255 0.12137 0.13990 0.15818 0.17724 0.17776 0.15888 0.14032 0.12163 0.10321
0.00000 0.00000 0.00000 0.00000 0.00000 0.00000 0.00000 0.00000 0.00000 0.00000 0.00000 0.00000 0.00000 0.00000 0.00000 0.03191 0.09548 0.15931 0.22374 0.28753 0.35006 0.41324 0.47861 0.54265 0.60453 0.60355 0.54182 0.47837 0.41325 0.34904 0.28643 0.22298 0.15884 0.09515 0.03177 0.00000 0.00000 0.00000 0.00000 0.00000 0.00000 0.00000 0.00000 0.00000 0.00000 0.00561 0.01678 0.02786 0.03914 0.05054 0.06157 0.07242 0.08393 0.09546 0.10637 0.10609 0.09516 0.08442 0.07313 0.06190
0.00000 0.00000 0.00000 0.00000 0.00000 0.00000 0.00000 0.00000 0.00000 0.00000 0.00000 0.00000 0.00000 0.00000 0.00000 0.03557 0.10704 0.17862 0.24928 0.31979 0.39182 0.46401 0.53466 0.60420 0.67563 0.67763 0.60573 0.53244 0.46160 0.39190 0.32053 0.24821 0.17728 0.10678 0.03559 0.00000 0.00000 0.00000 0.00000 0.00000 0.00000 0.00000 0.00000 0.00000 0.00000 0.00187 0.00560 0.00929 0.01305 0.01683 0.02054 0.02414 0.02798 0.03179 0.03551 0.03544 0.03176 0.02817 0.02441 0.02070
0.00000 0.00000 0.00000 0.00000 0.00000 0.00000 0.00000 0.00000 0.00000 0.00000 0.00000 0.00000 0.00000 0.00000 0.00000 0.03560 0.10721 0.17869 0.24920 0.31975 0.39259 0.46432 0.53416 0.60330 0.67710 0.67794 0.60487 0.53244 0.46274 0.39213 0.31999 0.24831 0.17770 0.10677 0.03556 0.00000 0.00000 0.00000 0.00000 0.00000 0.00000 0.00000 0.00000 0.00000 0.00000 0.00000 0.00000 0.00000 0.00000 0.00000 0.00000 0.00000 0.00000 0.00000 0.00000 0.00000 0.00000 0.00000 0.00000 0.00000
0.00000 0.00000 0.00000 0.00000 0.00000 0.00000 0.00000 0.00000 0.00000 0.00000 0.00000 0.00000 0.00000 0.00000 0.00000 0.03198 0.09560 0.15913 0.22364 0.28784 0.35066 0.41380 0.47811 0.54278 0.60600 0.60431 0.54094 0.47860 0.41456 0.34943 0.28586 0.22313 0.15940 0.09521 0.03171 0.00000 0.00000 0.00000 0.00000 0.00000 0.00000 0.00000 0.00000 0.00000 0.00000 0.00000 0.00000 0.00000 0.00000 0.00000 0.00000 0.00000 0.00000 0.00000 0.00000 0.00000 0.00000 0.00000 0.00000 0.00000
0.00000 0.00000 0.00000 0.00000 0.00000 0.00000 0.00000 0.00000 0.00000 0.00000 0.00000 0.00000 0.00000 0.00000 0.00000 0.02824 0.08439 0.14036 0.19733 0.25407 0.30964 0.36463 0.42209 0.47922 0.53458 0.53279 0.47792 0.42258 0.36543 0.30834 0.25274 0.19695 0.14051 0.08407 0.02802 0.00000 0.00000 0.00000 0.00000 0.00000 0.00000 0.00000 0.00000 0.00000 0.00000 0.00000 0.00000 0.00000 0.00000 0.00000 0.00000 0.00000 0.00000 0.00000 0.00000 0.00000 0.00000 0.00000 0.00000 0.00000
0.00000 0.00000 0.00000 0.00000 0.00000 0.00000 0.00000 0.00000 0.00000 0.00000 0.00000 0.00000 0.00000 0.00000 0.00000 0.02437 0.07334 0.12234 0.17070 0.21936 0.26860 0.31757 0.36589 0.41422 0.46310 0.46372 0.41478 0.36496 0.31624 0.26834 0.21962 0.17013 0.12140 0.07314 0.02441 0.00000 0.00000 0.00000 0.00000 0.00000 0.00000 0.00000 0.00000 0.00000 0.00000 0.00000 0.00000 0.00000 0.00000 0.00000 0.00000 0.00000 0.00000 0.00000 0.00000 0.00000 0.00000 0.00000 0.00000 0.00000
0.00000 0.00000 0.00000 0.00000 0.00000 0.00000 0.00000 0.00000 0.00000 0.00000 0.00000 0.00000 0.00000 0.00000 0.00000 0.02060 0.06207 0.10356 0.14461 0.18531 0.22704 0.26895 0.30997 0.35013 0.39179 0.39283 0.35099 0.30863 0.26795 0.22726 0.18566 0.14400 0.10288 0.06187 0.02065 0.00000 0.00000 0.00000 0.00000 0.00000 0.00000 0.00000 0.00000 0.00000 0.00000 0.00000 0.00000 0.00000 0.00000 0.00000 0.00000 0.00000 0.00000 0.00000 0.00000 0.00000 0.00000 0.00000 0.00000 0.00000
0.00000 0.00000 0.00000 0.00000 0.00000 0.00000 0.00000 0.00000 0.00000 0.00000 0.00000 0.00000 0.00000 0.00000 0.00000 0.01694 0.05071 0.08451 0.11843 0.15214 0.18584 0.21973 0.25345 0.28705 0.32103 0.32071 0.28674 0.25345 0.21978 0.18534 0.15146 0.11824 0.08459 0.05051 0.01680 0.00000 0.00000 0.00000 0.00000 0.00000 0.00000 0.00000 0.00000 0.00000 0.00000 0.00000 0.00000 0.00000 0.00000 0.00000 0.00000 0.00000 0.00000 0.00000 0.00000 0.00000 0.00000 0.00000 0.00000 0.00000
0.00000 0.00000 0.00000 0.00000 0.00000 0.00000 0.00000 0.00000 0.00000 0.00000 0.00000 0.00000 0.00000 0.00000 0.00000 0.01319 0.03941 0.06557 0.09209 0.11864 0.14474 0.17057 0.19694 0.22381 0.24997 0.24906 0.22321 0.19743 0.17082 0.14411 0.11804 0.09200 0.06571 0.03934 0.01308 0.00000 0.00000 0.00000 0.00000 0.00000 0.00000 0.00000 0.00000 0.00000 0.00000 0.00000 0.00000 0.00000 0.00000 0.00000 0.00000 0.00000 0.00000 0.00000 0.00000 0.00000 0.00000 0.00000 0.00000 0.00000
0.00000 0.00000 0.00000 0.00000 0.00000 0.00000 0.00000 0.00000 0.00000 0.00000 0.00000 0.00000 0.00000 0.00000 0.00000 0.00940 0.02820 0.04693 0.06575 0.08471 0.10337 0.12176 0.14085 0.15981 0.17831 0.17822 0.15974 0.14063 0.12168 0.10333 0.08467 0.06553 0.04670 0.02815 0.00940 0.00000 0.00000 0.00000 0.00000 0.00000 0.00000 0.00000 0.00000 0.00000 0.00000 0.00000 0.00000 0.00000 0.00000 0.00000 0.00000 0.00000 0.00000 0.00000 0.00000 0.00000 0.00000 0.00000 0.00000 0.00000
0.00000 0.00000 0.00000 0.00000 0.00000 0.00000 0.00000 0.00000 0.00000 0.00000 0.00000 0.00000 0.00000 0.00000 0.00000 0.00562 0.01697 0.02829 0.03943 0.05063 0.06201 0.07341 0.08458 0.09564 0.10707 0.10727 0.09577 0.08427 0.07322 0.06205 0.05068 0.03937 0.02810 0.01686 0.00564 0.00000 0.00000 0.00000 0.00000 0.00000 0.00000 0.00000 0.00000 0.00000 0.00000 0.00000 0.00000 0.00000 0.00000 0.00000 0.00000 0.00000 0.00000 0.00000 0.00000 0.00000 0.00000 0.00000 0.00000 0.00000
0.00000 0.00000 0.00000 0.00000 0.00000 0.00000 0.00000 0.00000 0.00000 0.00000 0.00000 0.00000 0.00000 0.00000 0.00000 0.00188 0.00564 0.00943 0.01317 0.01686 0.02066 0.02450 0.02819 0.03186 0.03570 0.03573 0.03187 0.02820 0.02448 0.02060 0.01682 0.01316 0.00941 0.00562 0.00187 0.00000 0.00000 0.00000 0.00000 0.00000 0.00000 0.00000 0.00000 0.00000 0.00000 0.00000 0.00000 0.00000 0.00000 0.00000 0.00000 0.00000 0.00000 0.00000 0.00000 0.00000 0.00000 0.00000 0.00000 0.00000
0.00000 0.00000 0.00000 0.00000 0.00000 0.00000 0.00000 0.00000 0.00000 0.00000 0.00000 0.00000 0.00000 0.00000 0.00000 0.00000 0.00000 0.00000 0.00000 0.00000 0.00000 0.00000 0.00000 0.00000 0.00000 0.00000 0.00000 0.00000 0.00000 0.00000 0.00000 0.00000 0.00000 0.00000 0.00000 0.00000 0.00000 0.00000 0.00000 0.00000 0.00000 0.00000 0.00000 0.00000 0.00000 0.00000 0.00000 0.00000 0.00000 0.00000 0.00000 0.00000 0.00000 0.00000 0.00000 0.00000 0.00000 0.00000 0.00000 0.00000
0.00000 0.00000 0.00000 0.00000 0.00000 0.00000 0.00000 0.00000 0.00000 0.00000 0.00000 0.00000 0.00000 0.00000 0.00000 0.00000 0.00000 0.00000 0.00000 0.00000 0.00000 0.00000 0.00000 0.00000 0.00000 0.00000 0.00000 0.00000 0.00000 0.00000 0.00000 0.00000 0.00000 0.00000 0.00000 0.00000 0.00000 0.00000 0.00000 0.00000 0.00000 0.00000 0.00000 0.00000 0.00000 0.00000 0.00000 0.00000 0.00000 0.00000 0.00000 0.00000 0.00000 0.00000 0.00000 0.00000 0.00000 0.00000 0.00000 0.00000
0.00000 0.00000 0.00000 0.00000 0.00000 0.00000 0.00000 0.00000 0.00000 0.00000 0.00000 0.00000 0.00000 0.00000 0.00000 0.00000 0.00000 0.00000 0.00000 0.00000 0.00000 0.00000 0.00000 0.00000 0.00000 0.00000 0.00000 0.00000 0.00000 0.00000 0.00000 0.00000 0.00000 0.00000 0.00000 0.00000 0.00000 0.00000 0.00000 0.00000 0.00000 0.00000 0.00000 0.00000 0.00000 0.00000 0.00000 0.00000 0.00000 0.00000 0.00000 0.00000 0.00000 0.00000 0.00000 0.00000 0.00000 0.00000 0.00000 0.00000
0.00000 0.00000 0.00000 0.00000 0.00000 0.00000 0.00000 0.00000 0.00000 0.00000 0.00000 0.00000 0.00000 0.00000 0.00000 0.00000 0.00000 0.00000 0.00000 0.00000 0.00000 0.00000 0.00000 0.00000 0.00000 0.00000 0.00000 0.00000 0.00000 0.00000 0.00000 0.00000 0.00000 0.00000 0.00000 0.00000 0.00000 0.00000 0.00000 0.00000 0.00000 0.00000 0.00000 0.00000 0.00000 0.00000 0.00000 0.00000 0.00000 0.00000 0.00000 0.00000 0.00000 0.00000 0.00000 0.00000 0.00000 0.00000 0.00000 0.00000
0.00000 0.00000 0.00000 0.00000 0.00000 0.00000 0.00000 0.00000 0.00000 0.00000 0.00000 0.00000 0.00000 0.00000 0.00000 0.00000 0.00000 0.00000 0.00000 0.00000 0.00000 0.00000 0.00000 0.00000 0.00000 0.00000 0.00000 0.00000 0.00000 0.00000 0.00000 0.00000 0.00000 0.00000 0.00000 0.00000 0.00000 0.00000 0.00000 0.00000 0.00000 0.00000 0.00000 0.00000 0.00000 0.00000 0.00000 0.00000 0.00000 0.00000 0.00000 0.00000 0.00000 0.00000 0.00000 0.00000 0.00000 0.00000 0.00000 0.00000
0.00000 0.00000 0.00000 0.00000 0.00000 0.00000 0.00000 0.00000 0.00000 0.00000 0.00000 0.00000 0.00000 0.00000 0.00000 0.00000 0.00000 0.00000 0.00000 0.00000 0.00000 0.00000 0.00000 0.00000 0.00000 0.00000 0.00000 0.00000 0.00000 0.00000 0.00000 0.00000 0.00000 0.00000 0.00000 0.00000 0.00000 0.00000 0.00000 0.00000 0.00000 0.00000 0.00000 0.00000 0.00000 0.00000 0.00000 0.00000 0.00000 0.00000 0.00000 0.00000 0.00000 0.00000 0.00000 0.00000 0.00000 0.00000 0.00000 0.00000
0.00000 0.00000 0.00000 0.00000 0.00000 0.00000 0.00000 0.00000 0.00000 0.00000 0.00000 0.00000 0.00000 0.00000 0.00000 0.00000 0.00000 0.00000 0.00000 0.00000 0.00000 0.00000 0.00000 0.00000 0.00000 0.00000 0.00000 0.00000 0.00000 0.00000 0.00000 0.00000 0.00000 0.00000 0.00000 0.00000 0.00000 0.00000 0.00000 0.00000 0.00000 0.00000 0.00000 0.00000 0.00000 0.00000 0.00000 0.00000 0.00000 0.00000 0.00000 0.00000 0.00000 0.00000 0.00000 0.00000 0.00000 0.00000 0.00000 0.00000
0.00000 0.00000 0.00000 0.00000 0.00000 0.00000 0.00000 0.00000 0.00000 0.00000 0.00000 0.00000 0.00000 0.00000 0.00000 0.00000 0.00000 0.00000 0.00000 0.00000 0.00000 0.00000 0.00000 0.00000 0.00000 0.00000 0.00000 0.00000 0.00000 0.00000 0.00000 0.00000 0.00000 0.00000 0.00000 0.00000 0.00000 0.00000 0.00000 0.00000 0.00000 0.00000 0.00000 0.00000 0.00000 0.00000 0.00000 0.00000 0.00000 0.00000 0.00000 0.00000 0.00000 0.00000 0.00000 0.00000 0.00000 0.00000 0.00000 0.00000
0.00000 0.00000 0.00000 0.00000 0.00000 0.00000 0.00000 0.00000 0.00000 0.00000 0.00000 0.00000 0.00000 0.00000 0.00000 0.00000 0.00000 0.00000 0.00000 0.00000 0.00000 0.00000 0.00000 0.00000 0.00000 0.00000 0.00000 0.00000 0.00000 0.00000 0.00000 0.00000 0.00000 0.00000 0.00000 0.00000 0.00000 0.00000 0.00000 0.00000 0.00000 0.00000 0.00000 0.00000 0.00000 0.00000 0.00000 0.00000 0.00000 0.00000 0.00000 0.00000 0.00000 0.00000 0.00000 0.00000 0.00000 0.00000 0.00000 0.00000
0.00000 0.00000 0.00000 0.00000 0.00000 0.00000 0.00000 0.00000 0.00000 0.00000 0.00000 0.00000 0.00000 0.00000 0.00000 0.00000 0.00000 0.00000 0.00000 0.00000 0.00000 0.00000 0.00000 0.00000 0.00000 0.00000 0.00000 0.00000 0.00000 0.00000 0.00000 0.00000 0.00000 0.00000 0.00000 0.00000 0.00000 0.00000 0.00000 0.00000 0.00000 0.00000 0.00000 0.00000 0.00000 0.00000 0.00000 0.00000 0.00000 0.00000 0.00000 0.00000 0.00000 0.00000 0.00000 0.00000 0.00000 0.00000 0.00000 0.00000
0.00000 0.00000 0.00000 0.00000 0.00000 0.00000 0.00000 0.00000 0.00000 0.00000 0.00000 0.00000 0.00000 0.00000 0.00000 0.00000 0.00000 0.00000 0.00000 0.00000 0.00000 0.00000 0.00000 0.00000 0.00000 0.00000 0.00000 0.00000 0.00000 0.00000 0.00000 0.00000 0.00000 0.00000 0.00000 0.00000 0.00000 0.00000 0.00000 0.00000 0.00000 0.00000 0.00000 0.00000 0.00000 0.00000 0.00000 0.00000 0.00000 0.00000 0.00000 0.00000 0.00000 0.00000 0.00000 0.00000 0.00000 0.00000 0.00000 0.00000
0.00000 0.00000 0.00000 0.00000 0.00000 0.00000 0.00000 0.00000 0.00000 0.00000 0.00000 0.00000 0.00000 0.00000 0.00000 0.00000 0.00000 0.00000 0.00000 0.00000 0.00000 0.00000 0.00000 0.00000 0.00000 0.00000 0.00000 0.00000 0.00000 0.00000 0.00000 0.00000 0.00000 0.00000 0.00000 0.00000 0.00000 0.00000 0.00000 0.00000 0.00000 0.00000 0.00000 0.00000 0.00000 0.00000 0.00000 0.00000 0.00000 0.00000 0.00000 0.00000 0.00000 0.00000 0.00000 0.00000 0.00000 0.00000 0.00000 0.00000
0.00000 0.00000 0.00000 0.00000 0.00000 0.00000 0.00000 0.00000 0.00000 0.00000 0.00000 0.00000 0.00000 0.00000 0.00000 0.00000 0.00000 0.00000 0.00000 0.00000 0.00000 0.00000 0.00000 0.00000 0.00000 0.00000 0.00000 0.00000 0.00000 0.00000 0.00000 0.00000 0.00000 0.00000 0.00000 0.00000 0.00000 0.00000 0.00000 0.00000 0.00000 0.00000 0.00000 0.00000 0.00000 0.00000 0.00000 0.00000 0.00000 0.00000 0.00000 0.00000 0.00000 0.00000 0.00000 0.00000 0.00000 0.00000 0.00000 0.00000
0.00000 0.00000 0.00000 0.00000 0.00000 0.00000 0.00000 0.00000 0.00000 0.00000 0.00000 0.00000 0.00000 0.00000 0.00000 0.00000 0.00000 0.00000 0.00000 0.00000 0.00000 0.00000 0.00000 0.00000 0.00000 0.00000 0.00000 0.00000 0.00000 0.00000 0.00000 0.00000 0.00000 0.00000 0.00000 0.00000 0.00000 0.00000 0.00000 0.00000 0.00000 0.00000 0.00000 0.00000 0.00000 0.00000 0.00000 0.00000 0.00000 0.00000 0.00000 0.00000 0.00000 0.00000 0.00000 0.00000 0.00000 0.00000 0.00000 0.00000
0.00000 0.00000 0.00000 0.00000 0.00000 0.00000 0.00000 0.00000 0.00000 0.00000 0.00000 0.00000 0.00000 0.00000 0.00000 0.00000 0.00000 0.00000 0.00000 0.00000 0.00000 0.00000 0.00000 0.00000 0.00000 0.00000 0.00000 0.00000 0.00000 0.00000 0.00000 0.00000 0.00000 0.00000 0.00000 0.00000 0.00000 0.00000 0.00000 0.00000 0.00000 0.00000 0.00000 0.00000 0.00000 0.00000 0.00000 0.00000 0.00000 0.00000 0.00000 0.00000 0.00000 0.00000 0.00000 0.00000 0.00000 0.00000 0.00000 0.00000
0.00000 0.00000 0.00000 0.00000 0.00000 0.00000 0.00000 0.00000 0.00000 0.00000 0.00000 0.00000 0.00000 0.00000 0.00000 0.00000 0.00000 0.00000 0.00000 0.00000 0.00000 0.00000 0.00000 0.00000 0.00000 0.00000 0.00000 0.00000 0.00000 0.00000 0.00000 0.00000 0.00000 0.00000 0.00000 0.00000 0.00000 0.00000 0.00000 0.00000 0.00000 0.00000 0.00000 0.00000 0.00000 0.00000 0.00000 0.00000 0.00000 0.00000 0.00000 0.00000 0.00000 0.00000 0.00000 0.00000 0.00000 0.00000 0.00000 0.00000
0.00000 0.00000 0.00000 0.00000 0.00000 0.00000 0.00000 0.00000 0.00000 0.00000 0.00000 0.00000 0.00000 0.00000 0.00000 0.00000 0.00000 0.00000 0.00000 0.00000 0.00000 0.00000 0.00000 0.00000 0.00000 0.00000 0.00000 0.00000 0.00000 0.00000 0.00000 0.00000 0.00000 0.00000 0.00000 0.00000 0.00000 0.00000 0.00000 0.00000 0.00000 0.00000 0.00000 0.00000 0.00000 0.00000 0.00000 0.00000 0.00000 0.00000 0.00000 0.00000 0.00000 0.00000 0.00000 0.00000 0.00000 0.00000 0.00000 0.00000
0.00000 0.00000 0.00000 0.00000 0.00000 0.00000 0.00000 0.00000 0.00000 0.00000 0.00000 0.00000 0.00000 0.00000 0.00000 0.00000 0.00000 0.00000 0.00000 0.00000 0.00000 0.00000 0.00000 0.00000 0.00000 0.00000 0.00000 0.00000 0.00000 0.00000 0.00000 0.00000 0.00000 0.00000 0.00000 0.00000 0.00000 0.00000 0.00000 0.00000 0.00000 0.00000 0.00000 0.00000 0.00000 0.00000 0.00000 0.00000 0.00000 0.00000 0.00000 0.00000 0.00000 0.00000 0.00000 0.00000 0.00000 0.00000 0.00000 0.00000
0.00000 0.00000 0.00000 0.00000 0.00000 0.00000 0.00000 0.00000 0.00000 0.00000 0.00000 0.00000 0.00000 0.00000 0.00000 0.00000 0.00000 0.00000 0.00000 0.00000 0.00000 0.00000 0.00000 0.00000 0.00000 0.00000 0.00000 0.00000 0.00000 0.00000 0.00000 0.00000 0.00000 0.00000 0.00000 0.00000 0.00000 0.00000 0.00000 0.00000 0.00000 0.00000 0.00000 0.00000 0.00000 0.00000 0.00000 0.00000 0.00000 0.00000 0.00000 0.00000 0.00000 0.00000 0.00000 0.00000 0.00000 0.00000 0.00000 0.00000
0.00000 0.00000 0.00000 0.00000 0.00000 0.00000 0.00000 0.00000 0.00000 0.00000 0.00000 0.00000 0.00000 0.00000 0.00000 0.00000 0.00000 0.00000 0.00000 0.00000 0.00000 0.00000 0.00000 0.00000 0.00000 0.00000 0.00000 0.00000 0.00000 0.00000 0.00000 0.00000 0.00000 0.00000 0.00000 0.00000 0.00000 0.00000 0.00000 0.00000 0.00000 0.00000 0.00000 0.00000 0.00000 0.00000 0.00000 0.00000 0.00000 0.00000 0.00000 0.00000 0.00000 0.00000 0.00000 0.00000 0.00000 0.00000 0.00000 0.00000
0.00000 0.00000 0.00000 0.00000 0.00000 0.00000 0.00000 0.00000 0.00000 0.00000 0.00000 0.00000 0.00000 0.00000 0.00000 0.00000 0.00000 0.00000 0.00000 0.00000 0.00000 0.00000 0.00000 0.00000 0.00000 0.00000 0.00000 0.00000 0.00000 0.00000 0.00000 0.00000 0.00000 0.00000 0.00000 0.00000 0.00000 0.00000 0.00000 0.00000 0.00000 0.00000 0.00000 0.00000 0.00000 0.00000 0.00000 0.00000 0.00000 0.00000 0.00000 0.00000 0.00000 0.00000 0.00000 0.00000 0.00000 0.00000 0.00000 0.00000
0.00000 0.00000 0.00000 0.00000 0.00000 0.00000 0.00000 0.00000 0.00000 0.00000 0.00000 0.00000 0.00000 0.00000 0.00000 0.00000 0.00000 0.00000 0.00000 0.00000 0.00000 0.00000 0.00000 0.00000 0.00000 0.00000 0.00000 0.00000 0.00000 0.00000 0.00000 0.00000 0.00000 0.00000 0.00000 0.00000 0.00000 0.00000 0.00000 0.00000 0.00000 0.00000 0.00000 0.00000 0.00000 0.00000 0.00000 0.00000 0.00000 0.00000 0.00000 0.00000 0.00000 0.00000 0.00000 0.00000 0.00000 0.00000 0.00000 0.00000
0.00000 0.00000 0.00000 0.00000 0.00000 0.00000 0.00000 0.00000 0.00000 0.00000 0.00000 0.00000 0.00000 0.00000 0.00000 0.00000 0.00000 0.00000 0.00000 0.00000 0.00000 0.00000 0.00000 0.00000 0.00000 0.00000 0.00000 0.00000 0.00000 0.00000 0.00000 0.00000 0.00000 0.00000 0.00000 0.00000 0.00000 0.00000 0.00000 0.00000 0.00000 0.00000 0.00000 0.00000 0.00000 0.00000 0.00000 0.00000 0.00000 0.00000 0.00000 0.00000 0.00000 0.00000 0.00000 0.00000 0.00000 0.00000 0.00000 0.00000
0.00000 0.00000 0.00000 0.00000 0.00000 0.00000 0.00000 0.00000 0.00000 0.00000 0.00000 0.00000 0.00000 0.00000 0.00000 0.00000 0.00000 0.00000 0.00000 0.00000 0.00000 0.00000 0.00000 0.00000 0.00000 0.00000 0.00000 0.00000 0.00000 0.00000 0.00000 0.00000 0.00000 0.00000 0.00000 0.00000 0.00000 0.00000 0.00000 0.00000 0.00000 0.00000 0.00000 0.00000 0.00000 0.00000 0.00000 0.00000 0.00000 0.00000 0.00000 0.00000 0.00000 0.00000 0.00000 0.00000 0.00000 0.00000 0.00000 0.00000
0.00000 0.00000 0.00000 0.00000 0.00000 0.00000 0.00000 0.00000 0.00000 0.00000 0.00000 0.00000 0.00000 0.00000 0.00000 0.00000 0.00000 0.00000 0.00000 0.00000 0.00000 0.00000 0.00000 0.00000 0.00000 0.00000 0.00000 0.00000 0.00000 0.00000 0.00000 0.00000 0.00000 0.00000 0.00000 0.00000 0.00000 0.00000 0.00000 0.00000 0.00000 0.00000 0.00000 0.00000 0.00000 0.00000 0.00000 0.00000 0.00000 0.00000 0.00000 0.00000 0.00000 0.00000 0.00000 0.00000 0.00000 0.00000 0.00000 0.00000
