0.06171 0.07117 0.07171 0.08051 0.07896 0.08067 0.07012 0.07028 0.06677 0.05988 0.05904 0.05170 0.05320 0.04310 0.04452 0.03724 0.03501 0.02788 0.02540 0.02042 0.01686 0.01194 0.00857 0.00508 0.00172 0.00000 0.00000 0.00000 0.00000 0.00000 0.00000 0.00000 0.00000 0.00000 0.00000 0.00000 0.00000 0.00000 0.00000 0.00000 0.00000 0.00000 0.00000 0.00000 0.00000 0.00000 0.00000 0.00000 0.00000 0.00000 0.00000 0.00000 0.00000 0.00000 0.00000 0.00000 0.00000 0.00000 0.00000 0.00000 0.00000 0.00000 0.00000 0.00000 0.00000 0.00000 0.00000 0.00000 0.00000 0.00000
0.06177 0.06878 0.06875 0.07433 0.07839 0.08205 0.07251 0.06820 0.07019 0.06569 0.06236 0.05484 0.05783 0.05316 0.05007 0.04264 0.04043 0.03473 0.02890 0.02319 0.01945 0.01449 0.01000 0.00572 0.00198 0.00000 0.00000 0.00000 0.00000 0.00000 0.00000 0.00000 0.00000 0.00000 0.00000 0.00000 0.00000 0.00000 0.00000 0.00000 0.00000 0.00000 0.00000 0.00000 0.00000 0.00000 0.00000 0.00000 0.00000 0.00000 0.00000 0.00000 0.00000 0.00000 0.00000 0.00000 0.00000 0.00000 0.00000 0.00000 0.00000 0.00000 0.00000 0.00000 0.00000 0.00000 0.00000 0.00000 0.00000 0.00000
0.06961 0.07600 0.07323 0.07752 0.07808 0.08289 0.07705 0.07105 0.07026 0.06988 0.06857 0.05971 0.06240 0.06005 0.05739 0.04859 0.04581 0.04045 0.03370 0.02622 0.02178 0.01704 0.01177 0.00639 0.00222 0.00000 0.00000 0.00000 0.00000 0.00000 0.00000 0.00000 0.00000 0.00000 0.00000 0.00000 0.00000 0.00000 0.00000 0.00000 0.00000 0.00000 0.00000 0.00000 0.00000 0.00000 0.00000 0.00000 0.00000 0.00000 0.00000 0.00000 0.00000 0.00000 0.00000 0.00000 0.00000 0.00000 0.00000 0.00000 0.00000 0.00000 0.00000 0.00000 0.00000 0.00000 0.00000 0.00000 0.00000 0.00000
0.06550 0.07217 0.07395 0.07744 0.07465 0.07553 0.08096 0.07762 0.07136 0.06751 0.07323 0.06973 0.06564 0.06174 0.06401 0.05865 0.04995 0.04294 0.03801 0.03047 0.02406 0.01844 0.01328 0.00735 0.00245 0.00000 0.00000 0.00000 0.00000 0.00000 0.00000 0.00000 0.00000 0.00000 0.00000 0.00000 0.00000 0.00000 0.00000 0.00000 0.00000 0.00000 0.00000 0.00000 0.00000 0.00000 0.00000 0.00000 0.00000 0.00000 0.00000 0.00000 0.00000 0.00000 0.00000 0.00000 0.00000 0.00000 0.00000 0.00000 0.00000 0.00000 0.00000 0.00000 0.00000 0.00000 0.00000 0.00000 0.00000 0.00000
0.07928 0.08009 0.08197 0.08454 0.07869 0.07640 0.07844 0.08184 0.07781 0.07188 0.07456 0.07543 0.07348 0.06753 0.06957 0.06616 0.05699 0.04728 0.04117 0.03472 0.02731 0.02008 0.01442 0.00852 0.00273 0.00000 0.00000 0.00000 0.00000 0.00000 0.00000 0.00000 0.00000 0.00000 0.00000 0.00000 0.00000 0.00000 0.00000 0.00000 0.00000 0.00000 0.00000 0.00000 0.00000 0.00000 0.00000 0.00000 0.00000 0.00000 0.00000 0.00000 0.00000 0.00000 0.00000 0.00000 0.00000 0.00000 0.00000 0.00000 0.00000 0.00000 0.00000 0.00000 0.00000 0.00000 0.00000 0.00000 0.00000 0.00000
0.07047 0.07324 0.07084 0.07452 0.08105 0.08144 0.07476 0.07417 0.08084 0.07713 0.07242 0.07068 0.07373 0.07127 0.06731 0.06312 0.05699 0.04839 0.04028 0.03389 0.02751 0.02012 0.01419 0.00848 0.00275 0.00000 0.00000 0.00000 0.00000 0.00000 0.00000 0.00000 0.00000 0.00000 0.00000 0.00000 0.00000 0.00000 0.00000 0.00000 0.00000 0.00000 0.00000 0.00000 0.00000 0.00000 0.00000 0.00000 0.00000 0.00000 0.00000 0.00000 0.00000 0.00000 0.00000 0.00000 0.00000 0.00000 0.00000 0.00000 0.00000 0.00000 0.00000 0.00000 0.00000 0.00000 0.00000 0.00000 0.00000 0.00000
0.08194 0.08068 0.07778 0.07654 0.08123 0.08340 0.07768 0.07253 0.07427 0.07522 0.07139 0.06634 0.06654 0.06548 0.06272 0.05644 0.05029 0.04387 0.03691 0.02993 0.02428 0.01858 0.01278 0.00733 0.00245 0.00000 0.00000 0.00000 0.00000 0.00000 0.00000 0.00000 0.00000 0.00000 0.00000 0.00000 0.00000 0.00000 0.00000 0.00000 0.00000 0.00000 0.00000 0.00000 0.00000 0.00000 0.00000 0.00000 0.00000 0.00000 0.00000 0.00000 0.00000 0.00000 0.00000 0.00000 0.00000 0.00000 0.00000 0.00000 0.00000 0.00000 0.00000 0.00000 0.00000 0.00000 0.00000 0.00000 0.00000 0.00000
0.06131 0.06681 0.07324 0.07675 0.07379 0.07483 0.08016 0.07662 0.06951 0.06652 0.06870 0.06469 0.05994 0.05745 0.05591 0.05080 0.04394 0.03845 0.03267 0.02663 0.02128 0.01641 0.01132 0.00650 0.00215 0.00000 0.00000 0.00000 0.00000 0.00000 0.00000 0.00000 0.00000 0.00000 0.00000 0.00000 0.00000 0.00000 0.00000 0.00000 0.00000 0.00000 0.00000 0.00000 0.00000 0.00000 0.00000 0.00000 0.00000 0.00000 0.00000 0.00000 0.00000 0.00000 0.00000 0.00000 0.00000 0.00000 0.00000 0.00000 0.00000 0.00000 0.00000 0.00000 0.00000 0.00000 0.00000 0.00000 0.00000 0.00000
0.07169 0.07259 0.07793 0.07876 0.07882 0.07536 0.07658 0.07553 0.06962 0.06395 0.06276 0.06047 0.05623 0.05183 0.04873 0.04448 0.03912 0.03341 0.02839 0.02353 0.01876 0.01404 0.00992 0.00588 0.00187 0.00000 0.00000 0.00000 0.00000 0.00000 0.00000 0.00000 0.00000 0.00000 0.00000 0.00000 0.00000 0.00000 0.00000 0.00000 0.00000 0.00000 0.00000 0.00000 0.00000 0.00000 0.00000 0.00000 0.00000 0.00000 0.00000 0.00000 0.00000 0.00000 0.00000 0.00000 0.00000 0.00000 0.00000 0.00000 0.00000 0.00000 0.00000 0.00000 0.00000 0.00000 0.00000 0.00000 0.00000 0.00000
0.06361 0.06565 0.06579 0.06972 0.08091 0.08203 0.07235 0.06775 0.06902 0.06476 0.05803 0.05340 0.05105 0.04650 0.04184 0.03784 0.03327 0.02841 0.02411 0.02017 0.01599 0.01202 0.00846 0.00497 0.00159 0.00000 0.00000 0.00000 0.00000 0.00000 0.00000 0.00000 0.00000 0.00000 0.00000 0.00000 0.00000 0.00000 0.00000 0.00000 0.00000 0.00000 0.00000 0.00000 0.00000 0.00000 0.00000 0.00000 0.00000 0.00000 0.00000 0.00000 0.00000 0.00000 0.00000 0.00000 0.00000 0.00000 0.00000 0.00000 0.00000 0.00000 0.00000 0.00000 0.00000 0.00000 0.00000 0.00000 0.00000 0.00000
0.06553 0.06754 0.07066 0.07329 0.08082 0.08099 0.07430 0.06757 0.06501 0.06160 0.05513 0.04966 0.04490 0.04044 0.03600 0.03131 0.02729 0.02364 0.02028 0.01653 0.01325 0.01012 0.00702 0.00402 0.00133 0.00000 0.00000 0.00000 0.00000 0.00000 0.00000 0.00000 0.00000 0.00000 0.00000 0.00000 0.00000 0.00000 0.00000 0.00000 0.00000 0.00000 0.00000 0.00000 0.00000 0.00000 0.00000 0.00000 0.00000 0.00000 0.00000 0.00000 0.00000 0.00000 0.00000 0.00000 0.00000 0.00000 0.00000 0.00000 0.00000 0.00000 0.00000 0.00000 0.00000 0.00000 0.00000 0.00000 0.00000 0.00000
0.05603 0.06220 0.07063 0.07382 0.07598 0.07634 0.07495 0.07096 0.06184 0.05524 0.05165 0.04595 0.03977 0.03432 0.02905 0.02442 0.02144 0.01889 0.01589 0.01297 0.01046 0.00799 0.00550 0.00322 0.00106 0.00000 0.00000 0.00000 0.00000 0.00000 0.00000 0.00000 0.00000 0.00000 0.00000 0.00000 0.00000 0.00000 0.00000 0.00000 0.00000 0.00000 0.00000 0.00000 0.00000 0.00000 0.00000 0.00000 0.00000 0.00000 0.00000 0.00000 0.00000 0.00000 0.00000 0.00000 0.00000 0.00000 0.00000 0.00000 0.00000 0.00000 0.00000 0.00000 0.00000 0.00000 0.00000 0.00000 0.00000 0.00000
0.05453 0.06065 0.06820 0.07476 0.07958 0.07787 0.07333 0.06856 0.06021 0.05331 0.04719 0.04111 0.03501 0.02833 0.02153 0.01771 0.01598 0.01360 0.01136 0.00947 0.00768 0.00571 0.00401 0.00237 0.00077 0.00000 0.00000 0.00000 0.00000 0.00000 0.00000 0.00000 0.00000 0.00000 0.00000 0.00000 0.00000 0.00000 0.00000 0.00000 0.00000 0.00000 0.00000 0.00000 0.00000 0.00000 0.00000 0.00000 0.00000 0.00000 0.00000 0.00000 0.00000 0.00000 0.00000 0.00000 0.00000 0.00000 0.00000 0.00000 0.00000 0.00000 0.00000 0.00000 0.00000 0.00000 0.00000 0.00000 0.00000 0.00000
0.05394 0.05751 0.06343 0.07161 0.08088 0.08223 0.07184 0.06406 0.05836 0.05206 0.04356 0.03595 0.02917 0.02162 0.01480 0.01110 0.00966 0.00810 0.00695 0.00587 0.00464 0.00348 0.00247 0.00143 0.00046 0.00000 0.00000 0.00000 0.00000 0.00000 0.00000 0.00000 0.00000 0.00000 0.00000 0.00000 0.00000 0.00000 0.00000 0.00000 0.00000 0.00000 0.00000 0.00000 0.00000 0.00000 0.00000 0.00000 0.00000 0.00000 0.00000 0.00000 0.00000 0.00000 0.00000 0.00000 0.00000 0.00000 0.00000 0.00000 0.00000 0.00000 0.00000 0.00000 0.00000 0.00000 0.00000 0.00000 0.00000 0.00000
0.04717 0.05597 0.06309 0.07074 0.08005 0.08194 0.07212 0.06371 0.05600 0.04830 0.03989 0.03157 0.02245 0.01517 0.00793 0.00375 0.00315 0.00275 0.00242 0.00197 0.00154 0.00119 0.00084 0.00048 0.00016 0.00000 0.00000 0.00000 0.00000 0.00000 0.00000 0.00000 0.00000 0.00000 0.00000 0.00000 0.00000 0.00000 0.00000 0.00000 0.00000 0.00000 0.00000 0.00000 0.00000 0.00000 0.00000 0.00000 0.00000 0.00000 0.00000 0.00000 0.00000 0.00000 0.00000 0.00000 0.00000 0.00000 0.00000 0.00000 0.00000 0.00000 0.00000 0.00000 0.00000 0.00000 0.00000 0.00000 0.00000 0.00000
0.04442 0.05250 0.06119 0.06940 0.07609 0.07579 0.06895 0.06259 0.05283 0.04350 0.03602 0.02747 0.01937 0.01186 0.00387 0.00019 0.00057 0.00097 0.00132 0.00160 0.00195 0.00228 0.00253 0.00282 0.00309 0.00312 0.00302 0.00303 0.00291 0.00281 0.00283 0.00272 0.00257 0.00249 0.00245 0.00227 0.00200 0.00162 0.00135 0.00116 0.00091 0.00064 0.00044 0.00028 0.00009 0.00000 0.00000 0.00000 0.00000 0.00000 0.00000 0.00000 0.00000 0.00000 0.00000 0.00000 0.00000 0.00000 0.00000 0.00000 0.00000 0.00000 0.00000 0.00000 0.00000 0.00000 0.00000 0.00000 0.00000 0.00000
0.03742 0.04566 0.05399 0.06267 0.06928 0.06934 0.06247 0.05584 0.04745 0.04022 0.03237 0.02479 0.01833 0.01075 0.00332 0.00058 0.00182 0.00294 0.00385 0.00490 0.00609 0.00686 0.00772 0.00866 0.00938 0.00945 0.00948 0.00918 0.00891 0.00868 0.00845 0.00802 0.00806 0.00786 0.00737 0.00685 0.00602 0.00512 0.00416 0.00343 0.00273 0.00204 0.00144 0.00081 0.00026 0.00000 0.00000 0.00000 0.00000 0.00000 0.00000 0.00000 0.00000 0.00000 0.00000 0.00000 0.00000 0.00000 0.00000 0.00000 0.00000 0.00000 0.00000 0.00000 0.00000 0.00000 0.00000 0.00000 0.00000 0.00000
0.03589 0.04242 0.04868 0.05498 0.06220 0.06427 0.05649 0.04859 0.04250 0.03657 0.02916 0.02255 0.01620 0.00918 0.00303 0.00105 0.00308 0.00476 0.00659 0.00867 0.01023 0.01154 0.01327 0.01457 0.01564 0.01672 0.01614 0.01534 0.01518 0.01507 0.01402 0.01390 0.01375 0.01334 0.01297 0.01158 0.01002 0.00877 0.00744 0.00565 0.00450 0.00371 0.00248 0.00136 0.00043 0.00000 0.00000 0.00000 0.00000 0.00000 0.00000 0.00000 0.00000 0.00000 0.00000 0.00000 0.00000 0.00000 0.00000 0.00000 0.00000 0.00000 0.00000 0.00000 0.00000 0.00000 0.00000 0.00000 0.00000 0.00000
0.03031 0.03624 0.04204 0.04800 0.05415 0.05524 0.04877 0.04340 0.03776 0.03154 0.02577 0.02015 0.01365 0.00806 0.00283 0.00149 0.00412 0.00675 0.00986 0.01219 0.01407 0.01664 0.01884 0.02042 0.02301 0.02390 0.02242 0.02188 0.02202 0.02086 0.02075 0.02023 0.01933 0.01849 0.01851 0.01710 0.01426 0.01227 0.01040 0.00853 0.00669 0.00494 0.00342 0.00199 0.00067 0.00000 0.00000 0.00000 0.00000 0.00000 0.00000 0.00000 0.00000 0.00000 0.00000 0.00000 0.00000 0.00000 0.00000 0.00000 0.00000 0.00000 0.00000 0.00000 0.00000 0.00000 0.00000 0.00000 0.00000 0.00000
0.02678 0.03140 0.03665 0.04307 0.04748 0.04633 0.04193 0.03841 0.03267 0.02667 0.02218 0.01696 0.01182 0.00730 0.00242 0.00184 0.00541 0.00941 0.01282 0.01528 0.01869 0.02196 0.02437 0.02774 0.03052 0.03012 0.02936 0.02983 0.02828 0.02755 0.02738 0.02669 0.02518 0.02459 0.02397 0.02238 0.01952 0.01591 0.01336 0.01134 0.00903 0.00646 0.00440 0.00267 0.00087 0.00000 0.00000 0.00000 0.00000 0.00000 0.00000 0.00000 0.00000 0.00000 0.00000 0.00000 0.00000 0.00000 0.00000 0.00000 0.00000 0.00000 0.00000 0.00000 0.00000 0.00000 0.00000 0.00000 0.00000 0.00000
0.02124 0.02549 0.02974 0.03449 0.03874 0.03904 0.03514 0.03103 0.02639 0.02275 0.01850 0.01379 0.01020 0.00614 0.00190 0.00227 0.00715 0.01160 0.01497 0.01906 0.02382 0.02686 0.03095 0.03486 0.03632 0.03680 0.03781 0.03660 0.03521 0.03485 0.03371 0.03195 0.03233 0.03146 0.02974 0.02720 0.02409 0.02067 0.01682 0.01373 0.01082 0.00840 0.00595 0.00319 0.00104 0.00000 0.00000 0.00000 0.00000 0.00000 0.00000 0.00000 0.00000 0.00000 0.00000 0.00000 0.00000 0.00000 0.00000 0.00000 0.00000 0.00000 0.00000 0.00000 0.00000 0.00000 0.00000 0.00000 0.00000 0.00000
0.01758 0.02121 0.02421 0.02690 0.03053 0.03203 0.02831 0.02392 0.02089 0.01831 0.01447 0.01112 0.00811 0.00460 0.00150 0.00291 0.00857 0.01314 0.01814 0.02400 0.02843 0.03285 0.03773 0.03993 0.04329 0.04694 0.04550 0.04318 0.04280 0.04178 0.04017 0.03970 0.03869 0.03789 0.03649 0.03287 0.02856 0.02518 0.02109 0.01618 0.01310 0.01019 0.00701 0.00408 0.00126 0.00000 0.00000 0.00000 0.00000 0.00000 0.00000 0.00000 0.00000 0.00000 0.00000 0.00000 0.00000 0.00000 0.00000 0.00000 0.00000 0.00000 0.00000 0.00000 0.00000 0.00000 0.00000 0.00000 0.00000 0.00000
0.01218 0.01474 0.01733 0.01981 0.02199 0.02229 0.01986 0.01772 0.01560 0.01282 0.01037 0.00830 0.00568 0.00330 0.00116 0.00341 0.00944 0.01539 0.02242 0.02790 0.03279 0.03869 0.04226 0.04652 0.05357 0.05507 0.05191 0.05083 0.04988 0.04820 0.04845 0.04731 0.04493 0.04306 0.04309 0.03992 0.03395 0.02852 0.02418 0.02029 0.01582 0.01151 0.00767 0.00484 0.00162 0.00000 0.00000 0.00000 0.00000 0.00000 0.00000 0.00000 0.00000 0.00000 0.00000 0.00000 0.00000 0.00000 0.00000 0.00000 0.00000 0.00000 0.00000 0.00000 0.00000 0.00000 0.00000 0.00000 0.00000 0.00000
0.00773 0.00910 0.01067 0.01261 0.01395 0.01328 0.01201 0.01119 0.00954 0.00766 0.00642 0.00500 0.00344 0.00213 0.00070 0.00369 0.01088 0.01885 0.02580 0.03085 0.03812 0.04355 0.04900 0.05684 0.06206 0.06156 0.05978 0.05870 0.05806 0.05711 0.05564 0.05346 0.05212 0.05069 0.04918 0.04647 0.03978 0.03282 0.02796 0.02378 0.01850 0.01294 0.00942 0.00580 0.00176 0.00000 0.00000 0.00000 0.00000 0.00000 0.00000 0.00000 0.00000 0.00000 0.00000 0.00000 0.00000 0.00000 0.00000 0.00000 0.00000 0.00000 0.00000 0.00000 0.00000 0.00000 0.00000 0.00000 0.00000 0.00000
0.00258 0.00308 0.00349 0.00405 0.00461 0.00463 0.00416 0.00364 0.00310 0.00268 0.00221 0.00163 0.00121 0.00073 0.00022 0.00419 0.01311 0.02133 0.02755 0.03543 0.04298 0.04933 0.05833 0.06461 0.06766 0.06880 0.06900 0.06764 0.06643 0.06511 0.06164 0.06005 0.06006 0.05890 0.05640 0.05076 0.04477 0.03917 0.03278 0.02572 0.02027 0.01618 0.01131 0.00600 0.00189 0.00000 0.00000 0.00000 0.00000 0.00000 0.00000 0.00000 0.00000 0.00000 0.00000 0.00000 0.00000 0.00000 0.00000 0.00000 0.00000 0.00000 0.00000 0.00000 0.00000 0.00000 0.00000 0.00000 0.00000 0.00000
0.00000 0.00000 0.00000 0.00000 0.00000 0.00000 0.00000 0.00000 0.00000 0.00000 0.00000 0.00000 0.00000 0.00000 0.00000 0.00475 0.01402 0.02152 0.02972 0.03888 0.04624 0.05534 0.06286 0.06641 0.07163 0.07567 0.07541 0.07337 0.07086 0.06723 0.06727 0.06583 0.06419 0.06244 0.06049 0.05480 0.04813 0.04277 0.03487 0.02727 0.02254 0.01766 0.01160 0.00631 0.00221 0.00000 0.00000 0.00000 0.00000 0.00000 0.00000 0.00000 0.00000 0.00000 0.00000 0.00000 0.00000 0.00000 0.00000 0.00000 0.00000 0.00000 0.00000 0.00000 0.00000 0.00000 0.00000 0.00000 0.00000 0.00000
0.00000 0.00000 0.00000 0.00000 0.00000 0.00000 0.00000 0.00000 0.00000 0.00000 0.00000 0.00000 0.00000 0.00000 0.00000 0.00483 0.01343 0.02191 0.03167 0.03970 0.04771 0.05630 0.06066 0.06643 0.07504 0.07832 0.07637 0.07351 0.07059 0.06958 0.06874 0.06806 0.06446 0.06205 0.06098 0.05781 0.05034 0.04092 0.03443 0.02987 0.02387 0.01660 0.01132 0.00721 0.00236 0.00000 0.00000 0.00000 0.00000 0.00000 0.00000 0.00000 0.00000 0.00000 0.00000 0.00000 0.00000 0.00000 0.00000 0.00000 0.00000 0.00000 0.00000 0.00000 0.00000 0.00000 0.00000 0.00000 0.00000 0.00000
0.00000 0.00000 0.00000 0.00000 0.00000 0.00000 0.00000 0.00000 0.00000 0.00000 0.00000 0.00000 0.00000 0.00000 0.00000 0.00463 0.01368 0.02355 0.03221 0.03948 0.04885 0.05519 0.06125 0.06995 0.07804 0.07975 0.07585 0.07335 0.07388 0.07223 0.07041 0.06677 0.06625 0.06391 0.06281 0.05918 0.05013 0.04198 0.03634 0.03078 0.02325 0.01702 0.01245 0.00739 0.00220 0.00000 0.00000 0.00000 0.00000 0.00000 0.00000 0.00000 0.00000 0.00000 0.00000 0.00000 0.00000 0.00000 0.00000 0.00000 0.00000 0.00000 0.00000 0.00000 0.00000 0.00000 0.00000 0.00000 0.00000 0.00000
0.00000 0.00000 0.00000 0.00000 0.00000 0.00000 0.00000 0.00000 0.00000 0.00000 0.00000 0.00000 0.00000 0.00000 0.00000 0.00470 0.01465 0.02388 0.03126 0.04032 0.04866 0.05520 0.06435 0.07257 0.07863 0.07788 0.07699 0.07691 0.07519 0.07398 0.07011 0.06830 0.06676 0.06687 0.06477 0.05755 0.05007 0.04499 0.03814 0.02912 0.02302 0.01883 0.01300 0.00685 0.00218 0.00000 0.00000 0.00000 0.00000 0.00000 0.00000 0.00000 0.00000 0.00000 0.00000 0.00000 0.00000 0.00000 0.00000 0.00000 0.00000 0.00000 0.00000 0.00000 0.00000 0.00000 0.00000 0.00000 0.00000 0.00000
0.00000 0.00000 0.00000 0.00000 0.00000 0.00000 0.00000 0.00000 0.00000 0.00000 0.00000 0.00000 0.00000 0.00000 0.00000 0.00503 0.01487 0.02311 0.03220 0.04152 0.04880 0.05710 0.06682 0.07335 0.07641 0.07975 0.08174 0.07882 0.07655 0.07267 0.07276 0.07063 0.06905 0.06683 0.06502 0.05923 0.05244 0.04601 0.03730 0.03004 0.02498 0.01909 0.01241 0.00711 0.00249 0.00000 0.00000 0.00000 0.00000 0.00000 0.00000 0.00000 0.00000 0.00000 0.00000 0.00000 0.00000 0.00000 0.00000 0.00000 0.00000 0.00000 0.00000 0.00000 0.00000 0.00000 0.00000 0.00000 0.00000 0.00000
0.00000 0.00000 0.00000 0.00000 0.00000 0.00000 0.00000 0.00000 0.00000 0.00000 0.00000 0.00000 0.00000 0.00000 0.00000 0.00509 0.01443 0.02374 0.03379 0.04156 0.04953 0.06012 0.06717 0.07087 0.07909 0.08397 0.08198 0.07891 0.07625 0.07535 0.07353 0.07282 0.07019 0.06712 0.06490 0.06239 0.05483 0.04433 0.03702 0.03245 0.02606 0.01801 0.01241 0.00796 0.00256 0.00000 0.00000 0.00000 0.00000 0.00000 0.00000 0.00000 0.00000 0.00000 0.00000 0.00000 0.00000 0.00000 0.00000 0.00000 0.00000 0.00000 0.00000 0.00000 0.00000 0.00000 0.00000 0.00000 0.00000 0.00000
0.00000 0.00000 0.00000 0.00000 0.00000 0.00000 0.00000 0.00000 0.00000 0.00000 0.00000 0.00000 0.00000 0.00000 0.00000 0.00498 0.01480 0.02490 0.03368 0.04181 0.05246 0.06074 0.06532 0.07321 0.08368 0.08549 0.08005 0.07898 0.07970 0.07735 0.07515 0.07239 0.07152 0.06907 0.06756 0.06327 0.05413 0.04577 0.03946 0.03290 0.02510 0.01879 0.01365 0.00794 0.00239 0.00000 0.00000 0.00000 0.00000 0.00000 0.00000 0.00000 0.00000 0.00000 0.00000 0.00000 0.00000 0.00000 0.00000 0.00000 0.00000 0.00000 0.00000 0.00000 0.00000 0.00000 0.00000 0.00000 0.00000 0.00000
0.00000 0.00000 0.00000 0.00000 0.00000 0.00000 0.00000 0.00000 0.00000 0.00000 0.00000 0.00000 0.00000 0.00000 0.00000 0.00510 0.01533 0.02476 0.03361 0.04375 0.05309 0.05864 0.06695 0.07736 0.08440 0.08279 0.08262 0.08274 0.08045 0.07828 0.07615 0.07425 0.07178 0.07138 0.07017 0.06266 0.05396 0.04834 0.04120 0.03183 0.02513 0.02038 0.01412 0.00753 0.00243 0.00000 0.00000 0.00000 0.00000 0.00000 0.00000 0.00000 0.00000 0.00000 0.00000 0.00000 0.00000 0.00000 0.00000 0.00000 0.00000 0.00000 0.00000 0.00000 0.00000 0.00000 0.00000 0.00000 0.00000 0.00000
0.00000 0.00000 0.00000 0.00000 0.00000 0.00000 0.00000 0.00000 0.00000 0.00000 0.00000 0.00000 0.00000 0.00000 0.00000 0.00524 0.01533 0.02482 0.03506 0.04467 0.05176 0.05978 0.07064 0.07846 0.08225 0.08536 0.08607 0.08417 0.08049 0.07850 0.07824 0.07593 0.07360 0.07225 0.07043 0.06435 0.05626 0.04905 0.04066 0.03307 0.02681 0.02039 0.01367 0.00793 0.00267 0.00000 0.00000 0.00000 0.00000 0.00000 0.00000 0.00000 0.00000 0.00000 0.00000 0.00000 0.00000 0.00000 0.00000 0.00000 0.00000 0.00000 0.00000 0.00000 0.00000 0.00000 0.00000 0.00000 0.00000 0.00000
0.00000 0.00000 0.00000 0.00000 0.00000 0.00000 0.00000 0.00000 0.00000 0.00000 0.00000 0.00000 0.00000 0.00000 0.00000 0.00526 0.01544 0.02575 0.03594 0.04402 0.05259 0.06333 0.07202 0.07653 0.08441 0.08941 0.08767 0.08314 0.08208 0.08134 0.07896 0.07689 0.07609 0.07313 0.07016 0.06642 0.05886 0.04862 0.04040 0.03476 0.02798 0.01983 0.01366 0.00853 0.00276 0.00000 0.00000 0.00000 0.00000 0.00000 0.00000 0.00000 0.00000 0.00000 0.00000 0.00000 0.00000 0.00000 0.00000 0.00000 0.00000 0.00000 0.00000 0.00000 0.00000 0.00000 0.00000 0.00000 0.00000 0.00000
0.00000 0.00000 0.00000 0.00000 0.00000 0.00000 0.00000 0.00000 0.00000 0.00000 0.00000 0.00000 0.00000 0.00000 0.00000 0.00504 0.01512 0.02505 0.03373 0.04224 0.05274 0.06152 0.06685 0.07410 0.08424 0.08676 0.08246 0.08035 0.08061 0.07887 0.07570 0.07444 0.07331 0.07080 0.06851 0.06442 0.05604 0.04744 0.04002 0.03338 0.02632 0.01970 0.01379 0.00807 0.00255 0.00000 0.00000 0.00000 0.00000 0.00000 0.00000 0.00000 0.00000 0.00000 0.00000 0.00000 0.00000 0.00000 0.00000 0.00000 0.00000 0.00000 0.00000 0.00000 0.00000 0.00000 0.00000 0.00000 0.00000 0.00000
0.00000 0.00000 0.00000 0.00000 0.00000 0.00000 0.00000 0.00000 0.00000 0.00000 0.00000 0.00000 0.00000 0.00000 0.00000 0.00462 0.01383 0.02223 0.03036 0.03950 0.04805 0.05345 0.06051 0.06995 0.07655 0.07632 0.07484 0.07512 0.07329 0.07032 0.06981 0.06825 0.06568 0.06427 0.06407 0.05823 0.04977 0.04374 0.03757 0.02984 0.02340 0.01844 0.01290 0.00713 0.00228 0.00000 0.00000 0.00000 0.00000 0.00000 0.00000 0.00000 0.00000 0.00000 0.00000 0.00000 0.00000 0.00000 0.00000 0.00000 0.00000 0.00000 0.00000 0.00000 0.00000 0.00000 0.00000 0.00000 0.00000 0.00000
0.00000 0.00000 0.00000 0.00000 0.00000 0.00000 0.00000 0.00000 0.00000 0.00000 0.00000 0.00000 0.00000 0.00000 0.00000 0.00417 0.01217 0.01972 0.02793 0.03564 0.04141 0.04771 0.05630 0.06261 0.06646 0.06811 0.06902 0.06745 0.06459 0.06306 0.06291 0.06113 0.05882 0.05831 0.05713 0.05216 0.04508 0.03939 0.03339 0.02707 0.02141 0.01637 0.01139 0.00656 0.00211 0.00000 0.00000 0.00000 0.00000 0.00000 0.00000 0.00000 0.00000 0.00000 0.00000 0.00000 0.00000 0.00000 0.00000 0.00000 0.00000 0.00000 0.00000 0.00000 0.00000 0.00000 0.00000 0.00000 0.00000 0.00000
0.00000 0.00000 0.00000 0.00000 0.00000 0.00000 0.00000 0.00000 0.00000 0.00000 0.00000 0.00000 0.00000 0.00000 0.00000 0.00362 0.01058 0.01776 0.02484 0.03043 0.03628 0.04364 0.04976 0.05321 0.05830 0.06214 0.06080 0.05791 0.05692 0.05681 0.05492 0.05312 0.05311 0.05148 0.04917 0.04593 0.04100 0.03461 0.02853 0.02410 0.01951 0.01428 0.00974 0.00590 0.00193 0.00000 0.00000 0.00000 0.00000 0.00000 0.00000 0.00000 0.00000 0.00000 0.00000 0.00000 0.00000 0.00000 0.00000 0.00000 0.00000 0.00000 0.00000 0.00000 0.00000 0.00000 0.00000 0.00000 0.00000 0.00000
0.00000 0.00000 0.00000 0.00000 0.00000 0.00000 0.00000 0.00000 0.00000 0.00000 0.00000 0.00000 0.00000 0.00000 0.00000 0.00306 0.00931 0.01544 0.02064 0.02579 0.03232 0.03776 0.04124 0.04556 0.05200 0.05352 0.05100 0.04950 0.04998 0.04876 0.04678 0.04636 0.04557 0.04395 0.04240 0.04002 0.03516 0.02965 0.02478 0.02076 0.01671 0.01241 0.00852 0.00503 0.00164 0.00000 0.00000 0.00000 0.00000 0.00000 0.00000 0.00000 0.00000 0.00000 0.00000 0.00000 0.00000 0.00000 0.00000 0.00000 0.00000 0.00000 0.00000 0.00000 0.00000 0.00000 0.00000 0.00000 0.00000 0.00000
0.00000 0.00000 0.00000 0.00000 0.00000 0.00000 0.00000 0.00000 0.00000 0.00000 0.00000 0.00000 0.00000 0.00000 0.00000 0.00261 0.00781 0.01232 0.01685 0.02218 0.02691 0.03001 0.03390 0.03935 0.04307 0.04305 0.04202 0.04250 0.04136 0.03970 0.03963 0.03877 0.03718 0.03624 0.03634 0.03333 0.02834 0.02469 0.02133 0.01725 0.01341 0.01042 0.00734 0.00415 0.00131 0.00000 0.00000 0.00000 0.00000 0.00000 0.00000 0.00000 0.00000 0.00000 0.00000 0.00000 0.00000 0.00000 0.00000 0.00000 0.00000 0.00000 0.00000 0.00000 0.00000 0.00000 0.00000 0.00000 0.00000 0.00000
0.00000 0.00000 0.00000 0.00000 0.00000 0.00000 0.00000 0.00000 0.00000 0.00000 0.00000 0.00000 0.00000 0.00000 0.00000 0.00208 0.00589 0.00963 0.01387 0.01758 0.02027 0.02343 0.02784 0.03094 0.03291 0.03373 0.03431 0.03338 0.03208 0.03148 0.03137 0.03034 0.02929 0.02919 0.02861 0.02604 0.02250 0.01974 0.01685 0.01357 0.01070 0.00824 0.00580 0.00331 0.00106 0.00000 0.00000 0.00000 0.00000 0.00000 0.00000 0.00000 0.00000 0.00000 0.00000 0.00000 0.00000 0.00000 0.00000 0.00000 0.00000 0.00000 0.00000 0.00000 0.00000 0.00000 0.00000 0.00000 0.00000 0.00000
0.00000 0.00000 0.00000 0.00000 0.00000 0.00000 0.00000 0.00000 0.00000 0.00000 0.00000 0.00000 0.00000 0.00000 0.00000 0.00144 0.00427 0.00728 0.01008 0.01216 0.01463 0.01776 0.02019 0.02159 0.02374 0.02537 0.02477 0.02368 0.02329 0.02326 0.02237 0.02175 0.02185 0.02117 0.02017 0.01882 0.01686 0.01434 0.01176 0.00989 0.00805 0.00597 0.00403 0.00243 0.00080 0.00000 0.00000 0.00000 0.00000 0.00000 0.00000 0.00000 0.00000 0.00000 0.00000 0.00000 0.00000 0.00000 0.00000 0.00000 0.00000 0.00000 0.00000 0.00000 0.00000 0.00000 0.00000 0.00000 0.00000 0.00000
0.00000 0.00000 0.00000 0.00000 0.00000 0.00000 0.00000 0.00000 0.00000 0.00000 0.00000 0.00000 0.00000 0.00000 0.00000 0.00088 0.00270 0.00443 0.00585 0.00740 0.00931 0.01076 0.01170 0.01306 0.01506 0.01538 0.01472 0.01440 0.01451 0.01402 0.01355 0.01352 0.01326 0.01272 0.01232 0.01168 0.01027 0.00862 0.00722 0.00609 0.00491 0.00361 0.00249 0.00149 0.00049 0.00000 0.00000 0.00000 0.00000 0.00000 0.00000 0.00000 0.00000 0.00000 0.00000 0.00000 0.00000 0.00000 0.00000 0.00000 0.00000 0.00000 0.00000 0.00000 0.00000 0.00000 0.00000 0.00000 0.00000 0.00000
0.00000 0.00000 0.00000 0.00000 0.00000 0.00000 0.00000 0.00000 0.00000 0.00000 0.00000 0.00000 0.00000 0.00000 0.00000 0.00031 0.00091 0.00143 0.00198 0.00260 0.00312 0.00346 0.00395 0.00460 0.00500 0.00502 0.00496 0.00501 0.00483 0.00467 0.00468 0.00457 0.00437 0.00428 0.00430 0.00394 0.00335 0.00292 0.00253 0.00206 0.00159 0.00123 0.00088 0.00050 0.00016 0.00000 0.00000 0.00000 0.00000 0.00000 0.00000 0.00000 0.00000 0.00000 0.00000 0.00000 0.00000 0.00000 0.00000 0.00000 0.00000 0.00000 0.00000 0.00000 0.00000 0.00000 0.00000 0.00000 0.00000 0.00000
0.00656 0.00659 0.00660 0.00647 0.00647 0.00659 0.00654 0.00641 0.00648 0.00655 0.00640 0.00625 0.00622 0.00628 0.00632 0.00585 0.00502 0.00437 0.00388 0.00321 0.00248 0.00191 0.00139 0.00081 0.00026 0.00000 0.00000 0.00000 0.00000 0.00000 0.00000 0.00000 0.00000 0.00000 0.00000 0.00000 0.00000 0.00000 0.00000 0.00000 0.00000 0.00000 0.00000 0.00000 0.00000 0.00000 0.00000 0.00000 0.00000 0.00000 0.00000 0.00000 0.00000 0.00000 0.00000 0.00000 0.00000 0.00000 0.00000 0.00000 0.00000 0.00000 0.00000 0.00000 0.00000 0.00000 0.00000 0.00000 0.00000 0.00000
0.01865 0.01901 0.01922 0.01963 0.01983 0.01968 0.01952 0.01993 0.01994 0.01937 0.01918 0.01927 0.01935 0.01927 0.01876 0.01728 0.01532 0.01380 0.01173 0.00938 0.00760 0.00601 0.00417 0.00238 0.00079 0.00000 0.00000 0.00000 0.00000 0.00000 0.00000 0.00000 0.00000 0.00000 0.00000 0.00000 0.00000 0.00000 0.00000 0.00000 0.00000 0.00000 0.00000 0.00000 0.00000 0.00000 0.00000 0.00000 0.00000 0.00000 0.00000 0.00000 0.00000 0.00000 0.00000 0.00000 0.00000 0.00000 0.00000 0.00000 0.00000 0.00000 0.00000 0.00000 0.00000 0.00000 0.00000 0.00000 0.00000 0.00000
0.03368 0.03335 0.03336 0.03373 0.03365 0.03317 0.03334 0.03377 0.03321 0.03255 0.03272 0.03315 0.03272 0.03167 0.03117 0.02969 0.02686 0.02303 0.01908 0.01595 0.01331 0.01004 0.00685 0.00408 0.00137 0.00000 0.00000 0.00000 0.00000 0.00000 0.00000 0.00000 0.00000 0.00000 0.00000 0.00000 0.00000 0.00000 0.00000 0.00000 0.00000 0.00000 0.00000 0.00000 0.00000 0.00000 0.00000 0.00000 0.00000 0.00000 0.00000 0.00000 0.00000 0.00000 0.00000 0.00000 0.00000 0.00000 0.00000 0.00000 0.00000 0.00000 0.00000 0.00000 0.00000 0.00000 0.00000 0.00000 0.00000 0.00000
0.04451 0.04568 0.04628 0.04655 0.04649 0.04735 0.04771 0.04700 0.04641 0.04705 0.04731 0.04624 0.04520 0.04482 0.04485 0.04287 0.03728 0.03167 0.02723 0.02334 0.01858 0.01377 0.00982 0.00589 0.00191 0.00000 0.00000 0.00000 0.00000 0.00000 0.00000 0.00000 0.00000 0.00000 0.00000 0.00000 0.00000 0.00000 0.00000 0.00000 0.00000 0.00000 0.00000 0.00000 0.00000 0.00000 0.00000 0.00000 0.00000 0.00000 0.00000 0.00000 0.00000 0.00000 0.00000 0.00000 0.00000 0.00000 0.00000 0.00000 0.00000 0.00000 0.00000 0.00000 0.00000 0.00000 0.00000 0.00000 0.00000 0.00000
0.06193 0.06203 0.06201 0.06142 0.06164 0.06230 0.06180 0.06075 0.06113 0.06202 0.06093 0.05922 0.05888 0.05981 0.05954 0.05440 0.04749 0.04187 0.03661 0.02996 0.02353 0.01819 0.01310 0.00759 0.00243 0.00000 0.00000 0.00000 0.00000 0.00000 0.00000 0.00000 0.00000 0.00000 0.00000 0.00000 0.00000 0.00000 0.00000 0.00000 0.00000 0.00000 0.00000 0.00000 0.00000 0.00000 0.00000 0.00000 0.00000 0.00000 0.00000 0.00000 0.00000 0.00000 0.00000 0.00000 0.00000 0.00000 0.00000 0.00000 0.00000 0.00000 0.00000 0.00000 0.00000 0.00000 0.00000 0.00000 0.00000 0.00000
0.07106 0.07269 0.07333 0.07477 0.07610 0.07586 0.07511 0.07599 0.07682 0.07530 0.07395 0.07369 0.07463 0.07398 0.07126 0.06649 0.05952 0.05287 0.04436 0.03618 0.02946 0.02302 0.01591 0.00918 0.00306 0.00000 0.00000 0.00000 0.00000 0.00000 0.00000 0.00000 0.00000 0.00000 0.00000 0.00000 0.00000 0.00000 0.00000 0.00000 0.00000 0.00000 0.00000 0.00000 0.00000 0.00000 0.00000 0.00000 0.00000 0.00000 0.00000 0.00000 0.00000 0.00000 0.00000 0.00000 0.00000 0.00000 0.00000 0.00000 0.00000 0.00000 0.00000 0.00000 0.00000 0.00000 0.00000 0.00000 0.00000 0.00000
0.09136 0.09129 0.09139 0.09186 0.09164 0.09067 0.09092 0.09211 0.09104 0.08902 0.08869 0.09048 0.08952 0.08589 0.08488 0.08164 0.07274 0.06171 0.05210 0.04399 0.03607 0.02710 0.01868 0.01118 0.00371 0.00000 0.00000 0.00000 0.00000 0.00000 0.00000 0.00000 0.00000 0.00000 0.00000 0.00000 0.00000 0.00000 0.00000 0.00000 0.00000 0.00000 0.00000 0.00000 0.00000 0.00000 0.00000 0.00000 0.00000 0.00000 0.00000 0.00000 0.00000 0.00000 0.00000 0.00000 0.00000 0.00000 0.00000 0.00000 0.00000 0.00000 0.00000 0.00000 0.00000 0.00000 0.00000 0.00000 0.00000 0.00000
0.09824 0.10097 0.10358 0.10453 0.10408 0.10520 0.10726 0.10608 0.10445 0.10430 0.10618 0.10446 0.10125 0.09996 0.10114 0.09569 0.08230 0.07087 0.06156 0.05207 0.04125 0.03100 0.02213 0.01320 0.00426 0.00000 0.00000 0.00000 0.00000 0.00000 0.00000 0.00000 0.00000 0.00000 0.00000 0.00000 0.00000 0.00000 0.00000 0.00000 0.00000 0.00000 0.00000 0.00000 0.00000 0.00000 0.00000 0.00000 0.00000 0.00000 0.00000 0.00000 0.00000 0.00000 0.00000 0.00000 0.00000 0.00000 0.00000 0.00000 0.00000 0.00000 0.00000 0.00000 0.00000 0.00000 0.00000 0.00000 0.00000 0.00000
0.12163 0.12197 0.12182 0.12200 0.12211 0.12311 0.12250 0.12059 0.12024 0.12258 0.12130 0.11709 0.11596 0.11831 0.11734 0.10650 0.09364 0.08339 0.07176 0.05850 0.04669 0.03619 0.02568 0.01493 0.00483 0.00000 0.00000 0.00000 0.00000 0.00000 0.00000 0.00000 0.00000 0.00000 0.00000 0.00000 0.00000 0.00000 0.00000 0.00000 0.00000 0.00000 0.00000 0.00000 0.00000 0.00000 0.00000 0.00000 0.00000 0.00000 0.00000 0.00000 0.00000 0.00000 0.00000 0.00000 0.00000 0.00000 0.00000 0.00000 0.00000 0.00000 0.00000 0.00000 0.00000 0.00000 0.00000 0.00000 0.00000 0.00000
0.12959 0.13199 0.13253 0.13395 0.13787 0.13754 0.13566 0.13556 0.13888 0.13680 0.13357 0.13193 0.13435 0.13312 0.12785 0.11875 0.10764 0.09453 0.07903 0.06513 0.05331 0.04108 0.02853 0.01662 0.00552 0.00000 0.00000 0.00000 0.00000 0.00000 0.00000 0.00000 0.00000 0.00000 0.00000 0.00000 0.00000 0.00000 0.00000 0.00000 0.00000 0.00000 0.00000 0.00000 0.00000 0.00000 0.00000 0.00000 0.00000 0.00000 0.00000 0.00000 0.00000 0.00000 0.00000 0.00000 0.00000 0.00000 0.00000 0.00000 0.00000 0.00000 0.00000 0.00000 0.00000 0.00000 0.00000 0.00000 0.00000 0.00000
0.14205 0.14397 0.14463 0.14598 0.14625 0.14584 0.14455 0.14610 0.14455 0.13996 0.13814 0.14009 0.13847 0.13155 0.12856 0.12442 0.11008 0.09317 0.07911 0.06720 0.05431 0.04098 0.02864 0.01705 0.00560 0.00000 0.00000 0.00000 0.00000 0.00000 0.00000 0.00000 0.00000 0.00000 0.00000 0.00000 0.00000 0.00000 0.00000 0.00000 0.00000 0.00000 0.00000 0.00000 0.00000 0.00000 0.00000 0.00000 0.00000 0.00000 0.00000 0.00000 0.00000 0.00000 0.00000 0.00000 0.00000 0.00000 0.00000 0.00000 0.00000 0.00000 0.00000 0.00000 0.00000 0.00000 0.00000 0.00000 0.00000 0.00000
0.13412 0.13687 0.14159 0.14395 0.14387 0.14394 0.14633 0.14273 0.13750 0.13435 0.13492 0.13096 0.12466 0.12007 0.11988 0.11169 0.09650 0.08283 0.07250 0.06075 0.04828 0.03677 0.02601 0.01542 0.00500 0.00000 0.00000 0.00000 0.00000 0.00000 0.00000 0.00000 0.00000 0.00000 0.00000 0.00000 0.00000 0.00000 0.00000 0.00000 0.00000 0.00000 0.00000 0.00000 0.00000 0.00000 0.00000 0.00000 0.00000 0.00000 0.00000 0.00000 0.00000 0.00000 0.00000 0.00000 0.00000 0.00000 0.00000 0.00000 0.00000 0.00000 0.00000 0.00000 0.00000 0.00000 0.00000 0.00000 0.00000 0.00000
0.13046 0.13575 0.13919 0.14381 0.14701 0.14878 0.14455 0.13870 0.13408 0.13266 0.12846 0.11985 0.11473 0.11314 0.10813 0.09714 0.08481 0.07605 0.06493 0.05326 0.04286 0.03302 0.02328 0.01358 0.00447 0.00000 0.00000 0.00000 0.00000 0.00000 0.00000 0.00000 0.00000 0.00000 0.00000 0.00000 0.00000 0.00000 0.00000 0.00000 0.00000 0.00000 0.00000 0.00000 0.00000 0.00000 0.00000 0.00000 0.00000 0.00000 0.00000 0.00000 0.00000 0.00000 0.00000 0.00000 0.00000 0.00000 0.00000 0.00000 0.00000 0.00000 0.00000 0.00000 0.00000 0.00000 0.00000 0.00000 0.00000 0.00000
0.12935 0.13279 0.13597 0.14039 0.15016 0.14921 0.14048 0.13518 0.13304 0.12653 0.11760 0.11137 0.10735 0.10056 0.09305 0.08414 0.07578 0.06584 0.05578 0.04625 0.03760 0.02881 0.02010 0.01185 0.00389 0.00000 0.00000 0.00000 0.00000 0.00000 0.00000 0.00000 0.00000 0.00000 0.00000 0.00000 0.00000 0.00000 0.00000 0.00000 0.00000 0.00000 0.00000 0.00000 0.00000 0.00000 0.00000 0.00000 0.00000 0.00000 0.00000 0.00000 0.00000 0.00000 0.00000 0.00000 0.00000 0.00000 0.00000 0.00000 0.00000 0.00000 0.00000 0.00000 0.00000 0.00000 0.00000 0.00000 0.00000 0.00000
0.11977 0.12706 0.13314 0.14250 0.14913 0.14831 0.14031 0.13572 0.12915 0.11822 0.11047 0.10510 0.09743 0.08760 0.07976 0.07368 0.06478 0.05551 0.04723 0.03987 0.03196 0.02438 0.01705 0.01011 0.00334 0.00000 0.00000 0.00000 0.00000 0.00000 0.00000 0.00000 0.00000 0.00000 0.00000 0.00000 0.00000 0.00000 0.00000 0.00000 0.00000 0.00000 0.00000 0.00000 0.00000 0.00000 0.00000 0.00000 0.00000 0.00000 0.00000 0.00000 0.00000 0.00000 0.00000 0.00000 0.00000 0.00000 0.00000 0.00000 0.00000 0.00000 0.00000 0.00000 0.00000 0.00000 0.00000 0.00000 0.00000 0.00000
0.11723 0.12446 0.13555 0.14225 0.14665 0.14701 0.14255 0.13339 0.12065 0.11245 0.10488 0.09524 0.08507 0.07614 0.06811 0.05991 0.05268 0.04565 0.03921 0.03254 0.02624 0.01997 0.01410 0.00831 0.00271 0.00000 0.00000 0.00000 0.00000 0.00000 0.00000 0.00000 0.00000 0.00000 0.00000 0.00000 0.00000 0.00000 0.00000 0.00000 0.00000 0.00000 0.00000 0.00000 0.00000 0.00000 0.00000 0.00000 0.00000 0.00000 0.00000 0.00000 0.00000 0.00000 0.00000 0.00000 0.00000 0.00000 0.00000 0.00000 0.00000 0.00000 0.00000 0.00000 0.00000 0.00000 0.00000 0.00000 0.00000 0.00000
0.10769 0.11981 0.12971 0.13913 0.14775 0.15053 0.14123 0.12773 0.11643 0.10793 0.09761 0.08496 0.07419 0.06533 0.05504 0.04651 0.04093 0.03602 0.03072 0.02540 0.02042 0.01566 0.01100 0.00647 0.00212 0.00000 0.00000 0.00000 0.00000 0.00000 0.00000 0.00000 0.00000 0.00000 0.00000 0.00000 0.00000 0.00000 0.00000 0.00000 0.00000 0.00000 0.00000 0.00000 0.00000 0.00000 0.00000 0.00000 0.00000 0.00000 0.00000 0.00000 0.00000 0.00000 0.00000 0.00000 0.00000 0.00000 0.00000 0.00000 0.00000 0.00000 0.00000 0.00000 0.00000 0.00000 0.00000 0.00000 0.00000 0.00000
0.10637 0.11590 0.12516 0.13702 0.15294 0.15183 0.13495 0.12459 0.11363 0.10114 0.08767 0.07616 0.06440 0.05252 0.04114 0.03346 0.02952 0.02560 0.02194 0.01819 0.01466 0.01119 0.00786 0.00461 0.00152 0.00000 0.00000 0.00000 0.00000 0.00000 0.00000 0.00000 0.00000 0.00000 0.00000 0.00000 0.00000 0.00000 0.00000 0.00000 0.00000 0.00000 0.00000 0.00000 0.00000 0.00000 0.00000 0.00000 0.00000 0.00000 0.00000 0.00000 0.00000 0.00000 0.00000 0.00000 0.00000 0.00000 0.00000 0.00000 0.00000 0.00000 0.00000 0.00000 0.00000 0.00000 0.00000 0.00000 0.00000 0.00000
0.09748 0.11050 0.12326 0.13821 0.15226 0.14964 0.13412 0.12269 0.10926 0.09367 0.07896 0.06728 0.05382 0.04013 0.02733 0.02023 0.01788 0.01535 0.01311 0.01094 0.00883 0.00671 0.00472 0.00277 0.00091 0.00000 0.00000 0.00000 0.00000 0.00000 0.00000 0.00000 0.00000 0.00000 0.00000 0.00000 0.00000 0.00000 0.00000 0.00000 0.00000 0.00000 0.00000 0.00000 0.00000 0.00000 0.00000 0.00000 0.00000 0.00000 0.00000 0.00000 0.00000 0.00000 0.00000 0.00000 0.00000 0.00000 0.00000 0.00000 0.00000 0.00000 0.00000 0.00000 0.00000 0.00000 0.00000 0.00000 0.00000 0.00000
0.09011 0.10545 0.12222 0.13647 0.14770 0.14884 0.13456 0.11903 0.10213 0.08770 0.07176 0.05696 0.04250 0.02810 0.01393 0.00668 0.00595 0.00513 0.00438 0.00363 0.00294 0.00223 0.00157 0.00093 0.00030 0.00000 0.00000 0.00000 0.00000 0.00000 0.00000 0.00000 0.00000 0.00000 0.00000 0.00000 0.00000 0.00000 0.00000 0.00000 0.00000 0.00000 0.00000 0.00000 0.00000 0.00000 0.00000 0.00000 0.00000 0.00000 0.00000 0.00000 0.00000 0.00000 0.00000 0.00000 0.00000 0.00000 0.00000 0.00000 0.00000 0.00000 0.00000 0.00000 0.00000 0.00000 0.00000 0.00000 0.00000 0.00000
0.09403 0.10943 0.12525 0.13778 0.15204 0.15176 0.13572 0.11902 0.10091 0.08832 0.07222 0.05686 0.04158 0.02817 0.01408 0.00665 0.00587 0.00512 0.00440 0.00361 0.00292 0.00222 0.00157 0.00092 0.00030 0.00000 0.00000 0.00000 0.00000 0.00000 0.00000 0.00000 0.00000 0.00000 0.00000 0.00000 0.00000 0.00000 0.00000 0.00000 0.00000 0.00000 0.00000 0.00000 0.00000 0.00000 0.00000 0.00000 0.00000 0.00000 0.00000 0.00000 0.00000 0.00000 0.00000 0.00000 0.00000 0.00000 0.00000 0.00000 0.00000 0.00000 0.00000 0.00000 0.00000 0.00000 0.00000 0.00000 0.00000 0.00000
0.10069 0.11352 0.12635 0.13918 0.15254 0.15209 0.13698 0.12345 0.10707 0.09430 0.08050 0.06736 0.05274 0.04000 0.02781 0.02008 0.01763 0.01519 0.01321 0.01081 0.00877 0.00663 0.00470 0.00274 0.00091 0.00000 0.00000 0.00000 0.00000 0.00000 0.00000 0.00000 0.00000 0.00000 0.00000 0.00000 0.00000 0.00000 0.00000 0.00000 0.00000 0.00000 0.00000 0.00000 0.00000 0.00000 0.00000 0.00000 0.00000 0.00000 0.00000 0.00000 0.00000 0.00000 0.00000 0.00000 0.00000 0.00000 0.00000 0.00000 0.00000 0.00000 0.00000 0.00000 0.00000 0.00000 0.00000 0.00000 0.00000 0.00000
0.11539 0.12489 0.13779 0.14686 0.15851 0.15503 0.13852 0.12880 0.11240 0.10139 0.08606 0.07727 0.06396 0.05198 0.04031 0.03329 0.02959 0.02504 0.02166 0.01785 0.01462 0.01090 0.00779 0.00451 0.00150 0.00000 0.00000 0.00000 0.00000 0.00000 0.00000 0.00000 0.00000 0.00000 0.00000 0.00000 0.00000 0.00000 0.00000 0.00000 0.00000 0.00000 0.00000 0.00000 0.00000 0.00000 0.00000 0.00000 0.00000 0.00000 0.00000 0.00000 0.00000 0.00000 0.00000 0.00000 0.00000 0.00000 0.00000 0.00000 0.00000 0.00000 0.00000 0.00000 0.00000 0.00000 0.00000 0.00000 0.00000 0.00000
0.11956 0.12845 0.13953 0.14788 0.15810 0.15522 0.14060 0.13206 0.11817 0.10935 0.09447 0.08598 0.07512 0.06465 0.05373 0.04593 0.04147 0.03502 0.03032 0.02468 0.02047 0.01514 0.01090 0.00627 0.00210 0.00000 0.00000 0.00000 0.00000 0.00000 0.00000 0.00000 0.00000 0.00000 0.00000 0.00000 0.00000 0.00000 0.00000 0.00000 0.00000 0.00000 0.00000 0.00000 0.00000 0.00000 0.00000 0.00000 0.00000 0.00000 0.00000 0.00000 0.00000 0.00000 0.00000 0.00000 0.00000 0.00000 0.00000 0.00000 0.00000 0.00000 0.00000 0.00000 0.00000 0.00000 0.00000 0.00000 0.00000 0.00000
0.13615 0.14133 0.15190 0.15438 0.16324 0.15901 0.14280 0.13754 0.12108 0.11707 0.10169 0.09518 0.08363 0.07666 0.06701 0.05831 0.05219 0.04452 0.03903 0.03114 0.02607 0.01914 0.01400 0.00789 0.00269 0.00000 0.00000 0.00000 0.00000 0.00000 0.00000 0.00000 0.00000 0.00000 0.00000 0.00000 0.00000 0.00000 0.00000 0.00000 0.00000 0.00000 0.00000 0.00000 0.00000 0.00000 0.00000 0.00000 0.00000 0.00000 0.00000 0.00000 0.00000 0.00000 0.00000 0.00000 0.00000 0.00000 0.00000 0.00000 0.00000 0.00000 0.00000 0.00000 0.00000 0.00000 0.00000 0.00000 0.00000 0.00000
