0.00000 0.00000 0.00000 0.00000 0.00000 0.00000 0.00000 0.00000 0.00000 0.00000 0.00000 0.00000 0.00000 0.00000 0.00000 0.00000 0.00000 0.00000 0.00000 0.00000 0.00000 0.00000 0.00000 0.00000 0.00000 0.00000 0.00000 0.00000 0.00000 0.00000 0.00000 0.00000 0.00000 0.00000 0.00000 0.01967 0.05883 0.09803 0.13790 0.17705 0.21522 0.25445 0.29540 0.33392 0.37121 0.39103 0.39393 0.39256 0.39126 0.39077 0.39497 0.39254 0.39374 0.39103 0.39678 0.37285 0.33562 0.29332 0.25669 0.21625 0.17690 0.13742 0.09817 0.05899 0.01957 0.01961 0.05851 0.09801 0.13654 0.17631
0.00000 0.00000 0.00000 0.00000 0.00000 0.00000 0.00000 0.00000 0.00000 0.00000 0.00000 0.00000 0.00000 0.00000 0.00000 0.00000 0.00000 0.00000 0.00000 0.00000 0.00000 0.00000 0.00000 0.00000 0.00000 0.00000 0.00000 0.00000 0.00000 0.00000 0.00000 0.00000 0.00000 0.00000 0.00000 0.02327 0.06947 0.11566 0.16284 0.20924 0.25430 0.30057 0.34855 0.39440 0.43889 0.46264 0.46452 0.46313 0.46244 0.46329 0.46502 0.46283 0.46423 0.46417 0.46636 0.43929 0.39553 0.34838 0.30239 0.25445 0.20928 0.16312 0.11595 0.06946 0.02321 0.02332 0.06957 0.11599 0.16246 0.21039
0.00000 0.00000 0.00000 0.00000 0.00000 0.00000 0.00000 0.00000 0.00000 0.00000 0.00000 0.00000 0.00000 0.00000 0.00000 0.00000 0.00000 0.00000 0.00000 0.00000 0.00000 0.00000 0.00000 0.00000 0.00000 0.00000 0.00000 0.00000 0.00000 0.00000 0.00000 0.00000 0.00000 0.00000 0.00000 0.02685 0.08035 0.13360 0.18720 0.24121 0.29494 0.34729 0.39982 0.45444 0.50981 0.53460 0.53244 0.53353 0.53689 0.53545 0.53283 0.53304 0.53780 0.53625 0.53493 0.50594 0.45842 0.40226 0.34778 0.29330 0.24241 0.18837 0.13373 0.08013 0.02678 0.02687 0.08011 0.13340 0.18676 0.24148
0.00000 0.00000 0.00000 0.00000 0.00000 0.00000 0.00000 0.00000 0.00000 0.00000 0.00000 0.00000 0.00000 0.00000 0.00000 0.00000 0.00000 0.00000 0.00000 0.00000 0.00000 0.00000 0.00000 0.00000 0.00000 0.00000 0.00000 0.00000 0.00000 0.00000 0.00000 0.00000 0.00000 0.00000 0.00000 0.03034 0.09133 0.15236 0.21147 0.27168 0.33481 0.39547 0.45245 0.51344 0.57810 0.60692 0.60306 0.60465 0.60840 0.60617 0.60356 0.60572 0.60883 0.60600 0.60517 0.57681 0.51811 0.45420 0.39418 0.33484 0.27407 0.21180 0.15179 0.09157 0.03042 0.03029 0.09110 0.15301 0.21357 0.27488
0.00000 0.00000 0.00000 0.00000 0.00000 0.00000 0.00000 0.00000 0.00000 0.00000 0.00000 0.00000 0.00000 0.00000 0.00000 0.00000 0.00000 0.00000 0.00000 0.00000 0.00000 0.00000 0.00000 0.00000 0.00000 0.00000 0.00000 0.00000 0.00000 0.00000 0.00000 0.00000 0.00000 0.00000 0.00000 0.03389 0.10178 0.17002 0.23754 0.30424 0.37182 0.44104 0.50956 0.57490 0.64100 0.67718 0.67982 0.67697 0.67424 0.67631 0.68029 0.67814 0.67458 0.67601 0.68120 0.64529 0.57443 0.50679 0.44351 0.37447 0.30466 0.23672 0.17053 0.10231 0.03385 0.03381 0.10170 0.16966 0.23698 0.30476
0.00000 0.00000 0.00000 0.00000 0.00000 0.00000 0.00000 0.00000 0.00000 0.00000 0.00000 0.00000 0.00000 0.00000 0.00000 0.00000 0.00000 0.00000 0.00000 0.00000 0.00000 0.00000 0.00000 0.00000 0.00000 0.00000 0.00000 0.00000 0.00000 0.00000 0.00000 0.00000 0.00000 0.00000 0.00000 0.03392 0.10158 0.16908 0.23804 0.30592 0.37131 0.43911 0.51001 0.57675 0.64056 0.67563 0.67992 0.67778 0.67407 0.67638 0.68004 0.67745 0.67458 0.67770 0.68074 0.64360 0.57469 0.50958 0.44342 0.37253 0.30502 0.23841 0.17051 0.10139 0.03391 0.03414 0.10237 0.16971 0.23769 0.30761
0.00000 0.00000 0.00000 0.00000 0.00000 0.00000 0.00000 0.00000 0.00000 0.00000 0.00000 0.00000 0.00000 0.00000 0.00000 0.00000 0.00000 0.00000 0.00000 0.00000 0.00000 0.00000 0.00000 0.00000 0.00000 0.00000 0.00000 0.00000 0.00000 0.00000 0.00000 0.00000 0.00000 0.00000 0.00000 0.03039 0.09107 0.15148 0.21194 0.27341 0.33474 0.39355 0.45267 0.51515 0.57790 0.60569 0.60297 0.60538 0.60837 0.60626 0.60301 0.60512 0.60888 0.60722 0.60353 0.57499 0.51818 0.45623 0.39299 0.33311 0.27470 0.21317 0.15142 0.09090 0.03046 0.03035 0.09083 0.15132 0.21205 0.27248
0.00000 0.00000 0.00000 0.00000 0.00000 0.00000 0.00000 0.00000 0.00000 0.00000 0.00000 0.00000 0.00000 0.00000 0.00000 0.00000 0.00000 0.00000 0.00000 0.00000 0.00000 0.00000 0.00000 0.00000 0.00000 0.00000 0.00000 0.00000 0.00000 0.00000 0.00000 0.00000 0.00000 0.00000 0.00000 0.02679 0.08035 0.13392 0.18696 0.24058 0.29543 0.34787 0.39929 0.45393 0.51002 0.53469 0.53204 0.53422 0.53671 0.53453 0.53218 0.53482 0.53699 0.53459 0.53292 0.50910 0.45719 0.40106 0.34734 0.29547 0.24257 0.18701 0.13381 0.08068 0.02693 0.02666 0.08021 0.13454 0.18849 0.24183
0.00000 0.00000 0.00000 0.00000 0.00000 0.00000 0.00000 0.00000 0.00000 0.00000 0.00000 0.00000 0.00000 0.00000 0.00000 0.00000 0.00000 0.00000 0.00000 0.00000 0.00000 0.00000 0.00000 0.00000 0.00000 0.00000 0.00000 0.00000 0.00000 0.00000 0.00000 0.00000 0.00000 0.00000 0.00000 0.02318 0.06965 0.11611 0.16257 0.20851 0.25384 0.30114 0.34879 0.39406 0.43821 0.46280 0.46507 0.46372 0.46124 0.46265 0.46530 0.46416 0.46151 0.46275 0.46569 0.44161 0.39279 0.34742 0.30304 0.25591 0.20830 0.16232 0.11660 0.06962 0.02315 0.02320 0.06974 0.11572 0.16159 0.20773
0.00000 0.00000 0.00000 0.00000 0.00000 0.00000 0.00000 0.00000 0.00000 0.00000 0.00000 0.00000 0.00000 0.00000 0.00000 0.00000 0.00000 0.00000 0.00000 0.00000 0.00000 0.00000 0.00000 0.00000 0.00000 0.00000 0.00000 0.00000 0.00000 0.00000 0.00000 0.00000 0.00000 0.00000 0.00000 0.01965 0.05900 0.09815 0.13721 0.17644 0.21504 0.25504 0.29536 0.33319 0.37080 0.39205 0.39355 0.39186 0.39012 0.39227 0.39357 0.39176 0.39049 0.39288 0.39390 0.37232 0.33249 0.29524 0.25659 0.21559 0.17644 0.13796 0.09879 0.05867 0.01959 0.01968 0.05910 0.09792 0.13722 0.17699
0.00000 0.00000 0.00000 0.00000 0.00000 0.00000 0.00000 0.00000 0.00000 0.00000 0.00000 0.00000 0.00000 0.00000 0.00000 0.00000 0.00000 0.00000 0.00000 0.00000 0.00000 0.00000 0.00000 0.00000 0.00000 0.00000 0.00000 0.00000 0.00000 0.00000 0.00000 0.00000 0.00000 0.00000 0.00000 0.01612 0.04817 0.08016 0.11244 0.14463 0.17708 0.20866 0.23959 0.27252 0.30611 0.32100 0.31927 0.32045 0.32219 0.32118 0.31938 0.32038 0.32221 0.32162 0.31977 0.30453 0.27407 0.24150 0.20819 0.17660 0.14517 0.11253 0.08013 0.04823 0.01611 0.01602 0.04801 0.08023 0.11252 0.14431
0.00000 0.00000 0.00000 0.00000 0.00000 0.00000 0.00000 0.00000 0.00000 0.00000 0.00000 0.00000 0.00000 0.00000 0.00000 0.00000 0.00000 0.00000 0.00000 0.00000 0.00000 0.00000 0.00000 0.00000 0.00000 0.00000 0.00000 0.00000 0.00000 0.00000 0.00000 0.00000 0.00000 0.00000 0.00000 0.01251 0.03742 0.06248 0.08760 0.11239 0.13756 0.16238 0.18637 0.21185 0.23789 0.24972 0.24825 0.24939 0.25034 0.24944 0.24835 0.24992 0.25047 0.24927 0.24871 0.23790 0.21319 0.18704 0.16193 0.13793 0.11314 0.08722 0.06230 0.03758 0.01253 0.01243 0.03731 0.06253 0.08760 0.11252
0.00000 0.00000 0.00000 0.00000 0.00000 0.00000 0.00000 0.00000 0.00000 0.00000 0.00000 0.00000 0.00000 0.00000 0.00000 0.00000 0.00000 0.00000 0.00000 0.00000 0.00000 0.00000 0.00000 0.00000 0.00000 0.00000 0.00000 0.00000 0.00000 0.00000 0.00000 0.00000 0.00000 0.00000 0.00000 0.00891 0.02683 0.04475 0.06227 0.08002 0.09831 0.11615 0.13384 0.15133 0.16890 0.17831 0.17874 0.17817 0.17747 0.17820 0.17895 0.17847 0.17758 0.17811 0.17898 0.16984 0.15120 0.13374 0.11637 0.09831 0.08013 0.06252 0.04474 0.02673 0.00890 0.00893 0.02682 0.04449 0.06213 0.07978
0.00000 0.00000 0.00000 0.00000 0.00000 0.00000 0.00000 0.00000 0.00000 0.00000 0.00000 0.00000 0.00000 0.00000 0.00000 0.00000 0.00000 0.00000 0.00000 0.00000 0.00000 0.00000 0.00000 0.00000 0.00000 0.00000 0.00000 0.00000 0.00000 0.00000 0.00000 0.00000 0.00000 0.00000 0.00000 0.00535 0.01612 0.02681 0.03739 0.04819 0.05884 0.06944 0.08051 0.09124 0.10116 0.10656 0.10733 0.10723 0.10642 0.10685 0.10735 0.10690 0.10655 0.10725 0.10740 0.10152 0.09067 0.08057 0.06996 0.05877 0.04803 0.03761 0.02688 0.01600 0.00533 0.00536 0.01609 0.02668 0.03731 0.04814
0.00000 0.00000 0.00000 0.00000 0.00000 0.00000 0.00000 0.00000 0.00000 0.00000 0.00000 0.00000 0.00000 0.00000 0.00000 0.00000 0.00000 0.00000 0.00000 0.00000 0.00000 0.00000 0.00000 0.00000 0.00000 0.00000 0.00000 0.00000 0.00000 0.00000 0.00000 0.00000 0.00000 0.00000 0.00000 0.00179 0.00535 0.00890 0.01255 0.01611 0.01954 0.02311 0.02683 0.03038 0.03380 0.03557 0.03562 0.03571 0.03574 0.03561 0.03550 0.03566 0.03580 0.03570 0.03556 0.03387 0.03041 0.02681 0.02315 0.01964 0.01610 0.01249 0.00890 0.00537 0.00179 0.00178 0.00533 0.00891 0.01251 0.01608
0.00000 0.00000 0.00000 0.00000 0.00000 0.00000 0.00000 0.00000 0.00000 0.00000 0.00000 0.00000 0.00000 0.00000 0.00000 0.00182 0.00545 0.00905 0.01268 0.01635 0.01989 0.02342 0.02707 0.03073 0.03420 0.03588 0.03600 0.03603 0.03582 0.03576 0.03599 0.03589 0.03570 0.03573 0.03589 0.03405 0.03026 0.02671 0.02330 0.01966 0.01602 0.01248 0.00891 0.00534 0.00179 0.00000 0.00000 0.00000 0.00000 0.00000 0.00000 0.00000 0.00000 0.00000 0.00000 0.00000 0.00000 0.00000 0.00000 0.00000 0.00000 0.00000 0.00000 0.00000 0.00000 0.00000 0.00000 0.00000 0.00000 0.00000
0.00000 0.00000 0.00000 0.00000 0.00000 0.00000 0.00000 0.00000 0.00000 0.00000 0.00000 0.00000 0.00000 0.00000 0.00000 0.00547 0.01637 0.02714 0.03802 0.04907 0.05980 0.07020 0.08108 0.09227 0.10292 0.10762 0.10767 0.10807 0.10802 0.10747 0.10733 0.10736 0.10755 0.10765 0.10714 0.10167 0.09127 0.08046 0.06943 0.05887 0.04834 0.03747 0.02664 0.01603 0.00536 0.00000 0.00000 0.00000 0.00000 0.00000 0.00000 0.00000 0.00000 0.00000 0.00000 0.00000 0.00000 0.00000 0.00000 0.00000 0.00000 0.00000 0.00000 0.00000 0.00000 0.00000 0.00000 0.00000 0.00000 0.00000
0.00000 0.00000 0.00000 0.00000 0.00000 0.00000 0.00000 0.00000 0.00000 0.00000 0.00000 0.00000 0.00000 0.00000 0.00000 0.00907 0.02727 0.04555 0.06344 0.08125 0.09958 0.11777 0.13527 0.15297 0.17147 0.18022 0.17944 0.17948 0.18016 0.17949 0.17869 0.17907 0.17967 0.17949 0.17827 0.16921 0.15248 0.13451 0.11555 0.09783 0.08056 0.06249 0.04450 0.02680 0.00891 0.00000 0.00000 0.00000 0.00000 0.00000 0.00000 0.00000 0.00000 0.00000 0.00000 0.00000 0.00000 0.00000 0.00000 0.00000 0.00000 0.00000 0.00000 0.00000 0.00000 0.00000 0.00000 0.00000 0.00000 0.00000
0.00000 0.00000 0.00000 0.00000 0.00000 0.00000 0.00000 0.00000 0.00000 0.00000 0.00000 0.00000 0.00000 0.00000 0.00000 0.01271 0.03817 0.06378 0.08897 0.11374 0.13922 0.16500 0.18996 0.21410 0.23928 0.25244 0.25244 0.25137 0.25074 0.25118 0.25180 0.25148 0.25044 0.25007 0.25087 0.23832 0.21247 0.18738 0.16270 0.13743 0.11214 0.08762 0.06263 0.03735 0.01245 0.00000 0.00000 0.00000 0.00000 0.00000 0.00000 0.00000 0.00000 0.00000 0.00000 0.00000 0.00000 0.00000 0.00000 0.00000 0.00000 0.00000 0.00000 0.00000 0.00000 0.00000 0.00000 0.00000 0.00000 0.00000
0.00000 0.00000 0.00000 0.00000 0.00000 0.00000 0.00000 0.00000 0.00000 0.00000 0.00000 0.00000 0.00000 0.00000 0.00000 0.01644 0.04907 0.08146 0.11441 0.14723 0.17910 0.21115 0.24418 0.27624 0.30781 0.32420 0.32464 0.32334 0.32243 0.32341 0.32380 0.32299 0.32175 0.32135 0.32302 0.30701 0.27252 0.24023 0.20977 0.17718 0.14409 0.11250 0.08037 0.04799 0.01606 0.00000 0.00000 0.00000 0.00000 0.00000 0.00000 0.00000 0.00000 0.00000 0.00000 0.00000 0.00000 0.00000 0.00000 0.00000 0.00000 0.00000 0.00000 0.00000 0.00000 0.00000 0.00000 0.00000 0.00000 0.00000
0.00000 0.00000 0.00000 0.00000 0.00000 0.00000 0.00000 0.00000 0.00000 0.00000 0.00000 0.00000 0.00000 0.00000 0.00000 0.02009 0.06006 0.09959 0.13973 0.18004 0.21934 0.25806 0.29788 0.33781 0.37749 0.39624 0.39532 0.39531 0.39617 0.39550 0.39378 0.39375 0.39494 0.39453 0.39303 0.37308 0.33477 0.29531 0.25485 0.21568 0.17719 0.13732 0.09788 0.05898 0.01963 0.00000 0.00000 0.00000 0.00000 0.00000 0.00000 0.00000 0.00000 0.00000 0.00000 0.00000 0.00000 0.00000 0.00000 0.00000 0.00000 0.00000 0.00000 0.00000 0.00000 0.00000 0.00000 0.00000 0.00000 0.00000
0.00000 0.00000 0.00000 0.00000 0.00000 0.00000 0.00000 0.00000 0.00000 0.00000 0.00000 0.00000 0.00000 0.00000 0.00000 0.02361 0.07106 0.11858 0.16514 0.21167 0.25924 0.30601 0.35231 0.39903 0.44597 0.46803 0.46756 0.46831 0.46782 0.46663 0.46645 0.46555 0.46604 0.46718 0.46478 0.44011 0.39616 0.34975 0.30085 0.25461 0.20949 0.16213 0.11568 0.06978 0.02318 0.00000 0.00000 0.00000 0.00000 0.00000 0.00000 0.00000 0.00000 0.00000 0.00000 0.00000 0.00000 0.00000 0.00000 0.00000 0.00000 0.00000 0.00000 0.00000 0.00000 0.00000 0.00000 0.00000 0.00000 0.00000
0.00000 0.00000 0.00000 0.00000 0.00000 0.00000 0.00000 0.00000 0.00000 0.00000 0.00000 0.00000 0.00000 0.00000 0.00000 0.02726 0.08193 0.13683 0.19078 0.24424 0.29894 0.35330 0.40717 0.46041 0.51370 0.54018 0.54104 0.54046 0.53832 0.53856 0.53959 0.53814 0.53686 0.53743 0.53792 0.51027 0.45534 0.40176 0.34901 0.29506 0.24013 0.18720 0.13418 0.08025 0.02671 0.00000 0.00000 0.00000 0.00000 0.00000 0.00000 0.00000 0.00000 0.00000 0.00000 0.00000 0.00000 0.00000 0.00000 0.00000 0.00000 0.00000 0.00000 0.00000 0.00000 0.00000 0.00000 0.00000 0.00000 0.00000
0.00000 0.00000 0.00000 0.00000 0.00000 0.00000 0.00000 0.00000 0.00000 0.00000 0.00000 0.00000 0.00000 0.00000 0.00000 0.03108 0.09277 0.15412 0.21640 0.27812 0.33900 0.39984 0.46128 0.52182 0.58291 0.61368 0.61239 0.61097 0.61180 0.61092 0.60943 0.61085 0.61053 0.60743 0.60790 0.57995 0.51656 0.45410 0.39560 0.33467 0.27247 0.21262 0.15181 0.09068 0.03035 0.00000 0.00000 0.00000 0.00000 0.00000 0.00000 0.00000 0.00000 0.00000 0.00000 0.00000 0.00000 0.00000 0.00000 0.00000 0.00000 0.00000 0.00000 0.00000 0.00000 0.00000 0.00000 0.00000 0.00000 0.00000
0.00000 0.00000 0.00000 0.00000 0.00000 0.00000 0.00000 0.00000 0.00000 0.00000 0.00000 0.00000 0.00000 0.00000 0.00000 0.03474 0.10383 0.17228 0.24185 0.31110 0.37906 0.44690 0.51542 0.58344 0.65232 0.68596 0.68379 0.68323 0.68424 0.68264 0.68138 0.68235 0.68228 0.68015 0.67928 0.64604 0.57861 0.50958 0.44020 0.37271 0.30638 0.23780 0.16892 0.10143 0.03396 0.00000 0.00000 0.00000 0.00000 0.00000 0.00000 0.00000 0.00000 0.00000 0.00000 0.00000 0.00000 0.00000 0.00000 0.00000 0.00000 0.00000 0.00000 0.00000 0.00000 0.00000 0.00000 0.00000 0.00000 0.00000
0.00000 0.00000 0.00000 0.00000 0.00000 0.00000 0.00000 0.00000 0.00000 0.00000 0.00000 0.00000 0.00000 0.00000 0.00000 0.03638 0.10948 0.18256 0.25452 0.32637 0.39907 0.47112 0.54316 0.61479 0.68592 0.71916 0.71594 0.71143 0.70606 0.70313 0.70003 0.69372 0.68878 0.68756 0.68364 0.64444 0.57703 0.51075 0.44100 0.37276 0.30594 0.23713 0.16915 0.10201 0.03392 0.00000 0.00000 0.00000 0.00000 0.00000 0.00000 0.00000 0.00000 0.00000 0.00000 0.00000 0.00000 0.00000 0.00000 0.00000 0.00000 0.00000 0.00000 0.00000 0.00000 0.00000 0.00000 0.00000 0.00000 0.00000
0.00000 0.00000 0.00000 0.00000 0.00000 0.00000 0.00000 0.00000 0.00000 0.00000 0.00000 0.00000 0.00000 0.00000 0.00000 0.03641 0.10950 0.18265 0.25455 0.32634 0.39928 0.47136 0.54315 0.61486 0.68616 0.71595 0.70522 0.69333 0.68175 0.67127 0.65972 0.64717 0.63613 0.62628 0.61508 0.57739 0.51617 0.45641 0.39584 0.33383 0.27231 0.21249 0.15219 0.09101 0.03024 0.00000 0.00000 0.00000 0.00000 0.00000 0.00000 0.00000 0.00000 0.00000 0.00000 0.00000 0.00000 0.00000 0.00000 0.00000 0.00000 0.00000 0.00000 0.00000 0.00000 0.00000 0.00000 0.00000 0.00000 0.00000
0.00000 0.00000 0.00000 0.00000 0.00000 0.00000 0.00000 0.00000 0.00000 0.00000 0.00000 0.00000 0.00000 0.00000 0.00000 0.03656 0.10933 0.18183 0.25477 0.32735 0.39963 0.47124 0.54285 0.61461 0.68713 0.71338 0.69358 0.67537 0.65795 0.63833 0.61858 0.60152 0.58433 0.56421 0.54496 0.51059 0.45707 0.40209 0.34812 0.29454 0.24102 0.18783 0.13389 0.08004 0.02676 0.00000 0.00000 0.00000 0.00000 0.00000 0.00000 0.00000 0.00000 0.00000 0.00000 0.00000 0.00000 0.00000 0.00000 0.00000 0.00000 0.00000 0.00000 0.00000 0.00000 0.00000 0.00000 0.00000 0.00000 0.00000
0.00000 0.00000 0.00000 0.00000 0.00000 0.00000 0.00000 0.00000 0.00000 0.00000 0.00000 0.00000 0.00000 0.00000 0.00000 0.03657 0.10947 0.18182 0.25490 0.32751 0.39947 0.47143 0.54332 0.61484 0.68702 0.70974 0.68351 0.65786 0.63191 0.60562 0.58024 0.55544 0.52948 0.50299 0.47780 0.44284 0.39606 0.34813 0.30130 0.25576 0.20954 0.16234 0.11565 0.06954 0.02325 0.00000 0.00000 0.00000 0.00000 0.00000 0.00000 0.00000 0.00000 0.00000 0.00000 0.00000 0.00000 0.00000 0.00000 0.00000 0.00000 0.00000 0.00000 0.00000 0.00000 0.00000 0.00000 0.00000 0.00000 0.00000
0.00000 0.00000 0.00000 0.00000 0.00000 0.00000 0.00000 0.00000 0.00000 0.00000 0.00000 0.00000 0.00000 0.00000 0.00000 0.03648 0.10963 0.18255 0.25490 0.32697 0.39953 0.47176 0.54374 0.61539 0.68689 0.70600 0.67338 0.63994 0.60606 0.57368 0.54198 0.50825 0.47444 0.44286 0.41120 0.37417 0.33394 0.29499 0.25587 0.21648 0.17680 0.13713 0.09808 0.05905 0.01964 0.00000 0.00000 0.00000 0.00000 0.00000 0.00000 0.00000 0.00000 0.00000 0.00000 0.00000 0.00000 0.00000 0.00000 0.00000 0.00000 0.00000 0.00000 0.00000 0.00000 0.00000 0.00000 0.00000 0.00000 0.00000
0.00000 0.00000 0.00000 0.00000 0.00000 0.00000 0.00000 0.00000 0.00000 0.00000 0.00000 0.00000 0.00000 0.00000 0.00000 0.03650 0.10962 0.18255 0.25484 0.32713 0.39989 0.47191 0.54368 0.61546 0.68743 0.70284 0.66207 0.62165 0.58191 0.54203 0.50143 0.46103 0.42167 0.38254 0.34249 0.30565 0.27344 0.24194 0.20958 0.17653 0.14432 0.11269 0.08050 0.04811 0.01602 0.00000 0.00000 0.00000 0.00000 0.00000 0.00000 0.00000 0.00000 0.00000 0.00000 0.00000 0.00000 0.00000 0.00000 0.00000 0.00000 0.00000 0.00000 0.00000 0.00000 0.00000 0.00000 0.00000 0.00000 0.00000
0.00000 0.00000 0.00000 0.00000 0.00000 0.00000 0.00000 0.00000 0.00000 0.00000 0.00000 0.00000 0.00000 0.00000 0.00000 0.03655 0.10960 0.18239 0.25498 0.32742 0.39999 0.47211 0.54385 0.61536 0.68762 0.69969 0.65124 0.60362 0.55724 0.50960 0.46132 0.41472 0.36870 0.32115 0.27360 0.23811 0.21342 0.18796 0.16241 0.13738 0.11266 0.08771 0.06241 0.03736 0.01250 0.00000 0.00000 0.00000 0.00000 0.00000 0.00000 0.00000 0.00000 0.00000 0.00000 0.00000 0.00000 0.00000 0.00000 0.00000 0.00000 0.00000 0.00000 0.00000 0.00000 0.00000 0.00000 0.00000 0.00000 0.00000
0.00000 0.00000 0.00000 0.00000 0.00000 0.00000 0.00000 0.00000 0.00000 0.00000 0.00000 0.00000 0.00000 0.00000 0.00000 0.03656 0.10965 0.18247 0.25510 0.32753 0.40004 0.47216 0.54412 0.61576 0.68747 0.69582 0.64119 0.58628 0.53124 0.47668 0.42275 0.36872 0.31412 0.25971 0.20602 0.17045 0.15233 0.13391 0.11600 0.09846 0.08057 0.06241 0.04452 0.02678 0.00894 0.00000 0.00000 0.00000 0.00000 0.00000 0.00000 0.00000 0.00000 0.00000 0.00000 0.00000 0.00000 0.00000 0.00000 0.00000 0.00000 0.00000 0.00000 0.00000 0.00000 0.00000 0.00000 0.00000 0.00000 0.00000
0.00000 0.00000 0.00000 0.00000 0.00000 0.00000 0.00000 0.00000 0.00000 0.00000 0.00000 0.00000 0.00000 0.00000 0.00000 0.03657 0.10971 0.18257 0.25515 0.32765 0.40024 0.47217 0.54412 0.61621 0.68785 0.69202 0.63041 0.56859 0.50601 0.44435 0.38362 0.32185 0.25988 0.19905 0.13830 0.10213 0.09113 0.08048 0.06984 0.05903 0.04819 0.03744 0.02679 0.01609 0.00535 0.00000 0.00000 0.00000 0.00000 0.00000 0.00000 0.00000 0.00000 0.00000 0.00000 0.00000 0.00000 0.00000 0.00000 0.00000 0.00000 0.00000 0.00000 0.00000 0.00000 0.00000 0.00000 0.00000 0.00000 0.00000
0.00000 0.00000 0.00000 0.00000 0.00000 0.00000 0.00000 0.00000 0.00000 0.00000 0.00000 0.00000 0.00000 0.00000 0.00000 0.03658 0.10974 0.18264 0.25524 0.32770 0.40038 0.47248 0.54420 0.61603 0.68836 0.68914 0.61914 0.55008 0.48162 0.41263 0.34336 0.27471 0.20659 0.13835 0.06993 0.03398 0.03042 0.02689 0.02327 0.01962 0.01606 0.01252 0.00894 0.00535 0.00178 0.00000 0.00000 0.00000 0.00000 0.00000 0.00000 0.00000 0.00000 0.00000 0.00000 0.00000 0.00000 0.00000 0.00000 0.00000 0.00000 0.00000 0.00000 0.00000 0.00000 0.00000 0.00000 0.00000 0.00000 0.00000
0.00000 0.00000 0.00000 0.00000 0.00000 0.00000 0.00000 0.00000 0.00000 0.00000 0.00000 0.00000 0.00000 0.00000 0.00000 0.03477 0.10428 0.17357 0.24261 0.31139 0.38035 0.44909 0.51738 0.58517 0.65375 0.65344 0.58346 0.51389 0.44557 0.37672 0.30735 0.23891 0.17089 0.10233 0.03401 0.00179 0.00538 0.00895 0.01250 0.01608 0.01968 0.02326 0.02674 0.03028 0.03394 0.03575 0.03562 0.03560 0.03570 0.03571 0.03558 0.03561 0.03576 0.03569 0.03554 0.03383 0.03044 0.02682 0.02311 0.01960 0.01612 0.01252 0.00889 0.00536 0.00179 0.00179 0.00533 0.00891 0.01251 0.01610
0.00000 0.00000 0.00000 0.00000 0.00000 0.00000 0.00000 0.00000 0.00000 0.00000 0.00000 0.00000 0.00000 0.00000 0.00000 0.03112 0.09334 0.15533 0.21714 0.27877 0.34042 0.40174 0.46312 0.52408 0.58485 0.58426 0.52260 0.46043 0.39821 0.33669 0.27554 0.21412 0.15260 0.09144 0.03050 0.00538 0.01612 0.02680 0.03754 0.04834 0.05902 0.06959 0.08025 0.09104 0.10181 0.10708 0.10690 0.10689 0.10708 0.10707 0.10686 0.10680 0.10700 0.10708 0.10692 0.10147 0.09105 0.08035 0.06944 0.05875 0.04832 0.03753 0.02667 0.01601 0.00535 0.00537 0.01605 0.02666 0.03731 0.04803
0.00000 0.00000 0.00000 0.00000 0.00000 0.00000 0.00000 0.00000 0.00000 0.00000 0.00000 0.00000 0.00000 0.00000 0.00000 0.02747 0.08240 0.13711 0.19161 0.24607 0.30058 0.35453 0.40851 0.46268 0.51653 0.51546 0.46089 0.40651 0.35161 0.29707 0.24317 0.18893 0.13459 0.08075 0.02694 0.00896 0.02682 0.04475 0.06269 0.08047 0.09819 0.11604 0.13398 0.15183 0.16948 0.17829 0.17831 0.17832 0.17830 0.17825 0.17836 0.17837 0.17791 0.17806 0.17878 0.16966 0.15105 0.13330 0.11637 0.09840 0.07994 0.06227 0.04478 0.02685 0.00888 0.00891 0.02684 0.04471 0.06230 0.08011
0.00000 0.00000 0.00000 0.00000 0.00000 0.00000 0.00000 0.00000 0.00000 0.00000 0.00000 0.00000 0.00000 0.00000 0.00000 0.02381 0.07143 0.11888 0.16613 0.21326 0.26057 0.30752 0.35412 0.40079 0.44791 0.44727 0.39928 0.35199 0.30513 0.25783 0.21045 0.16356 0.11689 0.07008 0.02331 0.01253 0.03764 0.06273 0.08763 0.11250 0.13766 0.16275 0.18741 0.21224 0.23744 0.24989 0.24951 0.24954 0.24972 0.24958 0.24959 0.24963 0.24944 0.24944 0.24978 0.23723 0.21195 0.18710 0.16272 0.13742 0.11210 0.08723 0.06263 0.03752 0.01243 0.01244 0.03736 0.06254 0.08739 0.11200
0.00000 0.00000 0.00000 0.00000 0.00000 0.00000 0.00000 0.00000 0.00000 0.00000 0.00000 0.00000 0.00000 0.00000 0.00000 0.02017 0.06045 0.10058 0.14065 0.18054 0.22046 0.26029 0.29991 0.33919 0.37880 0.37862 0.33821 0.29783 0.25806 0.21824 0.17817 0.13843 0.09894 0.05928 0.01971 0.01613 0.04844 0.08059 0.11256 0.14477 0.17717 0.20922 0.24077 0.27277 0.30549 0.32155 0.32068 0.32064 0.32129 0.32107 0.32048 0.32070 0.32123 0.32101 0.32025 0.30440 0.27346 0.24102 0.20802 0.17597 0.14495 0.11257 0.07999 0.04801 0.01611 0.01608 0.04793 0.07996 0.11237 0.14457
0.00000 0.00000 0.00000 0.00000 0.00000 0.00000 0.00000 0.00000 0.00000 0.00000 0.00000 0.00000 0.00000 0.00000 0.00000 0.01650 0.04950 0.08234 0.11508 0.14779 0.18045 0.21291 0.24545 0.27781 0.30996 0.30956 0.27690 0.24399 0.21101 0.17840 0.14599 0.11340 0.08082 0.04847 0.01616 0.01974 0.05908 0.09841 0.13786 0.17714 0.21619 0.25544 0.29470 0.33370 0.37300 0.39279 0.39223 0.39191 0.39237 0.39247 0.39199 0.39222 0.39235 0.39195 0.39185 0.37291 0.33389 0.29388 0.25459 0.21586 0.17717 0.13722 0.09783 0.05875 0.01967 0.01966 0.05864 0.09761 0.13691 0.17683
0.00000 0.00000 0.00000 0.00000 0.00000 0.00000 0.00000 0.00000 0.00000 0.00000 0.00000 0.00000 0.00000 0.00000 0.00000 0.01281 0.03853 0.06418 0.08952 0.11487 0.14045 0.16569 0.19084 0.21612 0.24133 0.24083 0.21523 0.18983 0.16428 0.13877 0.11350 0.08822 0.06289 0.03770 0.01257 0.02332 0.06981 0.11636 0.16301 0.20931 0.25543 0.30187 0.34838 0.39460 0.44077 0.46391 0.46359 0.46344 0.46357 0.46369 0.46389 0.46328 0.46271 0.46339 0.46434 0.44026 0.39303 0.34727 0.30198 0.25512 0.20811 0.16195 0.11611 0.06959 0.02311 0.02313 0.06964 0.11599 0.16181 0.20779
0.00000 0.00000 0.00000 0.00000 0.00000 0.00000 0.00000 0.00000 0.00000 0.00000 0.00000 0.00000 0.00000 0.00000 0.00000 0.00917 0.02748 0.04579 0.06403 0.08213 0.10027 0.11843 0.13638 0.15430 0.17242 0.17222 0.15374 0.13549 0.11744 0.09923 0.08101 0.06297 0.04499 0.02695 0.00897 0.02690 0.08073 0.13435 0.18772 0.24141 0.29529 0.34850 0.40139 0.45520 0.50917 0.53542 0.53459 0.53470 0.53521 0.53543 0.53465 0.53375 0.53455 0.53588 0.53514 0.50659 0.45408 0.40216 0.34832 0.29323 0.24034 0.18759 0.13428 0.08006 0.02669 0.02671 0.08033 0.13413 0.18719 0.24047
0.00000 0.00000 0.00000 0.00000 0.00000 0.00000 0.00000 0.00000 0.00000 0.00000 0.00000 0.00000 0.00000 0.00000 0.00000 0.00553 0.01647 0.02737 0.03845 0.04942 0.06017 0.07096 0.08190 0.09265 0.10340 0.10334 0.09234 0.08132 0.07042 0.05956 0.04865 0.03778 0.02699 0.01618 0.00538 0.03048 0.09150 0.15232 0.21277 0.27356 0.33469 0.39515 0.45502 0.51571 0.57696 0.60705 0.60613 0.60608 0.60649 0.60586 0.60525 0.60632 0.60700 0.60539 0.60439 0.57591 0.51605 0.45446 0.39339 0.33326 0.27293 0.21221 0.15159 0.09089 0.03027 0.03030 0.09083 0.15142 0.21206 0.27284
0.00000 0.00000 0.00000 0.00000 0.00000 0.00000 0.00000 0.00000 0.00000 0.00000 0.00000 0.00000 0.00000 0.00000 0.00000 0.00184 0.00551 0.00915 0.01278 0.01645 0.02009 0.02368 0.02726 0.03091 0.03449 0.03442 0.03079 0.02714 0.02347 0.01984 0.01623 0.01260 0.00899 0.00539 0.00180 0.03408 0.10208 0.17023 0.23829 0.30574 0.37339 0.44174 0.50932 0.57627 0.64428 0.67835 0.67764 0.67776 0.67726 0.67643 0.67757 0.67954 0.67724 0.67481 0.67688 0.64554 0.57618 0.50605 0.43985 0.37421 0.30535 0.23636 0.16919 0.10205 0.03398 0.03381 0.10140 0.16906 0.23721 0.30539
0.00000 0.00000 0.00000 0.00000 0.00000 0.00000 0.00000 0.00000 0.00000 0.00000 0.00000 0.00000 0.00000 0.00000 0.00000 0.00000 0.00000 0.00000 0.00000 0.00000 0.00000 0.00000 0.00000 0.00000 0.00000 0.00181 0.00543 0.00905 0.01265 0.01623 0.01983 0.02342 0.02698 0.03054 0.03413 0.07000 0.13794 0.20595 0.27411 0.34172 0.40925 0.47733 0.54479 0.61198 0.68060 0.71259 0.70679 0.70354 0.70230 0.69816 0.69242 0.68847 0.68521 0.68363 0.68006 0.64266 0.57464 0.50822 0.44057 0.37272 0.30538 0.23705 0.16904 0.10163 0.03402 0.03391 0.10124 0.16900 0.23695 0.30495
0.00000 0.00000 0.00000 0.00000 0.00000 0.00000 0.00000 0.00000 0.00000 0.00000 0.00000 0.00000 0.00000 0.00000 0.00000 0.00000 0.00000 0.00000 0.00000 0.00000 0.00000 0.00000 0.00000 0.00000 0.00000 0.00544 0.01630 0.02712 0.03796 0.04875 0.05946 0.07022 0.08103 0.09167 0.10226 0.13821 0.19923 0.25965 0.32011 0.38134 0.44221 0.50202 0.56206 0.62306 0.68441 0.70930 0.69632 0.68551 0.67708 0.66624 0.65318 0.64110 0.63301 0.62444 0.61140 0.57394 0.51470 0.45618 0.39404 0.33249 0.27267 0.21296 0.15161 0.09077 0.03030 0.03040 0.09114 0.15127 0.21152 0.27251
0.00000 0.00000 0.00000 0.00000 0.00000 0.00000 0.00000 0.00000 0.00000 0.00000 0.00000 0.00000 0.00000 0.00000 0.00000 0.00000 0.00000 0.00000 0.00000 0.00000 0.00000 0.00000 0.00000 0.00000 0.00000 0.00905 0.02719 0.04523 0.06323 0.08127 0.09919 0.11702 0.13498 0.15290 0.17056 0.20628 0.26021 0.31368 0.36676 0.42050 0.47428 0.52717 0.58066 0.63443 0.68616 0.70411 0.68883 0.66981 0.64834 0.63122 0.61630 0.59835 0.57981 0.55965 0.54222 0.50889 0.45522 0.40124 0.34737 0.29386 0.24036 0.18748 0.13429 0.08015 0.02667 0.02673 0.08054 0.13409 0.18685 0.23963
0.00000 0.00000 0.00000 0.00000 0.00000 0.00000 0.00000 0.00000 0.00000 0.00000 0.00000 0.00000 0.00000 0.00000 0.00000 0.00000 0.00000 0.00000 0.00000 0.00000 0.00000 0.00000 0.00000 0.00000 0.00000 0.01269 0.03801 0.06338 0.08856 0.11370 0.13894 0.16397 0.18883 0.21398 0.23912 0.27448 0.32070 0.36763 0.41402 0.45949 0.50572 0.55279 0.59902 0.64454 0.68987 0.70101 0.67761 0.65145 0.62419 0.60027 0.57682 0.55202 0.52542 0.49900 0.47545 0.44143 0.39437 0.34705 0.30106 0.25537 0.20843 0.16214 0.11610 0.06964 0.02315 0.02315 0.06958 0.11631 0.16272 0.20829
0.00000 0.00000 0.00000 0.00000 0.00000 0.00000 0.00000 0.00000 0.00000 0.00000 0.00000 0.00000 0.00000 0.00000 0.00000 0.00000 0.00000 0.00000 0.00000 0.00000 0.00000 0.00000 0.00000 0.00000 0.00000 0.01637 0.04884 0.08129 0.11397 0.14625 0.17853 0.21092 0.24299 0.27497 0.30729 0.34298 0.38182 0.42108 0.46046 0.49912 0.53845 0.57811 0.61524 0.65404 0.69687 0.69948 0.66289 0.63162 0.60296 0.57042 0.53558 0.50264 0.47171 0.44174 0.40935 0.37186 0.33219 0.29381 0.25522 0.21634 0.17661 0.13684 0.09775 0.05898 0.01970 0.01958 0.05860 0.09780 0.13739 0.17638
0.00000 0.00000 0.00000 0.00000 0.00000 0.00000 0.00000 0.00000 0.00000 0.00000 0.00000 0.00000 0.00000 0.00000 0.00000 0.00000 0.00000 0.00000 0.00000 0.00000 0.00000 0.00000 0.00000 0.00000 0.00000 0.01997 0.05985 0.09949 0.13917 0.17890 0.21822 0.25762 0.29723 0.33630 0.37521 0.41124 0.44347 0.47467 0.50630 0.53913 0.57146 0.60209 0.63290 0.66652 0.70008 0.69396 0.65282 0.61557 0.57737 0.53634 0.49654 0.45778 0.41860 0.38055 0.34095 0.30411 0.27166 0.24103 0.20879 0.17680 0.14457 0.11203 0.08010 0.04816 0.01612 0.01607 0.04803 0.08008 0.11236 0.14485
0.00000 0.00000 0.00000 0.00000 0.00000 0.00000 0.00000 0.00000 0.00000 0.00000 0.00000 0.00000 0.00000 0.00000 0.00000 0.00000 0.00000 0.00000 0.00000 0.00000 0.00000 0.00000 0.00000 0.00000 0.00000 0.02351 0.07090 0.11801 0.16434 0.21114 0.25812 0.30449 0.35110 0.39776 0.44377 0.47915 0.50436 0.52897 0.55326 0.57839 0.60256 0.62672 0.65408 0.67843 0.69892 0.68932 0.64622 0.59874 0.54967 0.50290 0.45855 0.41336 0.36608 0.31789 0.27189 0.23738 0.21301 0.18750 0.16165 0.13662 0.11222 0.08770 0.06247 0.03734 0.01244 0.01251 0.03758 0.06239 0.08713 0.11194
0.00000 0.00000 0.00000 0.00000 0.00000 0.00000 0.00000 0.00000 0.00000 0.00000 0.00000 0.00000 0.00000 0.00000 0.00000 0.00000 0.00000 0.00000 0.00000 0.00000 0.00000 0.00000 0.00000 0.00000 0.00000 0.02720 0.08151 0.13587 0.18986 0.24376 0.29779 0.35160 0.40498 0.45869 0.51251 0.54747 0.56468 0.58302 0.60068 0.61683 0.63396 0.65379 0.67220 0.68621 0.70260 0.68874 0.63551 0.57791 0.52466 0.47335 0.41888 0.36543 0.31229 0.25807 0.20408 0.16959 0.15195 0.13376 0.11553 0.09786 0.08024 0.06260 0.04470 0.02669 0.00890 0.00891 0.02686 0.04475 0.06252 0.08027
0.00000 0.00000 0.00000 0.00000 0.00000 0.00000 0.00000 0.00000 0.00000 0.00000 0.00000 0.00000 0.00000 0.00000 0.00000 0.00000 0.00000 0.00000 0.00000 0.00000 0.00000 0.00000 0.00000 0.00000 0.00000 0.03095 0.09216 0.15336 0.21582 0.27701 0.33721 0.39835 0.45929 0.51968 0.58057 0.61618 0.62606 0.63636 0.64655 0.65657 0.66811 0.67836 0.68660 0.69803 0.71020 0.68385 0.62198 0.56138 0.50101 0.44150 0.38069 0.31812 0.25770 0.19822 0.13767 0.10147 0.09063 0.08006 0.06975 0.05900 0.04801 0.03733 0.02671 0.01611 0.00535 0.00534 0.01602 0.02679 0.03755 0.04828
0.00000 0.00000 0.00000 0.00000 0.00000 0.00000 0.00000 0.00000 0.00000 0.00000 0.00000 0.00000 0.00000 0.00000 0.00000 0.00000 0.00000 0.00000 0.00000 0.00000 0.00000 0.00000 0.00000 0.00000 0.00000 0.03452 0.10329 0.17180 0.24067 0.30926 0.37698 0.44517 0.51352 0.58125 0.64855 0.68432 0.68779 0.68995 0.69243 0.69723 0.70100 0.70084 0.70428 0.71174 0.71403 0.67757 0.61067 0.54578 0.47590 0.40753 0.34153 0.27275 0.20411 0.13740 0.06972 0.03381 0.03015 0.02676 0.02324 0.01967 0.01602 0.01247 0.00892 0.00536 0.00179 0.00179 0.00534 0.00890 0.01248 0.01605
0.00000 0.00000 0.00000 0.00000 0.00000 0.00000 0.00000 0.00000 0.00000 0.00000 0.00000 0.00000 0.00000 0.00000 0.00000 0.00000 0.00000 0.00000 0.00000 0.00000 0.00000 0.00000 0.00000 0.00000 0.00000 0.03440 0.10367 0.17246 0.23975 0.30803 0.37785 0.44574 0.51327 0.58145 0.64899 0.68223 0.68207 0.68168 0.68075 0.67997 0.68009 0.68110 0.67895 0.67697 0.67923 0.64627 0.57527 0.50691 0.44188 0.37301 0.30368 0.23704 0.16989 0.10152 0.03375 0.00000 0.00000 0.00000 0.00000 0.00000 0.00000 0.00000 0.00000 0.00000 0.00000 0.00000 0.00000 0.00000 0.00000 0.00000
0.00000 0.00000 0.00000 0.00000 0.00000 0.00000 0.00000 0.00000 0.00000 0.00000 0.00000 0.00000 0.00000 0.00000 0.00000 0.00000 0.00000 0.00000 0.00000 0.00000 0.00000 0.00000 0.00000 0.00000 0.00000 0.03084 0.09266 0.15415 0.21479 0.27606 0.33805 0.39879 0.45912 0.52000 0.58092 0.61064 0.60985 0.60997 0.60953 0.60782 0.60842 0.61010 0.60718 0.60533 0.60797 0.57820 0.51471 0.45386 0.39517 0.33369 0.27159 0.21223 0.15209 0.09074 0.03016 0.00000 0.00000 0.00000 0.00000 0.00000 0.00000 0.00000 0.00000 0.00000 0.00000 0.00000 0.00000 0.00000 0.00000 0.00000
0.00000 0.00000 0.00000 0.00000 0.00000 0.00000 0.00000 0.00000 0.00000 0.00000 0.00000 0.00000 0.00000 0.00000 0.00000 0.00000 0.00000 0.00000 0.00000 0.00000 0.00000 0.00000 0.00000 0.00000 0.00000 0.02727 0.08138 0.13566 0.19061 0.24433 0.29735 0.35140 0.40555 0.45887 0.51239 0.53909 0.53832 0.53763 0.53774 0.53795 0.53610 0.53510 0.53783 0.53754 0.53436 0.50722 0.45674 0.40234 0.34643 0.29355 0.24166 0.18732 0.13312 0.08012 0.02682 0.00000 0.00000 0.00000 0.00000 0.00000 0.00000 0.00000 0.00000 0.00000 0.00000 0.00000 0.00000 0.00000 0.00000 0.00000
0.00000 0.00000 0.00000 0.00000 0.00000 0.00000 0.00000 0.00000 0.00000 0.00000 0.00000 0.00000 0.00000 0.00000 0.00000 0.00000 0.00000 0.00000 0.00000 0.00000 0.00000 0.00000 0.00000 0.00000 0.00000 0.02363 0.07053 0.11759 0.16514 0.21180 0.25752 0.30456 0.35161 0.39789 0.44399 0.46707 0.46678 0.46611 0.46599 0.46615 0.46435 0.46395 0.46621 0.46542 0.46292 0.44017 0.39554 0.34812 0.30028 0.25493 0.20932 0.16202 0.11537 0.06959 0.02326 0.00000 0.00000 0.00000 0.00000 0.00000 0.00000 0.00000 0.00000 0.00000 0.00000 0.00000 0.00000 0.00000 0.00000 0.00000
0.00000 0.00000 0.00000 0.00000 0.00000 0.00000 0.00000 0.00000 0.00000 0.00000 0.00000 0.00000 0.00000 0.00000 0.00000 0.00000 0.00000 0.00000 0.00000 0.00000 0.00000 0.00000 0.00000 0.00000 0.00000 0.02000 0.06005 0.09952 0.13892 0.17907 0.21882 0.25784 0.29724 0.33670 0.37587 0.39515 0.39490 0.39470 0.39413 0.39366 0.39500 0.39438 0.39176 0.39233 0.39443 0.37383 0.33231 0.29371 0.25606 0.21609 0.17572 0.13702 0.09839 0.05887 0.01952 0.00000 0.00000 0.00000 0.00000 0.00000 0.00000 0.00000 0.00000 0.00000 0.00000 0.00000 0.00000 0.00000 0.00000 0.00000
0.00000 0.00000 0.00000 0.00000 0.00000 0.00000 0.00000 0.00000 0.00000 0.00000 0.00000 0.00000 0.00000 0.00000 0.00000 0.00000 0.00000 0.00000 0.00000 0.00000 0.00000 0.00000 0.00000 0.00000 0.00000 0.01636 0.04910 0.08156 0.11370 0.14637 0.17909 0.21113 0.24312 0.27538 0.30757 0.32340 0.32303 0.32282 0.32241 0.32233 0.32332 0.32219 0.32062 0.32142 0.32273 0.30537 0.27193 0.24077 0.20943 0.17640 0.14378 0.11236 0.08052 0.04804 0.01597 0.00000 0.00000 0.00000 0.00000 0.00000 0.00000 0.00000 0.00000 0.00000 0.00000 0.00000 0.00000 0.00000 0.00000 0.00000
0.00000 0.00000 0.00000 0.00000 0.00000 0.00000 0.00000 0.00000 0.00000 0.00000 0.00000 0.00000 0.00000 0.00000 0.00000 0.00000 0.00000 0.00000 0.00000 0.00000 0.00000 0.00000 0.00000 0.00000 0.00000 0.01268 0.03808 0.06358 0.08876 0.11347 0.13904 0.16441 0.18924 0.21414 0.23918 0.25157 0.25128 0.25104 0.25124 0.25096 0.24965 0.25000 0.25125 0.25057 0.24889 0.23696 0.21317 0.18762 0.16153 0.13702 0.11275 0.08747 0.06209 0.03736 0.01252 0.00000 0.00000 0.00000 0.00000 0.00000 0.00000 0.00000 0.00000 0.00000 0.00000 0.00000 0.00000 0.00000 0.00000 0.00000
0.00000 0.00000 0.00000 0.00000 0.00000 0.00000 0.00000 0.00000 0.00000 0.00000 0.00000 0.00000 0.00000 0.00000 0.00000 0.00000 0.00000 0.00000 0.00000 0.00000 0.00000 0.00000 0.00000 0.00000 0.00000 0.00907 0.02720 0.04536 0.06336 0.08131 0.09929 0.11731 0.13516 0.15301 0.17084 0.17967 0.17951 0.17936 0.17940 0.17911 0.17840 0.17891 0.17934 0.17866 0.17793 0.16958 0.15217 0.13375 0.11546 0.09807 0.08049 0.06233 0.04437 0.02674 0.00894 0.00000 0.00000 0.00000 0.00000 0.00000 0.00000 0.00000 0.00000 0.00000 0.00000 0.00000 0.00000 0.00000 0.00000 0.00000
0.00000 0.00000 0.00000 0.00000 0.00000 0.00000 0.00000 0.00000 0.00000 0.00000 0.00000 0.00000 0.00000 0.00000 0.00000 0.00000 0.00000 0.00000 0.00000 0.00000 0.00000 0.00000 0.00000 0.00000 0.00000 0.00547 0.01629 0.02708 0.03811 0.04897 0.05952 0.07018 0.08111 0.09185 0.10252 0.10779 0.10775 0.10768 0.10726 0.10722 0.10785 0.10762 0.10685 0.10697 0.10756 0.10197 0.09060 0.08010 0.06980 0.05895 0.04791 0.03736 0.02683 0.01607 0.00532 0.00000 0.00000 0.00000 0.00000 0.00000 0.00000 0.00000 0.00000 0.00000 0.00000 0.00000 0.00000 0.00000 0.00000 0.00000
0.00000 0.00000 0.00000 0.00000 0.00000 0.00000 0.00000 0.00000 0.00000 0.00000 0.00000 0.00000 0.00000 0.00000 0.00000 0.00000 0.00000 0.00000 0.00000 0.00000 0.00000 0.00000 0.00000 0.00000 0.00000 0.00182 0.00544 0.00906 0.01268 0.01627 0.01984 0.02346 0.02704 0.03060 0.03417 0.03594 0.03591 0.03587 0.03580 0.03583 0.03592 0.03577 0.03565 0.03573 0.03584 0.03392 0.03022 0.02675 0.02326 0.01962 0.01598 0.01247 0.00894 0.00535 0.00177 0.00000 0.00000 0.00000 0.00000 0.00000 0.00000 0.00000 0.00000 0.00000 0.00000 0.00000 0.00000 0.00000 0.00000 0.00000
0.00000 0.00000 0.00000 0.00000 0.00000 0.00000 0.00000 0.00000 0.00000 0.00000 0.00000 0.00000 0.00000 0.00000 0.00000 0.00000 0.00000 0.00000 0.00000 0.00000 0.00000 0.00000 0.00000 0.00000 0.00000 0.00181 0.00546 0.00909 0.01262 0.01621 0.01991 0.02351 0.02702 0.03058 0.03417 0.03594 0.03587 0.03583 0.03599 0.03595 0.03566 0.03568 0.03591 0.03584 0.03557 0.03383 0.03046 0.02682 0.02308 0.01958 0.01610 0.01250 0.00887 0.00534 0.00179 0.00000 0.00000 0.00000 0.00000 0.00000 0.00000 0.00000 0.00000 0.00000 0.00000 0.00000 0.00000 0.00000 0.00000 0.00000
0.00000 0.00000 0.00000 0.00000 0.00000 0.00000 0.00000 0.00000 0.00000 0.00000 0.00000 0.00000 0.00000 0.00000 0.00000 0.00000 0.00000 0.00000 0.00000 0.00000 0.00000 0.00000 0.00000 0.00000 0.00000 0.00544 0.01636 0.02721 0.03796 0.04874 0.05964 0.07039 0.08105 0.09182 0.10252 0.10780 0.10768 0.10763 0.10778 0.10752 0.10710 0.10727 0.10758 0.10728 0.10679 0.10165 0.09131 0.08038 0.06927 0.05877 0.04830 0.03751 0.02661 0.01603 0.00537 0.00000 0.00000 0.00000 0.00000 0.00000 0.00000 0.00000 0.00000 0.00000 0.00000 0.00000 0.00000 0.00000 0.00000 0.00000
0.00000 0.00000 0.00000 0.00000 0.00000 0.00000 0.00000 0.00000 0.00000 0.00000 0.00000 0.00000 0.00000 0.00000 0.00000 0.00000 0.00000 0.00000 0.00000 0.00000 0.00000 0.00000 0.00000 0.00000 0.00000 0.00911 0.02715 0.04515 0.06351 0.08158 0.09909 0.11686 0.13525 0.15315 0.17081 0.17961 0.17976 0.17965 0.17859 0.17860 0.17961 0.17928 0.17815 0.17828 0.17923 0.16988 0.15124 0.13365 0.11630 0.09822 0.07999 0.06242 0.04467 0.02678 0.00888 0.00000 0.00000 0.00000 0.00000 0.00000 0.00000 0.00000 0.00000 0.00000 0.00000 0.00000 0.00000 0.00000 0.00000 0.00000
0.00000 0.00000 0.00000 0.00000 0.00000 0.00000 0.00000 0.00000 0.00000 0.00000 0.00000 0.00000 0.00000 0.00000 0.00000 0.00000 0.00000 0.00000 0.00000 0.00000 0.00000 0.00000 0.00000 0.00000 0.00000 0.01274 0.03804 0.06325 0.08884 0.11416 0.13884 0.16385 0.18932 0.21430 0.23916 0.25152 0.25151 0.25124 0.25030 0.25045 0.25139 0.25078 0.24950 0.24967 0.25091 0.23793 0.21169 0.18700 0.16288 0.13773 0.11195 0.08726 0.06258 0.03758 0.01243 0.00000 0.00000 0.00000 0.00000 0.00000 0.00000 0.00000 0.00000 0.00000 0.00000 0.00000 0.00000 0.00000 0.00000 0.00000
0.00000 0.00000 0.00000 0.00000 0.00000 0.00000 0.00000 0.00000 0.00000 0.00000 0.00000 0.00000 0.00000 0.00000 0.00000 0.00000 0.00000 0.00000 0.00000 0.00000 0.00000 0.00000 0.00000 0.00000 0.00000 0.01633 0.04903 0.08156 0.11402 0.14622 0.17885 0.21132 0.24327 0.27529 0.30756 0.32347 0.32293 0.32262 0.32308 0.32262 0.32199 0.32176 0.32210 0.32152 0.32166 0.30555 0.27307 0.24070 0.20906 0.17706 0.14425 0.11228 0.08033 0.04835 0.01601 0.00000 0.00000 0.00000 0.00000 0.00000 0.00000 0.00000 0.00000 0.00000 0.00000 0.00000 0.00000 0.00000 0.00000 0.00000
