0.00000 0.00000 0.00000 0.00000 0.00000 0.00000 0.00000 0.00000 0.00000 0.00000 0.00000 0.00000 0.00000 0.00000 0.00000 0.01997 0.06018 0.10007 0.13997 0.17955 0.21891 0.25921 0.29902 0.33905 0.37667 0.37685 0.33834 0.29761 0.25738 0.21708 0.17807 0.13831 0.09811 0.05910 0.01965 0.03586 0.10700 0.17903 0.25017 0.32239 0.39328 0.46685 0.53378 0.60989 0.67831 0.68176 0.60537 0.53825 0.46267 0.39497 0.32144 0.25136 0.17774 0.10777 0.03554 0.03576 0.10611 0.17854 0.24870 0.32199
0.00000 0.00000 0.00000 0.00000 0.00000 0.00000 0.00000 0.00000 0.00000 0.00000 0.00000 0.00000 0.00000 0.00000 0.00000 0.02362 0.07107 0.11827 0.16551 0.21228 0.25885 0.30610 0.35351 0.40042 0.44549 0.44533 0.39908 0.35150 0.30426 0.25714 0.21030 0.16297 0.11623 0.07011 0.02328 0.03583 0.10707 0.17922 0.25100 0.32246 0.39240 0.46501 0.53690 0.61052 0.67736 0.67867 0.60801 0.53891 0.46247 0.39292 0.32167 0.25135 0.17815 0.10733 0.03571 0.03590 0.10689 0.17885 0.25050 0.32404
0.00000 0.00000 0.00000 0.00000 0.00000 0.00000 0.00000 0.00000 0.00000 0.00000 0.00000 0.00000 0.00000 0.00000 0.00000 0.02728 0.08194 0.13638 0.19081 0.24506 0.29921 0.35322 0.40688 0.46153 0.51538 0.51460 0.45919 0.40491 0.35225 0.29723 0.24173 0.18806 0.13458 0.08102 0.02682 0.03578 0.10713 0.17936 0.25131 0.32237 0.39223 0.46496 0.53811 0.61099 0.67622 0.67840 0.60777 0.53879 0.46323 0.39265 0.32080 0.25150 0.17871 0.10717 0.03548 0.03586 0.10700 0.17838 0.24928 0.32248
0.00000 0.00000 0.00000 0.00000 0.00000 0.00000 0.00000 0.00000 0.00000 0.00000 0.00000 0.00000 0.00000 0.00000 0.00000 0.03105 0.09276 0.15399 0.21604 0.27789 0.33972 0.40061 0.46047 0.52186 0.58461 0.58514 0.52005 0.45814 0.39890 0.33669 0.27430 0.21373 0.15274 0.09149 0.03039 0.03583 0.10755 0.17922 0.25060 0.32215 0.39366 0.46586 0.53639 0.60771 0.67940 0.68079 0.60656 0.53555 0.46494 0.39426 0.32063 0.25021 0.17906 0.10764 0.03566 0.03574 0.10761 0.17965 0.25047 0.32332
0.00000 0.00000 0.00000 0.00000 0.00000 0.00000 0.00000 0.00000 0.00000 0.00000 0.00000 0.00000 0.00000 0.00000 0.00000 0.03469 0.10366 0.17235 0.24151 0.31051 0.37924 0.44787 0.51539 0.58369 0.65278 0.65265 0.58307 0.51331 0.44424 0.37573 0.30823 0.23959 0.17014 0.10206 0.03404 0.03599 0.10766 0.17882 0.25012 0.32259 0.39542 0.46617 0.53479 0.60625 0.68145 0.68196 0.60543 0.53421 0.46495 0.39433 0.32138 0.24940 0.17824 0.10753 0.03577 0.03566 0.10676 0.17905 0.25040 0.32201
0.00000 0.00000 0.00000 0.00000 0.00000 0.00000 0.00000 0.00000 0.00000 0.00000 0.00000 0.00000 0.00000 0.00000 0.00000 0.03449 0.10378 0.17316 0.24186 0.30959 0.37825 0.44728 0.51675 0.58561 0.65131 0.64962 0.58400 0.51548 0.44397 0.37546 0.30855 0.23961 0.17004 0.10211 0.03413 0.03595 0.10745 0.17878 0.25077 0.32277 0.39424 0.46488 0.53620 0.60903 0.67934 0.67858 0.60813 0.53706 0.46370 0.39288 0.32229 0.25064 0.17818 0.10722 0.03589 0.03589 0.10705 0.17862 0.25158 0.32439
0.00000 0.00000 0.00000 0.00000 0.00000 0.00000 0.00000 0.00000 0.00000 0.00000 0.00000 0.00000 0.00000 0.00000 0.00000 0.03088 0.09276 0.15490 0.21624 0.27734 0.33852 0.40009 0.46254 0.52395 0.58286 0.58227 0.52150 0.46048 0.39876 0.33645 0.27479 0.21361 0.15304 0.09184 0.03048 0.03578 0.10737 0.17979 0.25174 0.32196 0.39280 0.46477 0.53897 0.60987 0.67742 0.67671 0.60987 0.53786 0.46356 0.39173 0.32203 0.25071 0.17873 0.10699 0.03570 0.03579 0.10738 0.17868 0.25007 0.32196
0.00000 0.00000 0.00000 0.00000 0.00000 0.00000 0.00000 0.00000 0.00000 0.00000 0.00000 0.00000 0.00000 0.00000 0.00000 0.02741 0.08183 0.13582 0.19055 0.24535 0.29972 0.35331 0.40664 0.46021 0.51585 0.51657 0.45966 0.40425 0.35259 0.29809 0.24210 0.18841 0.13511 0.08117 0.02686 0.03575 0.10768 0.17978 0.25094 0.32164 0.39370 0.46623 0.53704 0.60735 0.67986 0.68069 0.60696 0.53532 0.46569 0.39381 0.32056 0.24999 0.17931 0.10750 0.03565 0.03572 0.10775 0.17967 0.25039 0.32211
0.00000 0.00000 0.00000 0.00000 0.00000 0.00000 0.00000 0.00000 0.00000 0.00000 0.00000 0.00000 0.00000 0.00000 0.00000 0.02374 0.07096 0.11784 0.16492 0.21243 0.25994 0.30659 0.35213 0.39902 0.44713 0.44750 0.39877 0.35080 0.30412 0.25781 0.21109 0.16379 0.11662 0.06989 0.02335 0.03602 0.10773 0.17879 0.25032 0.32307 0.39551 0.46610 0.53540 0.60640 0.68251 0.68169 0.60637 0.53435 0.46634 0.39422 0.32123 0.24968 0.17893 0.10728 0.03577 0.03576 0.10730 0.17881 0.25048 0.32228
0.00000 0.00000 0.00000 0.00000 0.00000 0.00000 0.00000 0.00000 0.00000 0.00000 0.00000 0.00000 0.00000 0.00000 0.00000 0.01996 0.06009 0.10024 0.13977 0.17921 0.21912 0.25896 0.29895 0.33914 0.37755 0.37626 0.33814 0.29857 0.25723 0.21724 0.17887 0.13901 0.09848 0.05911 0.01979 0.03602 0.10748 0.17866 0.25106 0.32332 0.39392 0.46444 0.53720 0.60975 0.67908 0.67816 0.60902 0.53749 0.46319 0.39222 0.32285 0.25077 0.17811 0.10714 0.03588 0.03589 0.10693 0.17878 0.25158 0.32462
0.00000 0.00000 0.00000 0.00000 0.00000 0.00000 0.00000 0.00000 0.00000 0.00000 0.00000 0.00000 0.00000 0.00000 0.00000 0.01635 0.04906 0.08193 0.11464 0.14686 0.17896 0.21170 0.24499 0.27762 0.30862 0.30804 0.27608 0.24419 0.21124 0.17800 0.14551 0.11325 0.08107 0.04862 0.01615 0.03579 0.10753 0.17994 0.25151 0.32219 0.39309 0.46491 0.53886 0.61019 0.67816 0.67752 0.61000 0.53777 0.46388 0.39236 0.32261 0.25025 0.17859 0.10730 0.03580 0.03574 0.10734 0.17934 0.25100 0.32256
0.00000 0.00000 0.00000 0.00000 0.00000 0.00000 0.00000 0.00000 0.00000 0.00000 0.00000 0.00000 0.00000 0.00000 0.00000 0.01279 0.03808 0.06339 0.08909 0.11448 0.13947 0.16485 0.19008 0.21483 0.24049 0.24114 0.21469 0.18868 0.16449 0.13909 0.11307 0.08791 0.06310 0.03788 0.01253 0.03576 0.10783 0.17991 0.25046 0.32149 0.39471 0.46690 0.53627 0.60694 0.68101 0.68161 0.60655 0.53476 0.46583 0.39435 0.32045 0.24958 0.17948 0.10753 0.03567 0.03575 0.10765 0.17976 0.25066 0.32274
0.00000 0.00000 0.00000 0.00000 0.00000 0.00000 0.00000 0.00000 0.00000 0.00000 0.00000 0.00000 0.00000 0.00000 0.00000 0.00912 0.02731 0.04537 0.06343 0.08160 0.09996 0.11801 0.13536 0.15342 0.17194 0.17215 0.15352 0.13487 0.11695 0.09924 0.08122 0.06297 0.04486 0.02690 0.00899 0.03600 0.10773 0.17896 0.25049 0.32282 0.39516 0.46640 0.53569 0.60669 0.68171 0.68215 0.60675 0.53517 0.46602 0.39365 0.32128 0.25031 0.17911 0.10705 0.03575 0.03587 0.10759 0.17906 0.25089 0.32365
0.00000 0.00000 0.00000 0.00000 0.00000 0.00000 0.00000 0.00000 0.00000 0.00000 0.00000 0.00000 0.00000 0.00000 0.00000 0.00545 0.01642 0.02737 0.03802 0.04884 0.05993 0.07067 0.08133 0.09246 0.10311 0.10262 0.09209 0.08143 0.07018 0.05927 0.04878 0.03790 0.02687 0.01612 0.00540 0.03603 0.10731 0.17864 0.25167 0.32368 0.39284 0.46405 0.53822 0.61050 0.67849 0.67763 0.60932 0.53825 0.46356 0.39178 0.32285 0.25099 0.17856 0.10712 0.03586 0.03587 0.10712 0.17875 0.25126 0.32372
0.00000 0.00000 0.00000 0.00000 0.00000 0.00000 0.00000 0.00000 0.00000 0.00000 0.00000 0.00000 0.00000 0.00000 0.00000 0.00182 0.00546 0.00909 0.01272 0.01633 0.01989 0.02352 0.02721 0.03083 0.03431 0.03421 0.03065 0.02714 0.02349 0.01977 0.01616 0.01259 0.00901 0.00540 0.00180 0.03584 0.10755 0.17953 0.25140 0.32265 0.39321 0.46442 0.53816 0.61057 0.67847 0.67782 0.60929 0.53816 0.46404 0.39259 0.32248 0.24977 0.17852 0.10758 0.03585 0.03568 0.10729 0.18005 0.25190 0.32404
0.00000 0.00000 0.00000 0.00000 0.00000 0.00000 0.00000 0.00000 0.00000 0.00000 0.00000 0.00000 0.00000 0.00000 0.00000 0.00000 0.00000 0.00000 0.00000 0.00000 0.00000 0.00000 0.00000 0.00000 0.00000 0.00000 0.00000 0.00000 0.00000 0.00000 0.00000 0.00000 0.00000 0.00000 0.00000 0.03397 0.10261 0.17095 0.23758 0.30537 0.37548 0.44360 0.50883 0.57621 0.64701 0.64795 0.57685 0.50769 0.44245 0.37478 0.30579 0.23706 0.17001 0.10212 0.03398 0.03398 0.10220 0.17042 0.23813 0.30606
0.00000 0.00000 0.00000 0.00000 0.00000 0.00000 0.00000 0.00000 0.00000 0.00000 0.00000 0.00000 0.00000 0.00000 0.00000 0.00000 0.00000 0.00000 0.00000 0.00000 0.00000 0.00000 0.00000 0.00000 0.00000 0.00000 0.00000 0.00000 0.00000 0.00000 0.00000 0.00000 0.00000 0.00000 0.00000 0.03052 0.09163 0.15244 0.21284 0.27368 0.33555 0.39670 0.45550 0.51548 0.57885 0.58023 0.51590 0.45460 0.39600 0.33462 0.27296 0.21294 0.15242 0.09091 0.03035 0.03055 0.09156 0.15228 0.21326 0.27557
0.00000 0.00000 0.00000 0.00000 0.00000 0.00000 0.00000 0.00000 0.00000 0.00000 0.00000 0.00000 0.00000 0.00000 0.00000 0.00000 0.00000 0.00000 0.00000 0.00000 0.00000 0.00000 0.00000 0.00000 0.00000 0.00000 0.00000 0.00000 0.00000 0.00000 0.00000 0.00000 0.00000 0.00000 0.00000 0.02701 0.08040 0.13404 0.18885 0.24257 0.29461 0.34791 0.40347 0.45770 0.50909 0.50797 0.45645 0.40353 0.34909 0.29392 0.24103 0.18803 0.13436 0.08046 0.02681 0.02682 0.08058 0.13442 0.18836 0.24234
0.00000 0.00000 0.00000 0.00000 0.00000 0.00000 0.00000 0.00000 0.00000 0.00000 0.00000 0.00000 0.00000 0.00000 0.00000 0.00000 0.00000 0.00000 0.00000 0.00000 0.00000 0.00000 0.00000 0.00000 0.00000 0.00000 0.00000 0.00000 0.00000 0.00000 0.00000 0.00000 0.00000 0.00000 0.00000 0.02334 0.06977 0.11637 0.16345 0.21003 0.25538 0.30164 0.34973 0.39679 0.44094 0.44019 0.39618 0.34982 0.30152 0.25482 0.20996 0.16244 0.11592 0.06991 0.02334 0.02319 0.06968 0.11705 0.16389 0.21040
0.00000 0.00000 0.00000 0.00000 0.00000 0.00000 0.00000 0.00000 0.00000 0.00000 0.00000 0.00000 0.00000 0.00000 0.00000 0.00000 0.00000 0.00000 0.00000 0.00000 0.00000 0.00000 0.00000 0.00000 0.00000 0.00000 0.00000 0.00000 0.00000 0.00000 0.00000 0.00000 0.00000 0.00000 0.00000 0.01969 0.05939 0.09882 0.13755 0.17687 0.21719 0.25674 0.29466 0.33352 0.37420 0.37510 0.33442 0.29409 0.25538 0.21658 0.17752 0.13756 0.09803 0.05894 0.01972 0.01973 0.05904 0.09840 0.13806 0.17775
0.00000 0.00000 0.00000 0.00000 0.00000 0.00000 0.00000 0.00000 0.00000 0.00000 0.00000 0.00000 0.00000 0.00000 0.00000 0.00000 0.00000 0.00000 0.00000 0.00000 0.00000 0.00000 0.00000 0.00000 0.00000 0.00000 0.00000 0.00000 0.00000 0.00000 0.00000 0.00000 0.00000 0.00000 0.00000 0.01613 0.04856 0.08081 0.11251 0.14473 0.17774 0.21003 0.24098 0.27284 0.30672 0.30719 0.27294 0.24041 0.20990 0.17727 0.14433 0.11256 0.08077 0.04817 0.01606 0.01615 0.04851 0.08048 0.11277 0.14562
0.00000 0.00000 0.00000 0.00000 0.00000 0.00000 0.00000 0.00000 0.00000 0.00000 0.00000 0.00000 0.00000 0.00000 0.00000 0.00000 0.00000 0.00000 0.00000 0.00000 0.00000 0.00000 0.00000 0.00000 0.00000 0.00000 0.00000 0.00000 0.00000 0.00000 0.00000 0.00000 0.00000 0.00000 0.00000 0.01257 0.03752 0.06264 0.08807 0.11308 0.13748 0.16247 0.18815 0.21361 0.23753 0.23715 0.21277 0.18797 0.16293 0.13744 0.11233 0.08744 0.06276 0.03766 0.01249 0.01250 0.03767 0.06292 0.08803 0.11352
0.00000 0.00000 0.00000 0.00000 0.00000 0.00000 0.00000 0.00000 0.00000 0.00000 0.00000 0.00000 0.00000 0.00000 0.00000 0.00000 0.00000 0.00000 0.00000 0.00000 0.00000 0.00000 0.00000 0.00000 0.00000 0.00000 0.00000 0.00000 0.00000 0.00000 0.00000 0.00000 0.00000 0.00000 0.00000 0.00898 0.02679 0.04474 0.06292 0.08079 0.09818 0.11601 0.13461 0.15265 0.16950 0.16924 0.15237 0.13457 0.11582 0.09797 0.08064 0.06260 0.04457 0.02683 0.00897 0.00892 0.02680 0.04492 0.06290 0.08070
0.00000 0.00000 0.00000 0.00000 0.00000 0.00000 0.00000 0.00000 0.00000 0.00000 0.00000 0.00000 0.00000 0.00000 0.00000 0.00000 0.00000 0.00000 0.00000 0.00000 0.00000 0.00000 0.00000 0.00000 0.00000 0.00000 0.00000 0.00000 0.00000 0.00000 0.00000 0.00000 0.00000 0.00000 0.00000 0.00538 0.01619 0.02691 0.03750 0.04828 0.05921 0.07001 0.08031 0.09097 0.10202 0.10213 0.09112 0.08026 0.06965 0.05888 0.04837 0.03760 0.02673 0.01605 0.00538 0.00539 0.01610 0.02691 0.03778 0.04883
0.00000 0.00000 0.00000 0.00000 0.00000 0.00000 0.00000 0.00000 0.00000 0.00000 0.00000 0.00000 0.00000 0.00000 0.00000 0.00000 0.00000 0.00000 0.00000 0.00000 0.00000 0.00000 0.00000 0.00000 0.00000 0.00000 0.00000 0.00000 0.00000 0.00000 0.00000 0.00000 0.00000 0.00000 0.00000 0.00179 0.00540 0.00898 0.01250 0.01608 0.01975 0.02334 0.02677 0.03032 0.03404 0.03411 0.03032 0.02671 0.02327 0.01972 0.01604 0.01248 0.00895 0.00536 0.00178 0.00179 0.00538 0.00893 0.01252 0.01615
0.00000 0.00000 0.00000 0.00000 0.00000 0.00000 0.00000 0.00000 0.00000 0.00000 0.00000 0.00000 0.00000 0.00000 0.00000 0.00000 0.00000 0.00000 0.00000 0.00000 0.00000 0.00000 0.00000 0.00000 0.00000 0.00000 0.00000 0.00000 0.00000 0.00000 0.00000 0.00000 0.00000 0.00000 0.00000 0.00000 0.00000 0.00000 0.00000 0.00000 0.00000 0.00000 0.00000 0.00000 0.00000 0.00000 0.00000 0.00000 0.00000 0.00000 0.00000 0.00000 0.00000 0.00000 0.00000 0.00000 0.00000 0.00000 0.00000 0.00000
0.00000 0.00000 0.00000 0.00000 0.00000 0.00000 0.00000 0.00000 0.00000 0.00000 0.00000 0.00000 0.00000 0.00000 0.00000 0.00000 0.00000 0.00000 0.00000 0.00000 0.00000 0.00000 0.00000 0.00000 0.00000 0.00000 0.00000 0.00000 0.00000 0.00000 0.00000 0.00000 0.00000 0.00000 0.00000 0.00000 0.00000 0.00000 0.00000 0.00000 0.00000 0.00000 0.00000 0.00000 0.00000 0.00000 0.00000 0.00000 0.00000 0.00000 0.00000 0.00000 0.00000 0.00000 0.00000 0.00000 0.00000 0.00000 0.00000 0.00000
0.00000 0.00000 0.00000 0.00000 0.00000 0.00000 0.00000 0.00000 0.00000 0.00000 0.00000 0.00000 0.00000 0.00000 0.00000 0.00000 0.00000 0.00000 0.00000 0.00000 0.00000 0.00000 0.00000 0.00000 0.00000 0.00000 0.00000 0.00000 0.00000 0.00000 0.00000 0.00000 0.00000 0.00000 0.00000 0.00000 0.00000 0.00000 0.00000 0.00000 0.00000 0.00000 0.00000 0.00000 0.00000 0.00000 0.00000 0.00000 0.00000 0.00000 0.00000 0.00000 0.00000 0.00000 0.00000 0.00000 0.00000 0.00000 0.00000 0.00000
0.00000 0.00000 0.00000 0.00000 0.00000 0.00000 0.00000 0.00000 0.00000 0.00000 0.00000 0.00000 0.00000 0.00000 0.00000 0.00000 0.00000 0.00000 0.00000 0.00000 0.00000 0.00000 0.00000 0.00000 0.00000 0.00000 0.00000 0.00000 0.00000 0.00000 0.00000 0.00000 0.00000 0.00000 0.00000 0.00000 0.00000 0.00000 0.00000 0.00000 0.00000 0.00000 0.00000 0.00000 0.00000 0.00000 0.00000 0.00000 0.00000 0.00000 0.00000 0.00000 0.00000 0.00000 0.00000 0.00000 0.00000 0.00000 0.00000 0.00000
0.00000 0.00000 0.00000 0.00000 0.00000 0.00000 0.00000 0.00000 0.00000 0.00000 0.00000 0.00000 0.00000 0.00000 0.00000 0.00000 0.00000 0.00000 0.00000 0.00000 0.00000 0.00000 0.00000 0.00000 0.00000 0.00000 0.00000 0.00000 0.00000 0.00000 0.00000 0.00000 0.00000 0.00000 0.00000 0.00000 0.00000 0.00000 0.00000 0.00000 0.00000 0.00000 0.00000 0.00000 0.00000 0.00000 0.00000 0.00000 0.00000 0.00000 0.00000 0.00000 0.00000 0.00000 0.00000 0.00000 0.00000 0.00000 0.00000 0.00000
0.00000 0.00000 0.00000 0.00000 0.00000 0.00000 0.00000 0.00000 0.00000 0.00000 0.00000 0.00000 0.00000 0.00000 0.00000 0.00000 0.00000 0.00000 0.00000 0.00000 0.00000 0.00000 0.00000 0.00000 0.00000 0.00000 0.00000 0.00000 0.00000 0.00000 0.00000 0.00000 0.00000 0.00000 0.00000 0.00000 0.00000 0.00000 0.00000 0.00000 0.00000 0.00000 0.00000 0.00000 0.00000 0.00000 0.00000 0.00000 0.00000 0.00000 0.00000 0.00000 0.00000 0.00000 0.00000 0.00000 0.00000 0.00000 0.00000 0.00000
0.00000 0.00000 0.00000 0.00000 0.00000 0.00000 0.00000 0.00000 0.00000 0.00000 0.00000 0.00000 0.00000 0.00000 0.00000 0.00000 0.00000 0.00000 0.00000 0.00000 0.00000 0.00000 0.00000 0.00000 0.00000 0.00000 0.00000 0.00000 0.00000 0.00000 0.00000 0.00000 0.00000 0.00000 0.00000 0.00000 0.00000 0.00000 0.00000 0.00000 0.00000 0.00000 0.00000 0.00000 0.00000 0.00000 0.00000 0.00000 0.00000 0.00000 0.00000 0.00000 0.00000 0.00000 0.00000 0.00000 0.00000 0.00000 0.00000 0.00000
0.00000 0.00000 0.00000 0.00000 0.00000 0.00000 0.00000 0.00000 0.00000 0.00000 0.00000 0.00000 0.00000 0.00000 0.00000 0.00000 0.00000 0.00000 0.00000 0.00000 0.00000 0.00000 0.00000 0.00000 0.00000 0.00000 0.00000 0.00000 0.00000 0.00000 0.00000 0.00000 0.00000 0.00000 0.00000 0.00000 0.00000 0.00000 0.00000 0.00000 0.00000 0.00000 0.00000 0.00000 0.00000 0.00000 0.00000 0.00000 0.00000 0.00000 0.00000 0.00000 0.00000 0.00000 0.00000 0.00000 0.00000 0.00000 0.00000 0.00000
0.00000 0.00000 0.00000 0.00000 0.00000 0.00000 0.00000 0.00000 0.00000 0.00000 0.00000 0.00000 0.00000 0.00000 0.00000 0.00000 0.00000 0.00000 0.00000 0.00000 0.00000 0.00000 0.00000 0.00000 0.00000 0.00000 0.00000 0.00000 0.00000 0.00000 0.00000 0.00000 0.00000 0.00000 0.00000 0.00000 0.00000 0.00000 0.00000 0.00000 0.00000 0.00000 0.00000 0.00000 0.00000 0.00000 0.00000 0.00000 0.00000 0.00000 0.00000 0.00000 0.00000 0.00000 0.00000 0.00000 0.00000 0.00000 0.00000 0.00000
0.00000 0.00000 0.00000 0.00000 0.00000 0.00000 0.00000 0.00000 0.00000 0.00000 0.00000 0.00000 0.00000 0.00000 0.00000 0.00000 0.00000 0.00000 0.00000 0.00000 0.00000 0.00000 0.00000 0.00000 0.00000 0.00000 0.00000 0.00000 0.00000 0.00000 0.00000 0.00000 0.00000 0.00000 0.00000 0.00000 0.00000 0.00000 0.00000 0.00000 0.00000 0.00000 0.00000 0.00000 0.00000 0.00000 0.00000 0.00000 0.00000 0.00000 0.00000 0.00000 0.00000 0.00000 0.00000 0.00000 0.00000 0.00000 0.00000 0.00000
0.00000 0.00000 0.00000 0.00000 0.00000 0.00000 0.00000 0.00000 0.00000 0.00000 0.00000 0.00000 0.00000 0.00000 0.00000 0.00000 0.00000 0.00000 0.00000 0.00000 0.00000 0.00000 0.00000 0.00000 0.00000 0.00000 0.00000 0.00000 0.00000 0.00000 0.00000 0.00000 0.00000 0.00000 0.00000 0.00000 0.00000 0.00000 0.00000 0.00000 0.00000 0.00000 0.00000 0.00000 0.00000 0.00000 0.00000 0.00000 0.00000 0.00000 0.00000 0.00000 0.00000 0.00000 0.00000 0.00000 0.00000 0.00000 0.00000 0.00000
0.00000 0.00000 0.00000 0.00000 0.00000 0.00000 0.00000 0.00000 0.00000 0.00000 0.00000 0.00000 0.00000 0.00000 0.00000 0.00000 0.00000 0.00000 0.00000 0.00000 0.00000 0.00000 0.00000 0.00000 0.00000 0.00000 0.00000 0.00000 0.00000 0.00000 0.00000 0.00000 0.00000 0.00000 0.00000 0.00000 0.00000 0.00000 0.00000 0.00000 0.00000 0.00000 0.00000 0.00000 0.00000 0.00000 0.00000 0.00000 0.00000 0.00000 0.00000 0.00000 0.00000 0.00000 0.00000 0.00000 0.00000 0.00000 0.00000 0.00000
0.00000 0.00000 0.00000 0.00000 0.00000 0.00000 0.00000 0.00000 0.00000 0.00000 0.00000 0.00000 0.00000 0.00000 0.00000 0.00000 0.00000 0.00000 0.00000 0.00000 0.00000 0.00000 0.00000 0.00000 0.00000 0.00000 0.00000 0.00000 0.00000 0.00000 0.00000 0.00000 0.00000 0.00000 0.00000 0.00000 0.00000 0.00000 0.00000 0.00000 0.00000 0.00000 0.00000 0.00000 0.00000 0.00000 0.00000 0.00000 0.00000 0.00000 0.00000 0.00000 0.00000 0.00000 0.00000 0.00000 0.00000 0.00000 0.00000 0.00000
0.00000 0.00000 0.00000 0.00000 0.00000 0.00000 0.00000 0.00000 0.00000 0.00000 0.00000 0.00000 0.00000 0.00000 0.00000 0.00000 0.00000 0.00000 0.00000 0.00000 0.00000 0.00000 0.00000 0.00000 0.00000 0.00000 0.00000 0.00000 0.00000 0.00000 0.00000 0.00000 0.00000 0.00000 0.00000 0.00000 0.00000 0.00000 0.00000 0.00000 0.00000 0.00000 0.00000 0.00000 0.00000 0.00000 0.00000 0.00000 0.00000 0.00000 0.00000 0.00000 0.00000 0.00000 0.00000 0.00000 0.00000 0.00000 0.00000 0.00000
0.00000 0.00000 0.00000 0.00000 0.00000 0.00000 0.00000 0.00000 0.00000 0.00000 0.00000 0.00000 0.00000 0.00000 0.00000 0.00000 0.00000 0.00000 0.00000 0.00000 0.00000 0.00000 0.00000 0.00000 0.00000 0.00000 0.00000 0.00000 0.00000 0.00000 0.00000 0.00000 0.00000 0.00000 0.00000 0.00000 0.00000 0.00000 0.00000 0.00000 0.00000 0.00000 0.00000 0.00000 0.00000 0.00000 0.00000 0.00000 0.00000 0.00000 0.00000 0.00000 0.00000 0.00000 0.00000 0.00000 0.00000 0.00000 0.00000 0.00000
