0.21594 0.25502 0.29485 0.33428 0.37397 0.37515 0.33536 0.29785 0.25577 0.21798 0.17747 0.13890 0.09803 0.05913 0.01967 0.03592 0.10668 0.17840 0.24985 0.32183 0.39107 0.46352 0.53375 0.60675 0.67759 0.67624 0.60485 0.53518 0.46369 0.39221 0.32007 0.24921 0.17866 0.10710 0.03561 0.01957 0.05917 0.09821 0.13732 0.17602 0.21686 0.25532 0.29381 0.33244 0.37279 0.37265 0.33211 0.29265 0.25513 0.21575 0.17655 0.13750 0.09866 0.05943 0.01976 0.01992 0.05938 0.09968 0.13900 0.18007
0.25530 0.30182 0.34738 0.39512 0.44290 0.44354 0.39472 0.35026 0.30339 0.25695 0.20936 0.16353 0.11634 0.06988 0.02326 0.03586 0.10693 0.17852 0.25008 0.32215 0.39201 0.46241 0.53352 0.60785 0.67850 0.67596 0.60410 0.53575 0.46419 0.39246 0.31997 0.24910 0.17868 0.10718 0.03564 0.02315 0.06975 0.11607 0.16255 0.20879 0.25562 0.30161 0.34844 0.39480 0.44091 0.44101 0.39465 0.34793 0.30171 0.25575 0.20960 0.16279 0.11652 0.07010 0.02336 0.02350 0.07023 0.11752 0.16433 0.21265
0.29427 0.34784 0.40076 0.45558 0.51123 0.51199 0.45547 0.40345 0.35025 0.29805 0.24100 0.18786 0.13435 0.08094 0.02676 0.03571 0.10731 0.17898 0.24945 0.32200 0.39289 0.46239 0.53399 0.60789 0.67833 0.67677 0.60451 0.53566 0.46435 0.39252 0.32033 0.24959 0.17840 0.10705 0.03576 0.02678 0.08014 0.13364 0.18825 0.24155 0.29385 0.34732 0.40367 0.45670 0.50753 0.50763 0.45706 0.40288 0.34751 0.29419 0.24220 0.18846 0.13411 0.08091 0.02701 0.02709 0.08103 0.13548 0.18925 0.24508
0.33310 0.39542 0.45687 0.51766 0.57595 0.57883 0.51902 0.45740 0.39543 0.33646 0.27430 0.21302 0.15244 0.09166 0.03034 0.03567 0.10756 0.17934 0.24935 0.32050 0.39321 0.46573 0.53576 0.60534 0.67648 0.67955 0.60821 0.53486 0.46219 0.39235 0.32248 0.25031 0.17789 0.10680 0.03582 0.03043 0.09080 0.15150 0.21319 0.27387 0.33348 0.39464 0.45683 0.51754 0.57663 0.57729 0.51763 0.45729 0.39534 0.33403 0.27421 0.21364 0.15250 0.09163 0.03057 0.03062 0.09177 0.15353 0.21477 0.27727
0.37080 0.44011 0.50910 0.57834 0.64382 0.64509 0.58062 0.51330 0.44154 0.37371 0.30699 0.23949 0.16993 0.10183 0.03402 0.03587 0.10726 0.17887 0.25044 0.32092 0.39231 0.46597 0.53672 0.60519 0.67621 0.68058 0.60867 0.53485 0.46248 0.39287 0.32229 0.25024 0.17834 0.10699 0.03568 0.03393 0.10205 0.16988 0.23692 0.30510 0.37489 0.44270 0.50798 0.57644 0.64843 0.64795 0.57658 0.50891 0.44413 0.37569 0.30580 0.23797 0.17086 0.10275 0.03411 0.03412 0.10229 0.17168 0.24008 0.30912
0.37462 0.44156 0.50828 0.57882 0.64857 0.64708 0.57727 0.51205 0.44320 0.37440 0.30673 0.23944 0.16996 0.10179 0.03413 0.03594 0.10705 0.17829 0.25116 0.32302 0.39245 0.46328 0.53601 0.60873 0.67967 0.67779 0.60571 0.53590 0.46593 0.39317 0.32048 0.24948 0.17919 0.10748 0.03559 0.03385 0.10220 0.17019 0.23694 0.30515 0.37480 0.44274 0.50849 0.57723 0.64777 0.64784 0.57720 0.50962 0.44349 0.37546 0.30640 0.23781 0.17071 0.10259 0.03413 0.03412 0.10250 0.17147 0.24013 0.30925
0.33253 0.39419 0.45401 0.51607 0.57870 0.58009 0.51691 0.45606 0.39760 0.33705 0.27390 0.21282 0.15249 0.09171 0.03043 0.03576 0.10747 0.17902 0.25019 0.32254 0.39417 0.46339 0.53465 0.61009 0.68123 0.67694 0.60518 0.53749 0.46619 0.39303 0.32054 0.24973 0.17894 0.10737 0.03577 0.03039 0.09090 0.15172 0.21337 0.27425 0.33339 0.39458 0.45793 0.51894 0.57658 0.57722 0.51989 0.45876 0.39537 0.33457 0.27531 0.21453 0.15228 0.09129 0.03053 0.03067 0.09187 0.15274 0.21376 0.27623
0.29556 0.34990 0.40425 0.45658 0.50852 0.51059 0.45773 0.40342 0.34932 0.29678 0.24195 0.18796 0.13469 0.08105 0.02681 0.03569 0.10784 0.17980 0.24964 0.32094 0.39456 0.46622 0.53557 0.60666 0.67886 0.67964 0.60879 0.53605 0.46336 0.39271 0.32271 0.25086 0.17826 0.10685 0.03587 0.02688 0.08019 0.13378 0.18825 0.24197 0.29439 0.34826 0.40367 0.45753 0.50913 0.50958 0.45803 0.40434 0.34896 0.29515 0.24261 0.18892 0.13452 0.08050 0.02694 0.02704 0.08094 0.13486 0.18875 0.24337
0.25420 0.30159 0.34833 0.39570 0.44122 0.44177 0.39735 0.35090 0.30262 0.25586 0.21038 0.16391 0.11635 0.06971 0.02332 0.03593 0.10732 0.17888 0.25109 0.32212 0.39273 0.46607 0.53825 0.60653 0.67715 0.68214 0.61006 0.53482 0.46313 0.39374 0.32266 0.25087 0.17868 0.10720 0.03567 0.02320 0.06996 0.11659 0.16223 0.20873 0.25682 0.30357 0.34800 0.39477 0.44408 0.44436 0.39504 0.34875 0.30424 0.25784 0.20952 0.16287 0.11684 0.07031 0.02335 0.02325 0.06992 0.11715 0.16399 0.21094
0.21760 0.25579 0.29418 0.33465 0.37500 0.37500 0.33428 0.29567 0.25655 0.21696 0.17755 0.13860 0.09849 0.05902 0.01976 0.03598 0.10712 0.17839 0.25156 0.32327 0.39216 0.46387 0.53811 0.60905 0.67897 0.67900 0.60801 0.53598 0.46471 0.39383 0.32195 0.24949 0.17845 0.10766 0.03573 0.01962 0.05908 0.09855 0.13756 0.17672 0.21683 0.25653 0.29487 0.33413 0.37505 0.37537 0.33455 0.29514 0.25694 0.21779 0.17736 0.13773 0.09874 0.05940 0.01974 0.01969 0.05915 0.09897 0.13864 0.17819
0.17654 0.20888 0.24083 0.27343 0.30659 0.30699 0.27368 0.24152 0.21044 0.17824 0.14495 0.11263 0.08086 0.04858 0.01611 0.03573 0.10767 0.17957 0.25024 0.32176 0.39482 0.46606 0.53521 0.60847 0.68230 0.67764 0.60577 0.53822 0.46680 0.39243 0.32101 0.25030 0.17871 0.10718 0.03588 0.01615 0.04813 0.08019 0.11310 0.14553 0.17668 0.20872 0.24251 0.27525 0.30551 0.30558 0.27505 0.24321 0.20936 0.17706 0.14574 0.11366 0.08069 0.04829 0.01616 0.01621 0.04861 0.08067 0.11296 0.14564
0.13745 0.16286 0.18827 0.21324 0.23723 0.23781 0.21344 0.18851 0.16290 0.13807 0.11302 0.08781 0.06278 0.03776 0.01253 0.03574 0.10771 0.17969 0.25005 0.32117 0.39466 0.46653 0.53522 0.60700 0.68099 0.67928 0.60636 0.53713 0.46596 0.39262 0.32083 0.25108 0.17948 0.10711 0.03568 0.01253 0.03761 0.06249 0.08760 0.11299 0.13782 0.16242 0.18808 0.21374 0.23807 0.23771 0.21352 0.18878 0.16304 0.13771 0.11309 0.08827 0.06276 0.03757 0.01254 0.01259 0.03770 0.06271 0.08767 0.11314
0.09798 0.11611 0.13426 0.15233 0.16975 0.16980 0.15261 0.13480 0.11622 0.09834 0.08091 0.06296 0.04476 0.02681 0.00898 0.03594 0.10732 0.17856 0.25121 0.32315 0.39316 0.46383 0.53828 0.61008 0.67765 0.67983 0.61018 0.53565 0.46408 0.39409 0.32255 0.25010 0.17927 0.10749 0.03565 0.00892 0.02692 0.04486 0.06244 0.08023 0.09863 0.11680 0.13405 0.15173 0.17057 0.17095 0.15201 0.13411 0.11683 0.09908 0.08061 0.06255 0.04492 0.02699 0.00898 0.00893 0.02689 0.04502 0.06304 0.08094
0.05895 0.06957 0.08015 0.09114 0.10219 0.10233 0.09114 0.08046 0.06999 0.05921 0.04835 0.03770 0.02691 0.01611 0.00538 0.03594 0.10741 0.17847 0.25081 0.32326 0.39344 0.46364 0.53642 0.60935 0.67968 0.68020 0.60997 0.53498 0.46333 0.39450 0.32299 0.25043 0.17816 0.10721 0.03588 0.00537 0.01606 0.02684 0.03764 0.04819 0.05899 0.07003 0.08063 0.09099 0.10209 0.10249 0.09141 0.08042 0.06995 0.05937 0.04842 0.03754 0.02689 0.01618 0.00538 0.00536 0.01609 0.02690 0.03766 0.04841
0.01969 0.02325 0.02676 0.03035 0.03407 0.03411 0.03035 0.02681 0.02337 0.01977 0.01610 0.01252 0.00898 0.00539 0.00179 0.03573 0.10767 0.17950 0.25044 0.32112 0.39427 0.46651 0.53675 0.60669 0.68081 0.67882 0.60803 0.53795 0.46546 0.39260 0.32146 0.25078 0.17837 0.10707 0.03587 0.00179 0.00535 0.00892 0.01255 0.01616 0.01968 0.02319 0.02685 0.03056 0.03401 0.03393 0.03051 0.02699 0.02328 0.01966 0.01617 0.01261 0.00897 0.00536 0.00179 0.00180 0.00539 0.00895 0.01253 0.01618
0.00000 0.00000 0.00000 0.00000 0.00000 0.00000 0.00000 0.00000 0.00000 0.00000 0.00000 0.00000 0.00000 0.00000 0.00000 0.03396 0.10204 0.17061 0.23823 0.30496 0.37338 0.44312 0.51098 0.57647 0.64401 0.64428 0.57706 0.51134 0.44266 0.37286 0.30494 0.23722 0.17038 0.10221 0.03389 0.00000 0.00000 0.00000 0.00000 0.00000 0.00000 0.00000 0.00000 0.00000 0.00000 0.00000 0.00000 0.00000 0.00000 0.00000 0.00000 0.00000 0.00000 0.00000 0.00000 0.00000 0.00000 0.00000 0.00000 0.00000
0.00000 0.00000 0.00000 0.00000 0.00000 0.00000 0.00000 0.00000 0.00000 0.00000 0.00000 0.00000 0.00000 0.00000 0.00000 0.03050 0.09128 0.15183 0.21319 0.27433 0.33490 0.39450 0.45558 0.51683 0.57870 0.57904 0.51607 0.45472 0.39532 0.33513 0.27414 0.21230 0.15185 0.09137 0.03039 0.00000 0.00000 0.00000 0.00000 0.00000 0.00000 0.00000 0.00000 0.00000 0.00000 0.00000 0.00000 0.00000 0.00000 0.00000 0.00000 0.00000 0.00000 0.00000 0.00000 0.00000 0.00000 0.00000 0.00000 0.00000
0.00000 0.00000 0.00000 0.00000 0.00000 0.00000 0.00000 0.00000 0.00000 0.00000 0.00000 0.00000 0.00000 0.00000 0.00000 0.02692 0.08069 0.13388 0.18769 0.24217 0.29587 0.34792 0.40102 0.45594 0.51128 0.51054 0.45602 0.40103 0.34805 0.29593 0.24192 0.18784 0.13374 0.08023 0.02690 0.00000 0.00000 0.00000 0.00000 0.00000 0.00000 0.00000 0.00000 0.00000 0.00000 0.00000 0.00000 0.00000 0.00000 0.00000 0.00000 0.00000 0.00000 0.00000 0.00000 0.00000 0.00000 0.00000 0.00000 0.00000
0.00000 0.00000 0.00000 0.00000 0.00000 0.00000 0.00000 0.00000 0.00000 0.00000 0.00000 0.00000 0.00000 0.00000 0.00000 0.02325 0.06988 0.11648 0.16295 0.20904 0.25552 0.30245 0.34949 0.39541 0.44051 0.44016 0.39567 0.34978 0.30203 0.25486 0.20859 0.16308 0.11650 0.06955 0.02320 0.00000 0.00000 0.00000 0.00000 0.00000 0.00000 0.00000 0.00000 0.00000 0.00000 0.00000 0.00000 0.00000 0.00000 0.00000 0.00000 0.00000 0.00000 0.00000 0.00000 0.00000 0.00000 0.00000 0.00000 0.00000
0.00000 0.00000 0.00000 0.00000 0.00000 0.00000 0.00000 0.00000 0.00000 0.00000 0.00000 0.00000 0.00000 0.00000 0.00000 0.01967 0.05903 0.09860 0.13802 0.17676 0.21607 0.25587 0.29608 0.33460 0.37287 0.37271 0.33440 0.29583 0.25595 0.21561 0.17661 0.13786 0.09853 0.05903 0.01961 0.00000 0.00000 0.00000 0.00000 0.00000 0.00000 0.00000 0.00000 0.00000 0.00000 0.00000 0.00000 0.00000 0.00000 0.00000 0.00000 0.00000 0.00000 0.00000 0.00000 0.00000 0.00000 0.00000 0.00000 0.00000
0.00000 0.00000 0.00000 0.00000 0.00000 0.00000 0.00000 0.00000 0.00000 0.00000 0.00000 0.00000 0.00000 0.00000 0.00000 0.01612 0.04834 0.08046 0.11267 0.14499 0.17732 0.20915 0.24089 0.27304 0.30627 0.30660 0.27312 0.24043 0.20911 0.17750 0.14502 0.11228 0.08018 0.04838 0.01613 0.00000 0.00000 0.00000 0.00000 0.00000 0.00000 0.00000 0.00000 0.00000 0.00000 0.00000 0.00000 0.00000 0.00000 0.00000 0.00000 0.00000 0.00000 0.00000 0.00000 0.00000 0.00000 0.00000 0.00000 0.00000
0.00000 0.00000 0.00000 0.00000 0.00000 0.00000 0.00000 0.00000 0.00000 0.00000 0.00000 0.00000 0.00000 0.00000 0.00000 0.01255 0.03764 0.06256 0.08759 0.11277 0.13796 0.16273 0.18733 0.21241 0.23829 0.23837 0.21264 0.18705 0.16247 0.13812 0.11277 0.08730 0.06241 0.03757 0.01254 0.00000 0.00000 0.00000 0.00000 0.00000 0.00000 0.00000 0.00000 0.00000 0.00000 0.00000 0.00000 0.00000 0.00000 0.00000 0.00000 0.00000 0.00000 0.00000 0.00000 0.00000 0.00000 0.00000 0.00000 0.00000
0.00000 0.00000 0.00000 0.00000 0.00000 0.00000 0.00000 0.00000 0.00000 0.00000 0.00000 0.00000 0.00000 0.00000 0.00000 0.00895 0.02685 0.04475 0.06265 0.08044 0.09824 0.11619 0.13431 0.15222 0.16955 0.16922 0.15202 0.13454 0.11617 0.09790 0.08027 0.06278 0.04479 0.02672 0.00891 0.00000 0.00000 0.00000 0.00000 0.00000 0.00000 0.00000 0.00000 0.00000 0.00000 0.00000 0.00000 0.00000 0.00000 0.00000 0.00000 0.00000 0.00000 0.00000 0.00000 0.00000 0.00000 0.00000 0.00000 0.00000
0.00000 0.00000 0.00000 0.00000 0.00000 0.00000 0.00000 0.00000 0.00000 0.00000 0.00000 0.00000 0.00000 0.00000 0.00000 0.00537 0.01610 0.02686 0.03760 0.04828 0.05895 0.06969 0.08060 0.09130 0.10171 0.10159 0.09120 0.08068 0.06971 0.05878 0.04819 0.03764 0.02685 0.01605 0.00535 0.00000 0.00000 0.00000 0.00000 0.00000 0.00000 0.00000 0.00000 0.00000 0.00000 0.00000 0.00000 0.00000 0.00000 0.00000 0.00000 0.00000 0.00000 0.00000 0.00000 0.00000 0.00000 0.00000 0.00000 0.00000
0.00000 0.00000 0.00000 0.00000 0.00000 0.00000 0.00000 0.00000 0.00000 0.00000 0.00000 0.00000 0.00000 0.00000 0.00000 0.00179 0.00537 0.00894 0.01252 0.01610 0.01968 0.02325 0.02678 0.03032 0.03398 0.03407 0.03037 0.02671 0.02320 0.01972 0.01611 0.01246 0.00891 0.00538 0.00179 0.00000 0.00000 0.00000 0.00000 0.00000 0.00000 0.00000 0.00000 0.00000 0.00000 0.00000 0.00000 0.00000 0.00000 0.00000 0.00000 0.00000 0.00000 0.00000 0.00000 0.00000 0.00000 0.00000 0.00000 0.00000
0.00000 0.00000 0.00000 0.00000 0.00000 0.00000 0.00000 0.00000 0.00000 0.00000 0.00000 0.00000 0.00000 0.00000 0.00000 0.00000 0.00000 0.00000 0.00000 0.00000 0.00000 0.00000 0.00000 0.00000 0.00000 0.00000 0.00000 0.00000 0.00000 0.00000 0.00000 0.00000 0.00000 0.00000 0.00000 0.00000 0.00000 0.00000 0.00000 0.00000 0.00000 0.00000 0.00000 0.00000 0.00000 0.00000 0.00000 0.00000 0.00000 0.00000 0.00000 0.00000 0.00000 0.00000 0.00000 0.00000 0.00000 0.00000 0.00000 0.00000
0.00000 0.00000 0.00000 0.00000 0.00000 0.00000 0.00000 0.00000 0.00000 0.00000 0.00000 0.00000 0.00000 0.00000 0.00000 0.00000 0.00000 0.00000 0.00000 0.00000 0.00000 0.00000 0.00000 0.00000 0.00000 0.00000 0.00000 0.00000 0.00000 0.00000 0.00000 0.00000 0.00000 0.00000 0.00000 0.00000 0.00000 0.00000 0.00000 0.00000 0.00000 0.00000 0.00000 0.00000 0.00000 0.00000 0.00000 0.00000 0.00000 0.00000 0.00000 0.00000 0.00000 0.00000 0.00000 0.00000 0.00000 0.00000 0.00000 0.00000
0.00000 0.00000 0.00000 0.00000 0.00000 0.00000 0.00000 0.00000 0.00000 0.00000 0.00000 0.00000 0.00000 0.00000 0.00000 0.00000 0.00000 0.00000 0.00000 0.00000 0.00000 0.00000 0.00000 0.00000 0.00000 0.00000 0.00000 0.00000 0.00000 0.00000 0.00000 0.00000 0.00000 0.00000 0.00000 0.00000 0.00000 0.00000 0.00000 0.00000 0.00000 0.00000 0.00000 0.00000 0.00000 0.00000 0.00000 0.00000 0.00000 0.00000 0.00000 0.00000 0.00000 0.00000 0.00000 0.00000 0.00000 0.00000 0.00000 0.00000
0.00000 0.00000 0.00000 0.00000 0.00000 0.00000 0.00000 0.00000 0.00000 0.00000 0.00000 0.00000 0.00000 0.00000 0.00000 0.00000 0.00000 0.00000 0.00000 0.00000 0.00000 0.00000 0.00000 0.00000 0.00000 0.00000 0.00000 0.00000 0.00000 0.00000 0.00000 0.00000 0.00000 0.00000 0.00000 0.00000 0.00000 0.00000 0.00000 0.00000 0.00000 0.00000 0.00000 0.00000 0.00000 0.00000 0.00000 0.00000 0.00000 0.00000 0.00000 0.00000 0.00000 0.00000 0.00000 0.00000 0.00000 0.00000 0.00000 0.00000
0.00000 0.00000 0.00000 0.00000 0.00000 0.00000 0.00000 0.00000 0.00000 0.00000 0.00000 0.00000 0.00000 0.00000 0.00000 0.00000 0.00000 0.00000 0.00000 0.00000 0.00000 0.00000 0.00000 0.00000 0.00000 0.00000 0.00000 0.00000 0.00000 0.00000 0.00000 0.00000 0.00000 0.00000 0.00000 0.00000 0.00000 0.00000 0.00000 0.00000 0.00000 0.00000 0.00000 0.00000 0.00000 0.00000 0.00000 0.00000 0.00000 0.00000 0.00000 0.00000 0.00000 0.00000 0.00000 0.00000 0.00000 0.00000 0.00000 0.00000
0.00000 0.00000 0.00000 0.00000 0.00000 0.00000 0.00000 0.00000 0.00000 0.00000 0.00000 0.00000 0.00000 0.00000 0.00000 0.00000 0.00000 0.00000 0.00000 0.00000 0.00000 0.00000 0.00000 0.00000 0.00000 0.00000 0.00000 0.00000 0.00000 0.00000 0.00000 0.00000 0.00000 0.00000 0.00000 0.00000 0.00000 0.00000 0.00000 0.00000 0.00000 0.00000 0.00000 0.00000 0.00000 0.00000 0.00000 0.00000 0.00000 0.00000 0.00000 0.00000 0.00000 0.00000 0.00000 0.00000 0.00000 0.00000 0.00000 0.00000
0.00000 0.00000 0.00000 0.00000 0.00000 0.00000 0.00000 0.00000 0.00000 0.00000 0.00000 0.00000 0.00000 0.00000 0.00000 0.00000 0.00000 0.00000 0.00000 0.00000 0.00000 0.00000 0.00000 0.00000 0.00000 0.00000 0.00000 0.00000 0.00000 0.00000 0.00000 0.00000 0.00000 0.00000 0.00000 0.00000 0.00000 0.00000 0.00000 0.00000 0.00000 0.00000 0.00000 0.00000 0.00000 0.00000 0.00000 0.00000 0.00000 0.00000 0.00000 0.00000 0.00000 0.00000 0.00000 0.00000 0.00000 0.00000 0.00000 0.00000
0.00000 0.00000 0.00000 0.00000 0.00000 0.00000 0.00000 0.00000 0.00000 0.00000 0.00000 0.00000 0.00000 0.00000 0.00000 0.00000 0.00000 0.00000 0.00000 0.00000 0.00000 0.00000 0.00000 0.00000 0.00000 0.00000 0.00000 0.00000 0.00000 0.00000 0.00000 0.00000 0.00000 0.00000 0.00000 0.00000 0.00000 0.00000 0.00000 0.00000 0.00000 0.00000 0.00000 0.00000 0.00000 0.00000 0.00000 0.00000 0.00000 0.00000 0.00000 0.00000 0.00000 0.00000 0.00000 0.00000 0.00000 0.00000 0.00000 0.00000
0.00000 0.00000 0.00000 0.00000 0.00000 0.00000 0.00000 0.00000 0.00000 0.00000 0.00000 0.00000 0.00000 0.00000 0.00000 0.00000 0.00000 0.00000 0.00000 0.00000 0.00000 0.00000 0.00000 0.00000 0.00000 0.00000 0.00000 0.00000 0.00000 0.00000 0.00000 0.00000 0.00000 0.00000 0.00000 0.00000 0.00000 0.00000 0.00000 0.00000 0.00000 0.00000 0.00000 0.00000 0.00000 0.00000 0.00000 0.00000 0.00000 0.00000 0.00000 0.00000 0.00000 0.00000 0.00000 0.00000 0.00000 0.00000 0.00000 0.00000
0.00000 0.00000 0.00000 0.00000 0.00000 0.00000 0.00000 0.00000 0.00000 0.00000 0.00000 0.00000 0.00000 0.00000 0.00000 0.00000 0.00000 0.00000 0.00000 0.00000 0.00000 0.00000 0.00000 0.00000 0.00000 0.00000 0.00000 0.00000 0.00000 0.00000 0.00000 0.00000 0.00000 0.00000 0.00000 0.00000 0.00000 0.00000 0.00000 0.00000 0.00000 0.00000 0.00000 0.00000 0.00000 0.00000 0.00000 0.00000 0.00000 0.00000 0.00000 0.00000 0.00000 0.00000 0.00000 0.00000 0.00000 0.00000 0.00000 0.00000
0.00000 0.00000 0.00000 0.00000 0.00000 0.00000 0.00000 0.00000 0.00000 0.00000 0.00000 0.00000 0.00000 0.00000 0.00000 0.00000 0.00000 0.00000 0.00000 0.00000 0.00000 0.00000 0.00000 0.00000 0.00000 0.00000 0.00000 0.00000 0.00000 0.00000 0.00000 0.00000 0.00000 0.00000 0.00000 0.00000 0.00000 0.00000 0.00000 0.00000 0.00000 0.00000 0.00000 0.00000 0.00000 0.00000 0.00000 0.00000 0.00000 0.00000 0.00000 0.00000 0.00000 0.00000 0.00000 0.00000 0.00000 0.00000 0.00000 0.00000
0.00000 0.00000 0.00000 0.00000 0.00000 0.00000 0.00000 0.00000 0.00000 0.00000 0.00000 0.00000 0.00000 0.00000 0.00000 0.00000 0.00000 0.00000 0.00000 0.00000 0.00000 0.00000 0.00000 0.00000 0.00000 0.00000 0.00000 0.00000 0.00000 0.00000 0.00000 0.00000 0.00000 0.00000 0.00000 0.00000 0.00000 0.00000 0.00000 0.00000 0.00000 0.00000 0.00000 0.00000 0.00000 0.00000 0.00000 0.00000 0.00000 0.00000 0.00000 0.00000 0.00000 0.00000 0.00000 0.00000 0.00000 0.00000 0.00000 0.00000
0.00000 0.00000 0.00000 0.00000 0.00000 0.00000 0.00000 0.00000 0.00000 0.00000 0.00000 0.00000 0.00000 0.00000 0.00000 0.00000 0.00000 0.00000 0.00000 0.00000 0.00000 0.00000 0.00000 0.00000 0.00000 0.00000 0.00000 0.00000 0.00000 0.00000 0.00000 0.00000 0.00000 0.00000 0.00000 0.00000 0.00000 0.00000 0.00000 0.00000 0.00000 0.00000 0.00000 0.00000 0.00000 0.00000 0.00000 0.00000 0.00000 0.00000 0.00000 0.00000 0.00000 0.00000 0.00000 0.00000 0.00000 0.00000 0.00000 0.00000
0.00000 0.00000 0.00000 0.00000 0.00000 0.00000 0.00000 0.00000 0.00000 0.00000 0.00000 0.00000 0.00000 0.00000 0.00000 0.00000 0.00000 0.00000 0.00000 0.00000 0.00000 0.00000 0.00000 0.00000 0.00000 0.00000 0.00000 0.00000 0.00000 0.00000 0.00000 0.00000 0.00000 0.00000 0.00000 0.00000 0.00000 0.00000 0.00000 0.00000 0.00000 0.00000 0.00000 0.00000 0.00000 0.00000 0.00000 0.00000 0.00000 0.00000 0.00000 0.00000 0.00000 0.00000 0.00000 0.00000 0.00000 0.00000 0.00000 0.00000
0.00000 0.00000 0.00000 0.00000 0.00000 0.00000 0.00000 0.00000 0.00000 0.00000 0.00000 0.00000 0.00000 0.00000 0.00000 0.00000 0.00000 0.00000 0.00000 0.00000 0.00000 0.00000 0.00000 0.00000 0.00000 0.00000 0.00000 0.00000 0.00000 0.00000 0.00000 0.00000 0.00000 0.00000 0.00000 0.00000 0.00000 0.00000 0.00000 0.00000 0.00000 0.00000 0.00000 0.00000 0.00000 0.00000 0.00000 0.00000 0.00000 0.00000 0.00000 0.00000 0.00000 0.00000 0.00000 0.00000 0.00000 0.00000 0.00000 0.00000
0.00000 0.00000 0.00000 0.00000 0.00000 0.00000 0.00000 0.00000 0.00000 0.00000 0.00000 0.00000 0.00000 0.00000 0.00000 0.00000 0.00000 0.00000 0.00000 0.00000 0.00000 0.00000 0.00000 0.00000 0.00000 0.00000 0.00000 0.00000 0.00000 0.00000 0.00000 0.00000 0.00000 0.00000 0.00000 0.00000 0.00000 0.00000 0.00000 0.00000 0.00000 0.00000 0.00000 0.00000 0.00000 0.00000 0.00000 0.00000 0.00000 0.00000 0.00000 0.00000 0.00000 0.00000 0.00000 0.00000 0.00000 0.00000 0.00000 0.00000
0.00000 0.00000 0.00000 0.00000 0.00000 0.00000 0.00000 0.00000 0.00000 0.00000 0.00000 0.00000 0.00000 0.00000 0.00000 0.00000 0.00000 0.00000 0.00000 0.00000 0.00000 0.00000 0.00000 0.00000 0.00000 0.00000 0.00000 0.00000 0.00000 0.00000 0.00000 0.00000 0.00000 0.00000 0.00000 0.00000 0.00000 0.00000 0.00000 0.00000 0.00000 0.00000 0.00000 0.00000 0.00000 0.00000 0.00000 0.00000 0.00000 0.00000 0.00000 0.00000 0.00000 0.00000 0.00000 0.00000 0.00000 0.00000 0.00000 0.00000
0.00000 0.00000 0.00000 0.00000 0.00000 0.00000 0.00000 0.00000 0.00000 0.00000 0.00000 0.00000 0.00000 0.00000 0.00000 0.00000 0.00000 0.00000 0.00000 0.00000 0.00000 0.00000 0.00000 0.00000 0.00000 0.00000 0.00000 0.00000 0.00000 0.00000 0.00000 0.00000 0.00000 0.00000 0.00000 0.00000 0.00000 0.00000 0.00000 0.00000 0.00000 0.00000 0.00000 0.00000 0.00000 0.00000 0.00000 0.00000 0.00000 0.00000 0.00000 0.00000 0.00000 0.00000 0.00000 0.00000 0.00000 0.00000 0.00000 0.00000
0.00000 0.00000 0.00000 0.00000 0.00000 0.00000 0.00000 0.00000 0.00000 0.00000 0.00000 0.00000 0.00000 0.00000 0.00000 0.00000 0.00000 0.00000 0.00000 0.00000 0.00000 0.00000 0.00000 0.00000 0.00000 0.00000 0.00000 0.00000 0.00000 0.00000 0.00000 0.00000 0.00000 0.00000 0.00000 0.00000 0.00000 0.00000 0.00000 0.00000 0.00000 0.00000 0.00000 0.00000 0.00000 0.00000 0.00000 0.00000 0.00000 0.00000 0.00000 0.00000 0.00000 0.00000 0.00000 0.00000 0.00000 0.00000 0.00000 0.00000
0.00000 0.00000 0.00000 0.00000 0.00000 0.00000 0.00000 0.00000 0.00000 0.00000 0.00000 0.00000 0.00000 0.00000 0.00000 0.00000 0.00000 0.00000 0.00000 0.00000 0.00000 0.00000 0.00000 0.00000 0.00000 0.00000 0.00000 0.00000 0.00000 0.00000 0.00000 0.00000 0.00000 0.00000 0.00000 0.00000 0.00000 0.00000 0.00000 0.00000 0.00000 0.00000 0.00000 0.00000 0.00000 0.00000 0.00000 0.00000 0.00000 0.00000 0.00000 0.00000 0.00000 0.00000 0.00000 0.00000 0.00000 0.00000 0.00000 0.00000
0.00000 0.00000 0.00000 0.00000 0.00000 0.00000 0.00000 0.00000 0.00000 0.00000 0.00000 0.00000 0.00000 0.00000 0.00000 0.00000 0.00000 0.00000 0.00000 0.00000 0.00000 0.00000 0.00000 0.00000 0.00000 0.00000 0.00000 0.00000 0.00000 0.00000 0.00000 0.00000 0.00000 0.00000 0.00000 0.00000 0.00000 0.00000 0.00000 0.00000 0.00000 0.00000 0.00000 0.00000 0.00000 0.00000 0.00000 0.00000 0.00000 0.00000 0.00000 0.00000 0.00000 0.00000 0.00000 0.00000 0.00000 0.00000 0.00000 0.00000
0.00000 0.00000 0.00000 0.00000 0.00000 0.00000 0.00000 0.00000 0.00000 0.00000 0.00000 0.00000 0.00000 0.00000 0.00000 0.00000 0.00000 0.00000 0.00000 0.00000 0.00000 0.00000 0.00000 0.00000 0.00000 0.00000 0.00000 0.00000 0.00000 0.00000 0.00000 0.00000 0.00000 0.00000 0.00000 0.00000 0.00000 0.00000 0.00000 0.00000 0.00000 0.00000 0.00000 0.00000 0.00000 0.00000 0.00000 0.00000 0.00000 0.00000 0.00000 0.00000 0.00000 0.00000 0.00000 0.00000 0.00000 0.00000 0.00000 0.00000
0.00000 0.00000 0.00000 0.00000 0.00000 0.00000 0.00000 0.00000 0.00000 0.00000 0.00000 0.00000 0.00000 0.00000 0.00000 0.00000 0.00000 0.00000 0.00000 0.00000 0.00000 0.00000 0.00000 0.00000 0.00000 0.00000 0.00000 0.00000 0.00000 0.00000 0.00000 0.00000 0.00000 0.00000 0.00000 0.00000 0.00000 0.00000 0.00000 0.00000 0.00000 0.00000 0.00000 0.00000 0.00000 0.00000 0.00000 0.00000 0.00000 0.00000 0.00000 0.00000 0.00000 0.00000 0.00000 0.00000 0.00000 0.00000 0.00000 0.00000
0.00000 0.00000 0.00000 0.00000 0.00000 0.00000 0.00000 0.00000 0.00000 0.00000 0.00000 0.00000 0.00000 0.00000 0.00000 0.00000 0.00000 0.00000 0.00000 0.00000 0.00000 0.00000 0.00000 0.00000 0.00000 0.00000 0.00000 0.00000 0.00000 0.00000 0.00000 0.00000 0.00000 0.00000 0.00000 0.00000 0.00000 0.00000 0.00000 0.00000 0.00000 0.00000 0.00000 0.00000 0.00000 0.00000 0.00000 0.00000 0.00000 0.00000 0.00000 0.00000 0.00000 0.00000 0.00000 0.00000 0.00000 0.00000 0.00000 0.00000
0.00000 0.00000 0.00000 0.00000 0.00000 0.00000 0.00000 0.00000 0.00000 0.00000 0.00000 0.00000 0.00000 0.00000 0.00000 0.00000 0.00000 0.00000 0.00000 0.00000 0.00000 0.00000 0.00000 0.00000 0.00000 0.00000 0.00000 0.00000 0.00000 0.00000 0.00000 0.00000 0.00000 0.00000 0.00000 0.00000 0.00000 0.00000 0.00000 0.00000 0.00000 0.00000 0.00000 0.00000 0.00000 0.00000 0.00000 0.00000 0.00000 0.00000 0.00000 0.00000 0.00000 0.00000 0.00000 0.00000 0.00000 0.00000 0.00000 0.00000
