0.02993 0.03507 0.04014 0.04465 0.04928 0.04871 0.04356 0.03720 0.03142 0.02624 0.02060 0.01583 0.01094 0.00667 0.00211 0.00379 0.01113 0.01900 0.02453 0.03317 0.03830 0.04680 0.04877 0.05789 0.06343 0.06180 0.05378 0.04517 0.04050 0.03288 0.02700 0.01902 0.01440 0.00870 0.00273 0.00143 0.00448 0.00733 0.00965 0.01203 0.01533 0.01710 0.01932 0.02176 0.02480 0.02267 0.02081 0.01782 0.01631 0.01221 0.01043 0.00744 0.00570 0.00371 0.00104 0.00109 0.00280 0.00514 0.00666 0.00913
0.03301 0.03904 0.04474 0.05003 0.05612 0.05573 0.04908 0.04260 0.03702 0.03089 0.02440 0.01867 0.01333 0.00801 0.00254 0.00384 0.01148 0.01954 0.02541 0.03329 0.03942 0.04725 0.05197 0.05877 0.06465 0.06312 0.05559 0.04665 0.04160 0.03412 0.02701 0.02025 0.01502 0.00880 0.00275 0.00181 0.00549 0.00883 0.01159 0.01516 0.01873 0.02079 0.02296 0.02666 0.03029 0.02748 0.02433 0.02205 0.01983 0.01513 0.01237 0.00951 0.00721 0.00428 0.00128 0.00137 0.00401 0.00679 0.00917 0.01271
0.03815 0.04471 0.05180 0.05868 0.06643 0.06426 0.05621 0.04928 0.04337 0.03555 0.02760 0.02207 0.01541 0.00912 0.00290 0.00391 0.01152 0.01946 0.02602 0.03310 0.03932 0.04730 0.05315 0.05977 0.06447 0.06292 0.05605 0.04899 0.04180 0.03348 0.02681 0.02171 0.01522 0.00853 0.00279 0.00219 0.00627 0.00989 0.01385 0.01806 0.02112 0.02380 0.02769 0.03088 0.03429 0.03261 0.02930 0.02481 0.02245 0.01714 0.01453 0.01141 0.00823 0.00442 0.00139 0.00169 0.00455 0.00700 0.00945 0.01382
0.04034 0.04790 0.05584 0.06463 0.07160 0.06893 0.06225 0.05555 0.04788 0.03919 0.03224 0.02523 0.01762 0.01020 0.00342 0.00408 0.01170 0.01924 0.02671 0.03480 0.04032 0.04729 0.05446 0.06152 0.06599 0.06395 0.05814 0.05056 0.04222 0.03416 0.02861 0.02232 0.01515 0.00875 0.00297 0.00253 0.00705 0.01170 0.01664 0.02086 0.02375 0.02831 0.03325 0.03580 0.03784 0.03839 0.03550 0.02902 0.02399 0.02045 0.01836 0.01310 0.00917 0.00509 0.00192 0.00196 0.00542 0.00941 0.01318 0.01791
0.04469 0.05421 0.06311 0.07120 0.07765 0.07897 0.07436 0.06288 0.05196 0.04424 0.03713 0.02822 0.01920 0.01156 0.00387 0.00408 0.01176 0.01915 0.02675 0.03525 0.04141 0.04748 0.05424 0.06131 0.06721 0.06595 0.05817 0.04972 0.04244 0.03605 0.02903 0.02159 0.01502 0.00926 0.00304 0.00273 0.00799 0.01363 0.01853 0.02268 0.02739 0.03270 0.03652 0.03945 0.04383 0.04372 0.03869 0.03210 0.02761 0.02363 0.01965 0.01382 0.00989 0.00649 0.00214 0.00183 0.00545 0.01043 0.01420 0.01723
0.04456 0.05336 0.06068 0.06693 0.07566 0.07890 0.07145 0.06076 0.05163 0.04449 0.03693 0.02776 0.01954 0.01181 0.00390 0.00401 0.01192 0.01990 0.02705 0.03424 0.04186 0.04939 0.05484 0.06072 0.06846 0.06803 0.05839 0.05001 0.04374 0.03687 0.02920 0.02167 0.01558 0.00950 0.00300 0.00276 0.00840 0.01381 0.01826 0.02327 0.02873 0.03299 0.03597 0.04052 0.04616 0.04443 0.03754 0.03277 0.02999 0.02419 0.01897 0.01397 0.01123 0.00659 0.00210 0.00206 0.00657 0.01147 0.01603 0.02166
0.03817 0.04657 0.05225 0.06209 0.07202 0.07078 0.06103 0.05435 0.04979 0.04065 0.03178 0.02483 0.01805 0.01068 0.00343 0.00398 0.01200 0.02021 0.02743 0.03385 0.04149 0.04975 0.05602 0.06081 0.06778 0.06722 0.05923 0.05129 0.04361 0.03571 0.02901 0.02274 0.01576 0.00909 0.00299 0.00257 0.00757 0.01208 0.01657 0.02143 0.02539 0.02887 0.03294 0.03739 0.04033 0.03868 0.03446 0.03063 0.02594 0.02079 0.01686 0.01375 0.00984 0.00529 0.00177 0.00194 0.00583 0.00845 0.01185 0.01647
0.03361 0.03973 0.04654 0.05511 0.06205 0.06005 0.05264 0.04784 0.04307 0.03567 0.02783 0.02185 0.01595 0.00939 0.00303 0.00403 0.01205 0.01977 0.02736 0.03496 0.04162 0.04841 0.05596 0.06289 0.06752 0.06637 0.05963 0.05206 0.04345 0.03594 0.02915 0.02279 0.01584 0.00911 0.00306 0.00228 0.00657 0.01074 0.01510 0.01882 0.02207 0.02577 0.02991 0.03292 0.03512 0.03429 0.03148 0.02734 0.02238 0.01820 0.01589 0.01236 0.00840 0.00479 0.00175 0.00183 0.00524 0.00900 0.01301 0.01810
0.02711 0.03502 0.04124 0.04690 0.05043 0.05253 0.04973 0.04229 0.03545 0.03019 0.02555 0.01925 0.01327 0.00799 0.00269 0.00408 0.01195 0.01945 0.02727 0.03516 0.04230 0.04762 0.05502 0.06292 0.06904 0.06628 0.05873 0.05115 0.04402 0.03745 0.02895 0.02175 0.01586 0.00969 0.00306 0.00191 0.00568 0.00946 0.01293 0.01610 0.01933 0.02277 0.02534 0.02779 0.03095 0.03094 0.02646 0.02251 0.01959 0.01702 0.01347 0.00992 0.00713 0.00451 0.00152 0.00133 0.00409 0.00738 0.01028 0.01252
0.02507 0.02995 0.03408 0.03814 0.04278 0.04423 0.04127 0.03565 0.02931 0.02516 0.02154 0.01671 0.01110 0.00668 0.00228 0.00408 0.01180 0.01954 0.02729 0.03454 0.04154 0.04881 0.05440 0.06118 0.06854 0.06733 0.05841 0.05057 0.04389 0.03638 0.02930 0.02222 0.01564 0.00936 0.00305 0.00164 0.00490 0.00788 0.01075 0.01361 0.01659 0.01900 0.02122 0.02339 0.02635 0.02600 0.02226 0.01875 0.01679 0.01458 0.01117 0.00824 0.00628 0.00393 0.00125 0.00123 0.00394 0.00703 0.00967 0.01319
0.01956 0.02331 0.02641 0.03202 0.03710 0.03630 0.03152 0.02851 0.02556 0.02089 0.01660 0.01312 0.00954 0.00550 0.00180 0.00401 0.01201 0.01951 0.02718 0.03417 0.04124 0.04828 0.05558 0.05968 0.06667 0.06727 0.05918 0.05082 0.04271 0.03583 0.02923 0.02258 0.01539 0.00899 0.00302 0.00135 0.00396 0.00644 0.00875 0.01113 0.01329 0.01524 0.01743 0.01963 0.02091 0.02033 0.01839 0.01629 0.01334 0.01093 0.00912 0.00737 0.00511 0.00288 0.00098 0.00103 0.00317 0.00476 0.00675 0.00901
0.01498 0.01783 0.02089 0.02481 0.02827 0.02771 0.02426 0.02156 0.01992 0.01690 0.01266 0.00993 0.00740 0.00440 0.00137 0.00391 0.01199 0.01960 0.02647 0.03388 0.04134 0.04776 0.05387 0.06073 0.06723 0.06570 0.05816 0.05034 0.04277 0.03564 0.02911 0.02139 0.01538 0.00916 0.00302 0.00102 0.00301 0.00494 0.00685 0.00847 0.01020 0.01169 0.01343 0.01500 0.01631 0.01546 0.01398 0.01253 0.01043 0.00825 0.00703 0.00581 0.00388 0.00224 0.00080 0.00085 0.00244 0.00414 0.00626 0.00887
0.01061 0.01332 0.01560 0.01736 0.01896 0.01981 0.01818 0.01565 0.01322 0.01149 0.00955 0.00711 0.00503 0.00306 0.00102 0.00389 0.01162 0.01949 0.02677 0.03331 0.04081 0.04780 0.05354 0.05934 0.06600 0.06655 0.05704 0.05040 0.04241 0.03531 0.02826 0.02203 0.01536 0.00899 0.00298 0.00073 0.00211 0.00347 0.00482 0.00602 0.00717 0.00840 0.00936 0.01029 0.01162 0.01151 0.00963 0.00835 0.00747 0.00633 0.00493 0.00367 0.00272 0.00169 0.00057 0.00053 0.00161 0.00281 0.00400 0.00518
0.00630 0.00779 0.00896 0.01010 0.01125 0.01159 0.01087 0.00952 0.00780 0.00660 0.00576 0.00446 0.00293 0.00175 0.00061 0.00399 0.01126 0.01870 0.02684 0.03362 0.03928 0.04630 0.05398 0.06031 0.06353 0.06284 0.05771 0.04955 0.04269 0.03404 0.02782 0.02195 0.01528 0.00891 0.00289 0.00043 0.00127 0.00202 0.00281 0.00358 0.00427 0.00489 0.00560 0.00604 0.00667 0.00680 0.00590 0.00481 0.00424 0.00377 0.00296 0.00214 0.00161 0.00103 0.00033 0.00032 0.00103 0.00185 0.00254 0.00331
0.00216 0.00252 0.00290 0.00349 0.00397 0.00387 0.00339 0.00310 0.00270 0.00222 0.00180 0.00143 0.00102 0.00058 0.00019 0.00395 0.01168 0.01849 0.02585 0.03373 0.04006 0.04564 0.05173 0.05950 0.06609 0.06366 0.05546 0.04864 0.04162 0.03530 0.02711 0.02099 0.01500 0.00888 0.00288 0.00014 0.00042 0.00068 0.00090 0.00116 0.00143 0.00160 0.00181 0.00206 0.00218 0.00210 0.00197 0.00171 0.00137 0.00113 0.00098 0.00077 0.00053 0.00030 0.00010 0.00011 0.00034 0.00056 0.00076 0.00098
0.00000 0.00000 0.00000 0.00000 0.00000 0.00000 0.00000 0.00000 0.00000 0.00000 0.00000 0.00000 0.00000 0.00000 0.00000 0.00352 0.01107 0.01800 0.02357 0.03030 0.03814 0.04416 0.04820 0.05326 0.06122 0.06139 0.05329 0.04429 0.03856 0.03257 0.02638 0.01962 0.01372 0.00813 0.00270 0.00000 0.00000 0.00000 0.00000 0.00000 0.00000 0.00000 0.00000 0.00000 0.00000 0.00000 0.00000 0.00000 0.00000 0.00000 0.00000 0.00000 0.00000 0.00000 0.00000 0.00000 0.00000 0.00000 0.00000 0.00000
0.00000 0.00000 0.00000 0.00000 0.00000 0.00000 0.00000 0.00000 0.00000 0.00000 0.00000 0.00000 0.00000 0.00000 0.00000 0.00314 0.00935 0.01607 0.02204 0.02683 0.03231 0.03901 0.04475 0.04881 0.05255 0.05260 0.04747 0.04126 0.03364 0.02816 0.02317 0.01773 0.01249 0.00710 0.00234 0.00000 0.00000 0.00000 0.00000 0.00000 0.00000 0.00000 0.00000 0.00000 0.00000 0.00000 0.00000 0.00000 0.00000 0.00000 0.00000 0.00000 0.00000 0.00000 0.00000 0.00000 0.00000 0.00000 0.00000 0.00000
0.00000 0.00000 0.00000 0.00000 0.00000 0.00000 0.00000 0.00000 0.00000 0.00000 0.00000 0.00000 0.00000 0.00000 0.00000 0.00288 0.00793 0.01312 0.01934 0.02432 0.02761 0.03228 0.03858 0.04339 0.04639 0.04437 0.04002 0.03536 0.03024 0.02408 0.01954 0.01513 0.01073 0.00640 0.00199 0.00000 0.00000 0.00000 0.00000 0.00000 0.00000 0.00000 0.00000 0.00000 0.00000 0.00000 0.00000 0.00000 0.00000 0.00000 0.00000 0.00000 0.00000 0.00000 0.00000 0.00000 0.00000 0.00000 0.00000 0.00000
0.00000 0.00000 0.00000 0.00000 0.00000 0.00000 0.00000 0.00000 0.00000 0.00000 0.00000 0.00000 0.00000 0.00000 0.00000 0.00247 0.00732 0.01140 0.01572 0.02089 0.02533 0.02817 0.03166 0.03638 0.04108 0.03996 0.03392 0.02952 0.02573 0.02148 0.01696 0.01274 0.00893 0.00536 0.00179 0.00000 0.00000 0.00000 0.00000 0.00000 0.00000 0.00000 0.00000 0.00000 0.00000 0.00000 0.00000 0.00000 0.00000 0.00000 0.00000 0.00000 0.00000 0.00000 0.00000 0.00000 0.00000 0.00000 0.00000 0.00000
0.00000 0.00000 0.00000 0.00000 0.00000 0.00000 0.00000 0.00000 0.00000 0.00000 0.00000 0.00000 0.00000 0.00000 0.00000 0.00192 0.00614 0.01002 0.01286 0.01628 0.02103 0.02444 0.02611 0.02908 0.03357 0.03324 0.02895 0.02429 0.02091 0.01755 0.01424 0.01084 0.00738 0.00429 0.00145 0.00000 0.00000 0.00000 0.00000 0.00000 0.00000 0.00000 0.00000 0.00000 0.00000 0.00000 0.00000 0.00000 0.00000 0.00000 0.00000 0.00000 0.00000 0.00000 0.00000 0.00000 0.00000 0.00000 0.00000 0.00000
0.00000 0.00000 0.00000 0.00000 0.00000 0.00000 0.00000 0.00000 0.00000 0.00000 0.00000 0.00000 0.00000 0.00000 0.00000 0.00158 0.00470 0.00814 0.01127 0.01344 0.01604 0.01966 0.02262 0.02417 0.02614 0.02631 0.02356 0.02036 0.01680 0.01397 0.01131 0.00870 0.00623 0.00350 0.00113 0.00000 0.00000 0.00000 0.00000 0.00000 0.00000 0.00000 0.00000 0.00000 0.00000 0.00000 0.00000 0.00000 0.00000 0.00000 0.00000 0.00000 0.00000 0.00000 0.00000 0.00000 0.00000 0.00000 0.00000 0.00000
0.00000 0.00000 0.00000 0.00000 0.00000 0.00000 0.00000 0.00000 0.00000 0.00000 0.00000 0.00000 0.00000 0.00000 0.00000 0.00129 0.00353 0.00578 0.00867 0.01091 0.01212 0.01404 0.01736 0.01922 0.02008 0.01950 0.01772 0.01548 0.01312 0.01061 0.00852 0.00650 0.00461 0.00278 0.00087 0.00000 0.00000 0.00000 0.00000 0.00000 0.00000 0.00000 0.00000 0.00000 0.00000 0.00000 0.00000 0.00000 0.00000 0.00000 0.00000 0.00000 0.00000 0.00000 0.00000 0.00000 0.00000 0.00000 0.00000 0.00000
0.00000 0.00000 0.00000 0.00000 0.00000 0.00000 0.00000 0.00000 0.00000 0.00000 0.00000 0.00000 0.00000 0.00000 0.00000 0.00092 0.00272 0.00416 0.00573 0.00773 0.00936 0.01009 0.01138 0.01350 0.01491 0.01419 0.01216 0.01071 0.00929 0.00769 0.00608 0.00459 0.00320 0.00189 0.00064 0.00000 0.00000 0.00000 0.00000 0.00000 0.00000 0.00000 0.00000 0.00000 0.00000 0.00000 0.00000 0.00000 0.00000 0.00000 0.00000 0.00000 0.00000 0.00000 0.00000 0.00000 0.00000 0.00000 0.00000 0.00000
0.00000 0.00000 0.00000 0.00000 0.00000 0.00000 0.00000 0.00000 0.00000 0.00000 0.00000 0.00000 0.00000 0.00000 0.00000 0.00050 0.00161 0.00265 0.00333 0.00423 0.00555 0.00643 0.00668 0.00745 0.00876 0.00862 0.00736 0.00617 0.00534 0.00450 0.00361 0.00271 0.00190 0.00109 0.00036 0.00000 0.00000 0.00000 0.00000 0.00000 0.00000 0.00000 0.00000 0.00000 0.00000 0.00000 0.00000 0.00000 0.00000 0.00000 0.00000 0.00000 0.00000 0.00000 0.00000 0.00000 0.00000 0.00000 0.00000 0.00000
0.00000 0.00000 0.00000 0.00000 0.00000 0.00000 0.00000 0.00000 0.00000 0.00000 0.00000 0.00000 0.00000 0.00000 0.00000 0.00017 0.00050 0.00087 0.00121 0.00141 0.00169 0.00211 0.00240 0.00250 0.00271 0.00278 0.00249 0.00212 0.00174 0.00145 0.00119 0.00090 0.00063 0.00037 0.00012 0.00000 0.00000 0.00000 0.00000 0.00000 0.00000 0.00000 0.00000 0.00000 0.00000 0.00000 0.00000 0.00000 0.00000 0.00000 0.00000 0.00000 0.00000 0.00000 0.00000 0.00000 0.00000 0.00000 0.00000 0.00000
0.00000 0.00000 0.00000 0.00000 0.00000 0.00000 0.00000 0.00000 0.00000 0.00000 0.00000 0.00000 0.00000 0.00000 0.00000 0.00000 0.00000 0.00000 0.00000 0.00000 0.00000 0.00000 0.00000 0.00000 0.00000 0.00000 0.00000 0.00000 0.00000 0.00000 0.00000 0.00000 0.00000 0.00000 0.00000 0.00000 0.00000 0.00000 0.00000 0.00000 0.00000 0.00000 0.00000 0.00000 0.00000 0.00000 0.00000 0.00000 0.00000 0.00000 0.00000 0.00000 0.00000 0.00000 0.00000 0.00000 0.00000 0.00000 0.00000 0.00000
0.00000 0.00000 0.00000 0.00000 0.00000 0.00000 0.00000 0.00000 0.00000 0.00000 0.00000 0.00000 0.00000 0.00000 0.00000 0.00000 0.00000 0.00000 0.00000 0.00000 0.00000 0.00000 0.00000 0.00000 0.00000 0.00000 0.00000 0.00000 0.00000 0.00000 0.00000 0.00000 0.00000 0.00000 0.00000 0.00000 0.00000 0.00000 0.00000 0.00000 0.00000 0.00000 0.00000 0.00000 0.00000 0.00000 0.00000 0.00000 0.00000 0.00000 0.00000 0.00000 0.00000 0.00000 0.00000 0.00000 0.00000 0.00000 0.00000 0.00000
0.00000 0.00000 0.00000 0.00000 0.00000 0.00000 0.00000 0.00000 0.00000 0.00000 0.00000 0.00000 0.00000 0.00000 0.00000 0.00000 0.00000 0.00000 0.00000 0.00000 0.00000 0.00000 0.00000 0.00000 0.00000 0.00000 0.00000 0.00000 0.00000 0.00000 0.00000 0.00000 0.00000 0.00000 0.00000 0.00000 0.00000 0.00000 0.00000 0.00000 0.00000 0.00000 0.00000 0.00000 0.00000 0.00000 0.00000 0.00000 0.00000 0.00000 0.00000 0.00000 0.00000 0.00000 0.00000 0.00000 0.00000 0.00000 0.00000 0.00000
0.00000 0.00000 0.00000 0.00000 0.00000 0.00000 0.00000 0.00000 0.00000 0.00000 0.00000 0.00000 0.00000 0.00000 0.00000 0.00000 0.00000 0.00000 0.00000 0.00000 0.00000 0.00000 0.00000 0.00000 0.00000 0.00000 0.00000 0.00000 0.00000 0.00000 0.00000 0.00000 0.00000 0.00000 0.00000 0.00000 0.00000 0.00000 0.00000 0.00000 0.00000 0.00000 0.00000 0.00000 0.00000 0.00000 0.00000 0.00000 0.00000 0.00000 0.00000 0.00000 0.00000 0.00000 0.00000 0.00000 0.00000 0.00000 0.00000 0.00000
0.00000 0.00000 0.00000 0.00000 0.00000 0.00000 0.00000 0.00000 0.00000 0.00000 0.00000 0.00000 0.00000 0.00000 0.00000 0.00000 0.00000 0.00000 0.00000 0.00000 0.00000 0.00000 0.00000 0.00000 0.00000 0.00000 0.00000 0.00000 0.00000 0.00000 0.00000 0.00000 0.00000 0.00000 0.00000 0.00000 0.00000 0.00000 0.00000 0.00000 0.00000 0.00000 0.00000 0.00000 0.00000 0.00000 0.00000 0.00000 0.00000 0.00000 0.00000 0.00000 0.00000 0.00000 0.00000 0.00000 0.00000 0.00000 0.00000 0.00000
0.00000 0.00000 0.00000 0.00000 0.00000 0.00000 0.00000 0.00000 0.00000 0.00000 0.00000 0.00000 0.00000 0.00000 0.00000 0.00000 0.00000 0.00000 0.00000 0.00000 0.00000 0.00000 0.00000 0.00000 0.00000 0.00000 0.00000 0.00000 0.00000 0.00000 0.00000 0.00000 0.00000 0.00000 0.00000 0.00000 0.00000 0.00000 0.00000 0.00000 0.00000 0.00000 0.00000 0.00000 0.00000 0.00000 0.00000 0.00000 0.00000 0.00000 0.00000 0.00000 0.00000 0.00000 0.00000 0.00000 0.00000 0.00000 0.00000 0.00000
0.00000 0.00000 0.00000 0.00000 0.00000 0.00000 0.00000 0.00000 0.00000 0.00000 0.00000 0.00000 0.00000 0.00000 0.00000 0.00000 0.00000 0.00000 0.00000 0.00000 0.00000 0.00000 0.00000 0.00000 0.00000 0.00000 0.00000 0.00000 0.00000 0.00000 0.00000 0.00000 0.00000 0.00000 0.00000 0.00000 0.00000 0.00000 0.00000 0.00000 0.00000 0.00000 0.00000 0.00000 0.00000 0.00000 0.00000 0.00000 0.00000 0.00000 0.00000 0.00000 0.00000 0.00000 0.00000 0.00000 0.00000 0.00000 0.00000 0.00000
0.00000 0.00000 0.00000 0.00000 0.00000 0.00000 0.00000 0.00000 0.00000 0.00000 0.00000 0.00000 0.00000 0.00000 0.00000 0.00000 0.00000 0.00000 0.00000 0.00000 0.00000 0.00000 0.00000 0.00000 0.00000 0.00000 0.00000 0.00000 0.00000 0.00000 0.00000 0.00000 0.00000 0.00000 0.00000 0.00000 0.00000 0.00000 0.00000 0.00000 0.00000 0.00000 0.00000 0.00000 0.00000 0.00000 0.00000 0.00000 0.00000 0.00000 0.00000 0.00000 0.00000 0.00000 0.00000 0.00000 0.00000 0.00000 0.00000 0.00000
0.00000 0.00000 0.00000 0.00000 0.00000 0.00000 0.00000 0.00000 0.00000 0.00000 0.00000 0.00000 0.00000 0.00000 0.00000 0.00000 0.00000 0.00000 0.00000 0.00000 0.00000 0.00000 0.00000 0.00000 0.00000 0.00000 0.00000 0.00000 0.00000 0.00000 0.00000 0.00000 0.00000 0.00000 0.00000 0.00000 0.00000 0.00000 0.00000 0.00000 0.00000 0.00000 0.00000 0.00000 0.00000 0.00000 0.00000 0.00000 0.00000 0.00000 0.00000 0.00000 0.00000 0.00000 0.00000 0.00000 0.00000 0.00000 0.00000 0.00000
0.00000 0.00000 0.00000 0.00000 0.00000 0.00000 0.00000 0.00000 0.00000 0.00000 0.00000 0.00000 0.00000 0.00000 0.00000 0.00000 0.00000 0.00000 0.00000 0.00000 0.00000 0.00000 0.00000 0.00000 0.00000 0.00000 0.00000 0.00000 0.00000 0.00000 0.00000 0.00000 0.00000 0.00000 0.00000 0.00000 0.00000 0.00000 0.00000 0.00000 0.00000 0.00000 0.00000 0.00000 0.00000 0.00000 0.00000 0.00000 0.00000 0.00000 0.00000 0.00000 0.00000 0.00000 0.00000 0.00000 0.00000 0.00000 0.00000 0.00000
0.00000 0.00000 0.00000 0.00000 0.00000 0.00000 0.00000 0.00000 0.00000 0.00000 0.00000 0.00000 0.00000 0.00000 0.00000 0.00000 0.00000 0.00000 0.00000 0.00000 0.00000 0.00000 0.00000 0.00000 0.00000 0.00000 0.00000 0.00000 0.00000 0.00000 0.00000 0.00000 0.00000 0.00000 0.00000 0.00000 0.00000 0.00000 0.00000 0.00000 0.00000 0.00000 0.00000 0.00000 0.00000 0.00000 0.00000 0.00000 0.00000 0.00000 0.00000 0.00000 0.00000 0.00000 0.00000 0.00000 0.00000 0.00000 0.00000 0.00000
0.00000 0.00000 0.00000 0.00000 0.00000 0.00000 0.00000 0.00000 0.00000 0.00000 0.00000 0.00000 0.00000 0.00000 0.00000 0.00000 0.00000 0.00000 0.00000 0.00000 0.00000 0.00000 0.00000 0.00000 0.00000 0.00000 0.00000 0.00000 0.00000 0.00000 0.00000 0.00000 0.00000 0.00000 0.00000 0.00000 0.00000 0.00000 0.00000 0.00000 0.00000 0.00000 0.00000 0.00000 0.00000 0.00000 0.00000 0.00000 0.00000 0.00000 0.00000 0.00000 0.00000 0.00000 0.00000 0.00000 0.00000 0.00000 0.00000 0.00000
0.00000 0.00000 0.00000 0.00000 0.00000 0.00000 0.00000 0.00000 0.00000 0.00000 0.00000 0.00000 0.00000 0.00000 0.00000 0.00000 0.00000 0.00000 0.00000 0.00000 0.00000 0.00000 0.00000 0.00000 0.00000 0.00000 0.00000 0.00000 0.00000 0.00000 0.00000 0.00000 0.00000 0.00000 0.00000 0.00000 0.00000 0.00000 0.00000 0.00000 0.00000 0.00000 0.00000 0.00000 0.00000 0.00000 0.00000 0.00000 0.00000 0.00000 0.00000 0.00000 0.00000 0.00000 0.00000 0.00000 0.00000 0.00000 0.00000 0.00000
0.00000 0.00000 0.00000 0.00000 0.00000 0.00000 0.00000 0.00000 0.00000 0.00000 0.00000 0.00000 0.00000 0.00000 0.00000 0.00000 0.00000 0.00000 0.00000 0.00000 0.00000 0.00000 0.00000 0.00000 0.00000 0.00000 0.00000 0.00000 0.00000 0.00000 0.00000 0.00000 0.00000 0.00000 0.00000 0.00000 0.00000 0.00000 0.00000 0.00000 0.00000 0.00000 0.00000 0.00000 0.00000 0.00000 0.00000 0.00000 0.00000 0.00000 0.00000 0.00000 0.00000 0.00000 0.00000 0.00000 0.00000 0.00000 0.00000 0.00000
0.00000 0.00000 0.00000 0.00000 0.00000 0.00000 0.00000 0.00000 0.00000 0.00000 0.00000 0.00000 0.00000 0.00000 0.00000 0.00000 0.00000 0.00000 0.00000 0.00000 0.00000 0.00000 0.00000 0.00000 0.00000 0.00000 0.00000 0.00000 0.00000 0.00000 0.00000 0.00000 0.00000 0.00000 0.00000 0.00000 0.00000 0.00000 0.00000 0.00000 0.00000 0.00000 0.00000 0.00000 0.00000 0.00000 0.00000 0.00000 0.00000 0.00000 0.00000 0.00000 0.00000 0.00000 0.00000 0.00000 0.00000 0.00000 0.00000 0.00000
0.00000 0.00000 0.00000 0.00000 0.00000 0.00000 0.00000 0.00000 0.00000 0.00000 0.00000 0.00000 0.00000 0.00000 0.00000 0.00000 0.00000 0.00000 0.00000 0.00000 0.00000 0.00000 0.00000 0.00000 0.00000 0.00000 0.00000 0.00000 0.00000 0.00000 0.00000 0.00000 0.00000 0.00000 0.00000 0.00000 0.00000 0.00000 0.00000 0.00000 0.00000 0.00000 0.00000 0.00000 0.00000 0.00000 0.00000 0.00000 0.00000 0.00000 0.00000 0.00000 0.00000 0.00000 0.00000 0.00000 0.00000 0.00000 0.00000 0.00000
0.00000 0.00000 0.00000 0.00000 0.00000 0.00000 0.00000 0.00000 0.00000 0.00000 0.00000 0.00000 0.00000 0.00000 0.00000 0.00000 0.00000 0.00000 0.00000 0.00000 0.00000 0.00000 0.00000 0.00000 0.00000 0.00000 0.00000 0.00000 0.00000 0.00000 0.00000 0.00000 0.00000 0.00000 0.00000 0.00000 0.00000 0.00000 0.00000 0.00000 0.00000 0.00000 0.00000 0.00000 0.00000 0.00000 0.00000 0.00000 0.00000 0.00000 0.00000 0.00000 0.00000 0.00000 0.00000 0.00000 0.00000 0.00000 0.00000 0.00000
0.00000 0.00000 0.00000 0.00000 0.00000 0.00000 0.00000 0.00000 0.00000 0.00000 0.00000 0.00000 0.00000 0.00000 0.00000 0.00000 0.00000 0.00000 0.00000 0.00000 0.00000 0.00000 0.00000 0.00000 0.00000 0.00000 0.00000 0.00000 0.00000 0.00000 0.00000 0.00000 0.00000 0.00000 0.00000 0.00000 0.00000 0.00000 0.00000 0.00000 0.00000 0.00000 0.00000 0.00000 0.00000 0.00000 0.00000 0.00000 0.00000 0.00000 0.00000 0.00000 0.00000 0.00000 0.00000 0.00000 0.00000 0.00000 0.00000 0.00000
0.00000 0.00000 0.00000 0.00000 0.00000 0.00000 0.00000 0.00000 0.00000 0.00000 0.00000 0.00000 0.00000 0.00000 0.00000 0.00000 0.00000 0.00000 0.00000 0.00000 0.00000 0.00000 0.00000 0.00000 0.00000 0.00000 0.00000 0.00000 0.00000 0.00000 0.00000 0.00000 0.00000 0.00000 0.00000 0.00000 0.00000 0.00000 0.00000 0.00000 0.00000 0.00000 0.00000 0.00000 0.00000 0.00000 0.00000 0.00000 0.00000 0.00000 0.00000 0.00000 0.00000 0.00000 0.00000 0.00000 0.00000 0.00000 0.00000 0.00000
0.00000 0.00000 0.00000 0.00000 0.00000 0.00000 0.00000 0.00000 0.00000 0.00000 0.00000 0.00000 0.00000 0.00000 0.00000 0.00000 0.00000 0.00000 0.00000 0.00000 0.00000 0.00000 0.00000 0.00000 0.00000 0.00000 0.00000 0.00000 0.00000 0.00000 0.00000 0.00000 0.00000 0.00000 0.00000 0.00000 0.00000 0.00000 0.00000 0.00000 0.00000 0.00000 0.00000 0.00000 0.00000 0.00000 0.00000 0.00000 0.00000 0.00000 0.00000 0.00000 0.00000 0.00000 0.00000 0.00000 0.00000 0.00000 0.00000 0.00000
0.00000 0.00000 0.00000 0.00000 0.00000 0.00000 0.00000 0.00000 0.00000 0.00000 0.00000 0.00000 0.00000 0.00000 0.00000 0.00000 0.00000 0.00000 0.00000 0.00000 0.00000 0.00000 0.00000 0.00000 0.00000 0.00000 0.00000 0.00000 0.00000 0.00000 0.00000 0.00000 0.00000 0.00000 0.00000 0.00000 0.00000 0.00000 0.00000 0.00000 0.00000 0.00000 0.00000 0.00000 0.00000 0.00000 0.00000 0.00000 0.00000 0.00000 0.00000 0.00000 0.00000 0.00000 0.00000 0.00000 0.00000 0.00000 0.00000 0.00000
0.00000 0.00000 0.00000 0.00000 0.00000 0.00000 0.00000 0.00000 0.00000 0.00000 0.00000 0.00000 0.00000 0.00000 0.00000 0.00000 0.00000 0.00000 0.00000 0.00000 0.00000 0.00000 0.00000 0.00000 0.00000 0.00000 0.00000 0.00000 0.00000 0.00000 0.00000 0.00000 0.00000 0.00000 0.00000 0.00000 0.00000 0.00000 0.00000 0.00000 0.00000 0.00000 0.00000 0.00000 0.00000 0.00000 0.00000 0.00000 0.00000 0.00000 0.00000 0.00000 0.00000 0.00000 0.00000 0.00000 0.00000 0.00000 0.00000 0.00000
0.00000 0.00000 0.00000 0.00000 0.00000 0.00000 0.00000 0.00000 0.00000 0.00000 0.00000 0.00000 0.00000 0.00000 0.00000 0.00000 0.00000 0.00000 0.00000 0.00000 0.00000 0.00000 0.00000 0.00000 0.00000 0.00000 0.00000 0.00000 0.00000 0.00000 0.00000 0.00000 0.00000 0.00000 0.00000 0.00000 0.00000 0.00000 0.00000 0.00000 0.00000 0.00000 0.00000 0.00000 0.00000 0.00000 0.00000 0.00000 0.00000 0.00000 0.00000 0.00000 0.00000 0.00000 0.00000 0.00000 0.00000 0.00000 0.00000 0.00000
0.00000 0.00000 0.00000 0.00000 0.00000 0.00000 0.00000 0.00000 0.00000 0.00000 0.00000 0.00000 0.00000 0.00000 0.00000 0.00000 0.00000 0.00000 0.00000 0.00000 0.00000 0.00000 0.00000 0.00000 0.00000 0.00000 0.00000 0.00000 0.00000 0.00000 0.00000 0.00000 0.00000 0.00000 0.00000 0.00000 0.00000 0.00000 0.00000 0.00000 0.00000 0.00000 0.00000 0.00000 0.00000 0.00000 0.00000 0.00000 0.00000 0.00000 0.00000 0.00000 0.00000 0.00000 0.00000 0.00000 0.00000 0.00000 0.00000 0.00000
0.00000 0.00000 0.00000 0.00000 0.00000 0.00000 0.00000 0.00000 0.00000 0.00000 0.00000 0.00000 0.00000 0.00000 0.00000 0.00000 0.00000 0.00000 0.00000 0.00000 0.00000 0.00000 0.00000 0.00000 0.00000 0.00000 0.00000 0.00000 0.00000 0.00000 0.00000 0.00000 0.00000 0.00000 0.00000 0.00000 0.00000 0.00000 0.00000 0.00000 0.00000 0.00000 0.00000 0.00000 0.00000 0.00000 0.00000 0.00000 0.00000 0.00000 0.00000 0.00000 0.00000 0.00000 0.00000 0.00000 0.00000 0.00000 0.00000 0.00000
