0.00000 0.00000 0.00000 0.00000 0.00000 0.00000 0.00000 0.00000 0.00000 0.00000 0.00000 0.00000 0.00000 0.00000 0.00000 0.00000 0.00000 0.00000 0.00000 0.00000 0.00000 0.00000 0.00000 0.00000 0.00000 0.00000 0.00000 0.00000 0.00000 0.00000 0.00000 0.00000 0.00000 0.00000 0.00000 0.00000 0.00000 0.00000 0.00000 0.00000 0.00000 0.00000 0.00000 0.00000 0.00000 0.00109 0.00326 0.00512 0.00609 0.00808 0.00818 0.00973 0.00871 0.00826 0.01020 0.00445 0.00548 0.00192 0.00276 0.00000
0.00000 0.00000 0.00000 0.00000 0.00000 0.00000 0.00000 0.00000 0.00000 0.00000 0.00000 0.00000 0.00000 0.00000 0.00000 0.00000 0.00000 0.00000 0.00000 0.00000 0.00000 0.00000 0.00000 0.00000 0.00000 0.00000 0.00000 0.00000 0.00000 0.00000 0.00000 0.00000 0.00000 0.00000 0.00000 0.00000 0.00000 0.00000 0.00000 0.00000 0.00000 0.00000 0.00000 0.00000 0.00000 0.00137 0.00393 0.00560 0.00758 0.00977 0.01081 0.01075 0.01192 0.01142 0.01282 0.00788 0.00843 0.00566 0.00480 0.00217
0.00000 0.00000 0.00000 0.00000 0.00000 0.00000 0.00000 0.00000 0.00000 0.00000 0.00000 0.00000 0.00000 0.00000 0.00000 0.00000 0.00000 0.00000 0.00000 0.00000 0.00000 0.00000 0.00000 0.00000 0.00000 0.00000 0.00000 0.00000 0.00000 0.00000 0.00000 0.00000 0.00000 0.00000 0.00000 0.00000 0.00000 0.00000 0.00000 0.00000 0.00000 0.00000 0.00000 0.00000 0.00000 0.00162 0.00450 0.00651 0.00909 0.01159 0.01156 0.01268 0.01428 0.01339 0.01269 0.00943 0.01064 0.00566 0.00386 0.00095
0.00000 0.00000 0.00000 0.00000 0.00000 0.00000 0.00000 0.00000 0.00000 0.00000 0.00000 0.00000 0.00000 0.00000 0.00000 0.00000 0.00000 0.00000 0.00000 0.00000 0.00000 0.00000 0.00000 0.00000 0.00000 0.00000 0.00000 0.00000 0.00000 0.00000 0.00000 0.00000 0.00000 0.00000 0.00000 0.00000 0.00000 0.00000 0.00000 0.00000 0.00000 0.00000 0.00000 0.00000 0.00000 0.00165 0.00507 0.00824 0.01089 0.01169 0.01370 0.01625 0.01836 0.01507 0.01686 0.01597 0.01414 0.00711 0.00675 0.00551
0.00000 0.00000 0.00000 0.00000 0.00000 0.00000 0.00000 0.00000 0.00000 0.00000 0.00000 0.00000 0.00000 0.00000 0.00000 0.00000 0.00000 0.00000 0.00000 0.00000 0.00000 0.00000 0.00000 0.00000 0.00000 0.00000 0.00000 0.00000 0.00000 0.00000 0.00000 0.00000 0.00000 0.00000 0.00000 0.00000 0.00000 0.00000 0.00000 0.00000 0.00000 0.00000 0.00000 0.00000 0.00000 0.00188 0.00563 0.00954 0.01170 0.01323 0.01620 0.01860 0.01771 0.01744 0.02077 0.01754 0.01162 0.00827 0.00897 0.00619
0.00000 0.00000 0.00000 0.00000 0.00000 0.00000 0.00000 0.00000 0.00000 0.00000 0.00000 0.00000 0.00000 0.00000 0.00000 0.00000 0.00000 0.00000 0.00000 0.00000 0.00000 0.00000 0.00000 0.00000 0.00000 0.00000 0.00000 0.00000 0.00000 0.00000 0.00000 0.00000 0.00000 0.00000 0.00000 0.00000 0.00000 0.00000 0.00000 0.00000 0.00000 0.00000 0.00000 0.00000 0.00000 0.00208 0.00555 0.00836 0.01186 0.01519 0.01790 0.01663 0.01858 0.02170 0.02382 0.01638 0.01465 0.01368 0.01165 0.00664
0.00000 0.00000 0.00000 0.00000 0.00000 0.00000 0.00000 0.00000 0.00000 0.00000 0.00000 0.00000 0.00000 0.00000 0.00000 0.00000 0.00000 0.00000 0.00000 0.00000 0.00000 0.00000 0.00000 0.00000 0.00000 0.00000 0.00000 0.00000 0.00000 0.00000 0.00000 0.00000 0.00000 0.00000 0.00000 0.00000 0.00000 0.00000 0.00000 0.00000 0.00000 0.00000 0.00000 0.00000 0.00000 0.00187 0.00509 0.00772 0.01079 0.01397 0.01441 0.01540 0.01798 0.01891 0.01698 0.01529 0.01526 0.01246 0.00858 0.00645
0.00000 0.00000 0.00000 0.00000 0.00000 0.00000 0.00000 0.00000 0.00000 0.00000 0.00000 0.00000 0.00000 0.00000 0.00000 0.00000 0.00000 0.00000 0.00000 0.00000 0.00000 0.00000 0.00000 0.00000 0.00000 0.00000 0.00000 0.00000 0.00000 0.00000 0.00000 0.00000 0.00000 0.00000 0.00000 0.00000 0.00000 0.00000 0.00000 0.00000 0.00000 0.00000 0.00000 0.00000 0.00000 0.00149 0.00470 0.00758 0.00928 0.01067 0.01301 0.01579 0.01770 0.01510 0.01633 0.01798 0.01563 0.00891 0.00795 0.00737
0.00000 0.00000 0.00000 0.00000 0.00000 0.00000 0.00000 0.00000 0.00000 0.00000 0.00000 0.00000 0.00000 0.00000 0.00000 0.00000 0.00000 0.00000 0.00000 0.00000 0.00000 0.00000 0.00000 0.00000 0.00000 0.00000 0.00000 0.00000 0.00000 0.00000 0.00000 0.00000 0.00000 0.00000 0.00000 0.00000 0.00000 0.00000 0.00000 0.00000 0.00000 0.00000 0.00000 0.00000 0.00000 0.00136 0.00405 0.00623 0.00796 0.00981 0.01194 0.01317 0.01299 0.01420 0.01575 0.01418 0.00986 0.00785 0.00749 0.00604
0.00000 0.00000 0.00000 0.00000 0.00000 0.00000 0.00000 0.00000 0.00000 0.00000 0.00000 0.00000 0.00000 0.00000 0.00000 0.00000 0.00000 0.00000 0.00000 0.00000 0.00000 0.00000 0.00000 0.00000 0.00000 0.00000 0.00000 0.00000 0.00000 0.00000 0.00000 0.00000 0.00000 0.00000 0.00000 0.00000 0.00000 0.00000 0.00000 0.00000 0.00000 0.00000 0.00000 0.00000 0.00000 0.00121 0.00315 0.00499 0.00731 0.00903 0.01040 0.01005 0.01124 0.01365 0.01451 0.01087 0.00929 0.00949 0.00800 0.00500
0.00000 0.00000 0.00000 0.00000 0.00000 0.00000 0.00000 0.00000 0.00000 0.00000 0.00000 0.00000 0.00000 0.00000 0.00000 0.00000 0.00000 0.00000 0.00000 0.00000 0.00000 0.00000 0.00000 0.00000 0.00000 0.00000 0.00000 0.00000 0.00000 0.00000 0.00000 0.00000 0.00000 0.00000 0.00000 0.00000 0.00000 0.00000 0.00000 0.00000 0.00000 0.00000 0.00000 0.00000 0.00000 0.00094 0.00258 0.00448 0.00610 0.00672 0.00760 0.00937 0.01022 0.01013 0.00972 0.00947 0.00831 0.00645 0.00434 0.00299
0.00000 0.00000 0.00000 0.00000 0.00000 0.00000 0.00000 0.00000 0.00000 0.00000 0.00000 0.00000 0.00000 0.00000 0.00000 0.00000 0.00000 0.00000 0.00000 0.00000 0.00000 0.00000 0.00000 0.00000 0.00000 0.00000 0.00000 0.00000 0.00000 0.00000 0.00000 0.00000 0.00000 0.00000 0.00000 0.00000 0.00000 0.00000 0.00000 0.00000 0.00000 0.00000 0.00000 0.00000 0.00000 0.00074 0.00223 0.00341 0.00440 0.00516 0.00620 0.00745 0.00800 0.00731 0.00754 0.00856 0.00735 0.00475 0.00404 0.00377
0.00000 0.00000 0.00000 0.00000 0.00000 0.00000 0.00000 0.00000 0.00000 0.00000 0.00000 0.00000 0.00000 0.00000 0.00000 0.00000 0.00000 0.00000 0.00000 0.00000 0.00000 0.00000 0.00000 0.00000 0.00000 0.00000 0.00000 0.00000 0.00000 0.00000 0.00000 0.00000 0.00000 0.00000 0.00000 0.00000 0.00000 0.00000 0.00000 0.00000 0.00000 0.00000 0.00000 0.00000 0.00000 0.00056 0.00163 0.00228 0.00301 0.00417 0.00482 0.00476 0.00512 0.00592 0.00624 0.00531 0.00388 0.00309 0.00271 0.00192
0.00000 0.00000 0.00000 0.00000 0.00000 0.00000 0.00000 0.00000 0.00000 0.00000 0.00000 0.00000 0.00000 0.00000 0.00000 0.00000 0.00000 0.00000 0.00000 0.00000 0.00000 0.00000 0.00000 0.00000 0.00000 0.00000 0.00000 0.00000 0.00000 0.00000 0.00000 0.00000 0.00000 0.00000 0.00000 0.00000 0.00000 0.00000 0.00000 0.00000 0.00000 0.00000 0.00000 0.00000 0.00000 0.00030 0.00089 0.00144 0.00193 0.00244 0.00274 0.00278 0.00298 0.00367 0.00382 0.00295 0.00240 0.00255 0.00218 0.00156
0.00000 0.00000 0.00000 0.00000 0.00000 0.00000 0.00000 0.00000 0.00000 0.00000 0.00000 0.00000 0.00000 0.00000 0.00000 0.00000 0.00000 0.00000 0.00000 0.00000 0.00000 0.00000 0.00000 0.00000 0.00000 0.00000 0.00000 0.00000 0.00000 0.00000 0.00000 0.00000 0.00000 0.00000 0.00000 0.00000 0.00000 0.00000 0.00000 0.00000 0.00000 0.00000 0.00000 0.00000 0.00000 0.00010 0.00030 0.00051 0.00069 0.00072 0.00088 0.00107 0.00114 0.00107 0.00112 0.00107 0.00090 0.00066 0.00042 0.00025
0.00389 0.00458 0.00525 0.00577 0.00642 0.00642 0.00558 0.00478 0.00416 0.00346 0.00273 0.00207 0.00148 0.00087 0.00028 0.00027 0.00082 0.00132 0.00177 0.00224 0.00272 0.00311 0.00340 0.00380 0.00424 0.00408 0.00343 0.00297 0.00260 0.00215 0.00163 0.00123 0.00088 0.00052 0.00016 0.00000 0.00000 0.00000 0.00000 0.00000 0.00000 0.00000 0.00000 0.00000 0.00000 0.00000 0.00000 0.00000 0.00000 0.00000 0.00000 0.00000 0.00000 0.00000 0.00000 0.00000 0.00000 0.00000 0.00000 0.00000
0.01225 0.01407 0.01643 0.01817 0.01948 0.01888 0.01716 0.01472 0.01247 0.01025 0.00833 0.00630 0.00438 0.00259 0.00085 0.00082 0.00238 0.00395 0.00544 0.00674 0.00791 0.00929 0.01057 0.01143 0.01223 0.01216 0.01073 0.00895 0.00741 0.00628 0.00509 0.00373 0.00262 0.00155 0.00049 0.00000 0.00000 0.00000 0.00000 0.00000 0.00000 0.00000 0.00000 0.00000 0.00000 0.00000 0.00000 0.00000 0.00000 0.00000 0.00000 0.00000 0.00000 0.00000 0.00000 0.00000 0.00000 0.00000 0.00000 0.00000
0.01925 0.02233 0.02577 0.02949 0.03231 0.03112 0.02777 0.02432 0.02041 0.01672 0.01379 0.01049 0.00723 0.00425 0.00141 0.00137 0.00397 0.00653 0.00906 0.01124 0.01314 0.01535 0.01760 0.01915 0.02029 0.02004 0.01785 0.01509 0.01225 0.01023 0.00834 0.00651 0.00442 0.00246 0.00080 0.00000 0.00000 0.00000 0.00000 0.00000 0.00000 0.00000 0.00000 0.00000 0.00000 0.00000 0.00000 0.00000 0.00000 0.00000 0.00000 0.00000 0.00000 0.00000 0.00000 0.00000 0.00000 0.00000 0.00000 0.00000
0.02968 0.03382 0.03738 0.04113 0.04634 0.04539 0.03934 0.03350 0.02907 0.02403 0.01926 0.01469 0.01025 0.00602 0.00194 0.00193 0.00568 0.00914 0.01231 0.01575 0.01896 0.02144 0.02375 0.02677 0.02955 0.02802 0.02392 0.02100 0.01807 0.01432 0.01149 0.00890 0.00613 0.00350 0.00114 0.00000 0.00000 0.00000 0.00000 0.00000 0.00000 0.00000 0.00000 0.00000 0.00000 0.00000 0.00000 0.00000 0.00000 0.00000 0.00000 0.00000 0.00000 0.00000 0.00000 0.00000 0.00000 0.00000 0.00000 0.00000
0.03471 0.04109 0.04710 0.05127 0.05712 0.05736 0.05000 0.04239 0.03677 0.03063 0.02433 0.01823 0.01317 0.00767 0.00248 0.00246 0.00729 0.01166 0.01581 0.02019 0.02435 0.02753 0.03041 0.03422 0.03788 0.03613 0.03061 0.02677 0.02309 0.01882 0.01485 0.01099 0.00764 0.00468 0.00150 0.00000 0.00000 0.00000 0.00000 0.00000 0.00000 0.00000 0.00000 0.00000 0.00000 0.00000 0.00000 0.00000 0.00000 0.00000 0.00000 0.00000 0.00000 0.00000 0.00000 0.00000 0.00000 0.00000 0.00000 0.00000
0.04525 0.05196 0.05998 0.06671 0.07122 0.06896 0.06180 0.05383 0.04551 0.03756 0.02981 0.02293 0.01604 0.00947 0.00310 0.00300 0.00870 0.01437 0.01977 0.02450 0.02883 0.03376 0.03845 0.04156 0.04447 0.04415 0.03906 0.03257 0.02690 0.02261 0.01841 0.01400 0.00958 0.00545 0.00177 0.00000 0.00000 0.00000 0.00000 0.00000 0.00000 0.00000 0.00000 0.00000 0.00000 0.00000 0.00000 0.00000 0.00000 0.00000 0.00000 0.00000 0.00000 0.00000 0.00000 0.00000 0.00000 0.00000 0.00000 0.00000
0.04972 0.05774 0.06673 0.07638 0.08407 0.08015 0.07069 0.06247 0.05313 0.04291 0.03525 0.02663 0.01865 0.01111 0.00364 0.00349 0.01025 0.01705 0.02341 0.02863 0.03392 0.04002 0.04537 0.04886 0.05225 0.05218 0.04598 0.03845 0.03170 0.02669 0.02145 0.01680 0.01146 0.00634 0.00205 0.00000 0.00000 0.00000 0.00000 0.00000 0.00000 0.00000 0.00000 0.00000 0.00000 0.00000 0.00000 0.00000 0.00000 0.00000 0.00000 0.00000 0.00000 0.00000 0.00000 0.00000 0.00000 0.00000 0.00000 0.00000
0.06234 0.07201 0.07929 0.08795 0.09789 0.09712 0.08382 0.07185 0.06094 0.05107 0.04115 0.03146 0.02131 0.01278 0.00417 0.00410 0.01195 0.01944 0.02634 0.03337 0.04011 0.04565 0.05068 0.05664 0.06260 0.05969 0.05093 0.04422 0.03818 0.03140 0.02455 0.01817 0.01299 0.00771 0.00241 0.00000 0.00000 0.00000 0.00000 0.00000 0.00000 0.00000 0.00000 0.00000 0.00000 0.00000 0.00000 0.00000 0.00000 0.00000 0.00000 0.00000 0.00000 0.00000 0.00000 0.00000 0.00000 0.00000 0.00000 0.00000
0.06547 0.07725 0.08862 0.09634 0.10701 0.10752 0.09583 0.07964 0.06820 0.05719 0.04592 0.03445 0.02456 0.01425 0.00466 0.00466 0.01367 0.02170 0.02965 0.03817 0.04566 0.05100 0.05695 0.06476 0.07087 0.06699 0.05733 0.05057 0.04306 0.03538 0.02797 0.02051 0.01450 0.00873 0.00275 0.00000 0.00000 0.00000 0.00000 0.00000 0.00000 0.00000 0.00000 0.00000 0.00000 0.00000 0.00000 0.00000 0.00000 0.00000 0.00000 0.00000 0.00000 0.00000 0.00000 0.00000 0.00000 0.00000 0.00000 0.00000
0.07528 0.08777 0.10189 0.11441 0.12190 0.11948 0.10488 0.09211 0.07804 0.06489 0.05069 0.03912 0.02765 0.01630 0.00518 0.00514 0.01507 0.02459 0.03346 0.04201 0.04978 0.05760 0.06525 0.07126 0.07674 0.07521 0.06657 0.05637 0.04724 0.03860 0.03126 0.02424 0.01630 0.00913 0.00303 0.00000 0.00000 0.00000 0.00000 0.00000 0.00000 0.00000 0.00000 0.00000 0.00000 0.00000 0.00000 0.00000 0.00000 0.00000 0.00000 0.00000 0.00000 0.00000 0.00000 0.00000 0.00000 0.00000 0.00000 0.00000
0.07532 0.08806 0.10155 0.11690 0.12984 0.12283 0.10867 0.09567 0.08224 0.06605 0.05347 0.04094 0.02858 0.01684 0.00556 0.00507 0.01488 0.02476 0.03398 0.04135 0.04914 0.05829 0.06570 0.07012 0.07565 0.07619 0.06646 0.05620 0.04726 0.03869 0.03099 0.02414 0.01628 0.00910 0.00299 0.00000 0.00000 0.00000 0.00000 0.00000 0.00000 0.00000 0.00000 0.00000 0.00000 0.00000 0.00000 0.00000 0.00000 0.00000 0.00000 0.00000 0.00000 0.00000 0.00000 0.00000 0.00000 0.00000 0.00000 0.00000
0.07976 0.09300 0.10354 0.11580 0.12825 0.12740 0.11097 0.09591 0.08027 0.06713 0.05444 0.04164 0.02831 0.01682 0.00554 0.00462 0.01329 0.02185 0.02990 0.03743 0.04452 0.05132 0.05750 0.06331 0.06924 0.06702 0.05865 0.05008 0.04248 0.03528 0.02764 0.02030 0.01448 0.00863 0.00269 0.00000 0.00000 0.00000 0.00000 0.00000 0.00000 0.00000 0.00000 0.00000 0.00000 0.00000 0.00000 0.00000 0.00000 0.00000 0.00000 0.00000 0.00000 0.00000 0.00000 0.00000 0.00000 0.00000 0.00000 0.00000
0.07581 0.08935 0.10283 0.11298 0.12524 0.12588 0.11171 0.09359 0.07999 0.06715 0.05404 0.04053 0.02865 0.01674 0.00545 0.00405 0.01200 0.01902 0.02594 0.03339 0.03999 0.04461 0.04982 0.05670 0.06186 0.05883 0.05099 0.04452 0.03723 0.03075 0.02437 0.01793 0.01263 0.00759 0.00238 0.00000 0.00000 0.00000 0.00000 0.00000 0.00000 0.00000 0.00000 0.00000 0.00000 0.00000 0.00000 0.00000 0.00000 0.00000 0.00000 0.00000 0.00000 0.00000 0.00000 0.00000 0.00000 0.00000 0.00000 0.00000
0.07768 0.09095 0.10514 0.11771 0.12804 0.12550 0.10908 0.09514 0.08168 0.06771 0.05313 0.04064 0.02889 0.01705 0.00543 0.00348 0.01028 0.01671 0.02254 0.02849 0.03418 0.03908 0.04352 0.04832 0.05300 0.05068 0.04466 0.03859 0.03222 0.02619 0.02097 0.01621 0.01102 0.00615 0.00204 0.00000 0.00000 0.00000 0.00000 0.00000 0.00000 0.00000 0.00000 0.00000 0.00000 0.00000 0.00000 0.00000 0.00000 0.00000 0.00000 0.00000 0.00000 0.00000 0.00000 0.00000 0.00000 0.00000 0.00000 0.00000
0.07537 0.08785 0.10104 0.11638 0.12862 0.12293 0.10846 0.09552 0.08148 0.06625 0.05339 0.04080 0.02850 0.01678 0.00554 0.00292 0.00855 0.01417 0.01954 0.02382 0.02818 0.03336 0.03773 0.04038 0.04338 0.04364 0.03812 0.03218 0.02711 0.02230 0.01759 0.01358 0.00932 0.00519 0.00170 0.00000 0.00000 0.00000 0.00000 0.00000 0.00000 0.00000 0.00000 0.00000 0.00000 0.00000 0.00000 0.00000 0.00000 0.00000 0.00000 0.00000 0.00000 0.00000 0.00000 0.00000 0.00000 0.00000 0.00000 0.00000
0.08132 0.09338 0.10450 0.11602 0.12676 0.12500 0.11107 0.09582 0.07991 0.06625 0.05421 0.04136 0.02829 0.01668 0.00551 0.00243 0.00699 0.01148 0.01582 0.01968 0.02320 0.02696 0.03064 0.03325 0.03583 0.03538 0.03108 0.02597 0.02206 0.01835 0.01443 0.01070 0.00753 0.00449 0.00141 0.00000 0.00000 0.00000 0.00000 0.00000 0.00000 0.00000 0.00000 0.00000 0.00000 0.00000 0.00000 0.00000 0.00000 0.00000 0.00000 0.00000 0.00000 0.00000 0.00000 0.00000 0.00000 0.00000 0.00000 0.00000
0.07617 0.09018 0.10344 0.11334 0.12518 0.12606 0.11090 0.09411 0.08012 0.06707 0.05365 0.04072 0.02873 0.01669 0.00541 0.00188 0.00557 0.00884 0.01198 0.01540 0.01852 0.02074 0.02299 0.02614 0.02870 0.02717 0.02319 0.02044 0.01735 0.01407 0.01118 0.00837 0.00576 0.00348 0.00111 0.00000 0.00000 0.00000 0.00000 0.00000 0.00000 0.00000 0.00000 0.00000 0.00000 0.00000 0.00000 0.00000 0.00000 0.00000 0.00000 0.00000 0.00000 0.00000 0.00000 0.00000 0.00000 0.00000 0.00000 0.00000
0.07959 0.09206 0.10470 0.11677 0.12917 0.12592 0.10888 0.09400 0.08171 0.06756 0.05313 0.04029 0.02880 0.01689 0.00541 0.00133 0.00394 0.00637 0.00859 0.01090 0.01313 0.01490 0.01651 0.01848 0.02043 0.01940 0.01660 0.01456 0.01241 0.00991 0.00791 0.00605 0.00415 0.00236 0.00078 0.00000 0.00000 0.00000 0.00000 0.00000 0.00000 0.00000 0.00000 0.00000 0.00000 0.00000 0.00000 0.00000 0.00000 0.00000 0.00000 0.00000 0.00000 0.00000 0.00000 0.00000 0.00000 0.00000 0.00000 0.00000
0.07583 0.08871 0.10165 0.11719 0.12912 0.12379 0.10848 0.09555 0.08120 0.06672 0.05364 0.04077 0.02822 0.01678 0.00553 0.00079 0.00230 0.00383 0.00529 0.00647 0.00758 0.00899 0.01021 0.01099 0.01168 0.01172 0.01033 0.00863 0.00710 0.00601 0.00479 0.00358 0.00248 0.00142 0.00045 0.00000 0.00000 0.00000 0.00000 0.00000 0.00000 0.00000 0.00000 0.00000 0.00000 0.00000 0.00000 0.00000 0.00000 0.00000 0.00000 0.00000 0.00000 0.00000 0.00000 0.00000 0.00000 0.00000 0.00000 0.00000
0.08089 0.09357 0.10586 0.11664 0.12701 0.12461 0.11148 0.09581 0.08004 0.06581 0.05415 0.04108 0.02825 0.01663 0.00549 0.00027 0.00077 0.00127 0.00175 0.00216 0.00254 0.00298 0.00339 0.00367 0.00390 0.00389 0.00344 0.00286 0.00236 0.00202 0.00161 0.00118 0.00082 0.00048 0.00015 0.00000 0.00000 0.00000 0.00000 0.00000 0.00000 0.00000 0.00000 0.00000 0.00000 0.00000 0.00000 0.00000 0.00000 0.00000 0.00000 0.00000 0.00000 0.00000 0.00000 0.00000 0.00000 0.00000 0.00000 0.00000
0.07743 0.09204 0.10469 0.11435 0.12525 0.12596 0.11123 0.09476 0.07999 0.06693 0.05357 0.04080 0.02884 0.01663 0.00537 0.00000 0.00000 0.00000 0.00000 0.00000 0.00000 0.00000 0.00000 0.00000 0.00000 0.00000 0.00000 0.00000 0.00000 0.00000 0.00000 0.00000 0.00000 0.00000 0.00000 0.00000 0.00000 0.00000 0.00000 0.00000 0.00000 0.00000 0.00000 0.00000 0.00000 0.00000 0.00000 0.00000 0.00000 0.00000 0.00000 0.00000 0.00000 0.00000 0.00000 0.00000 0.00000 0.00000 0.00000 0.00000
0.07892 0.09154 0.10431 0.11670 0.12995 0.12599 0.10920 0.09414 0.08163 0.06727 0.05305 0.03999 0.02868 0.01673 0.00537 0.00000 0.00000 0.00000 0.00000 0.00000 0.00000 0.00000 0.00000 0.00000 0.00000 0.00000 0.00000 0.00000 0.00000 0.00000 0.00000 0.00000 0.00000 0.00000 0.00000 0.00000 0.00000 0.00000 0.00000 0.00000 0.00000 0.00000 0.00000 0.00000 0.00000 0.00000 0.00000 0.00000 0.00000 0.00000 0.00000 0.00000 0.00000 0.00000 0.00000 0.00000 0.00000 0.00000 0.00000 0.00000
0.07716 0.08958 0.10206 0.11673 0.12965 0.12466 0.10823 0.09496 0.08149 0.06681 0.05305 0.04053 0.02839 0.01669 0.00551 0.00000 0.00000 0.00000 0.00000 0.00000 0.00000 0.00000 0.00000 0.00000 0.00000 0.00000 0.00000 0.00000 0.00000 0.00000 0.00000 0.00000 0.00000 0.00000 0.00000 0.00000 0.00000 0.00000 0.00000 0.00000 0.00000 0.00000 0.00000 0.00000 0.00000 0.00000 0.00000 0.00000 0.00000 0.00000 0.00000 0.00000 0.00000 0.00000 0.00000 0.00000 0.00000 0.00000 0.00000 0.00000
0.07812 0.09216 0.10645 0.11635 0.12694 0.12480 0.11133 0.09555 0.07996 0.06627 0.05388 0.04074 0.02805 0.01674 0.00546 0.00000 0.00000 0.00000 0.00000 0.00000 0.00000 0.00000 0.00000 0.00000 0.00000 0.00000 0.00000 0.00000 0.00000 0.00000 0.00000 0.00000 0.00000 0.00000 0.00000 0.00000 0.00000 0.00000 0.00000 0.00000 0.00000 0.00000 0.00000 0.00000 0.00000 0.00000 0.00000 0.00000 0.00000 0.00000 0.00000 0.00000 0.00000 0.00000 0.00000 0.00000 0.00000 0.00000 0.00000 0.00000
0.07803 0.09219 0.10559 0.11531 0.12555 0.12463 0.11125 0.09481 0.07962 0.06623 0.05393 0.04067 0.02837 0.01646 0.00545 0.00000 0.00000 0.00000 0.00000 0.00000 0.00000 0.00000 0.00000 0.00000 0.00000 0.00000 0.00000 0.00000 0.00000 0.00000 0.00000 0.00000 0.00000 0.00000 0.00000 0.00000 0.00000 0.00000 0.00000 0.00000 0.00000 0.00000 0.00000 0.00000 0.00000 0.00000 0.00000 0.00000 0.00000 0.00000 0.00000 0.00000 0.00000 0.00000 0.00000 0.00000 0.00000 0.00000 0.00000 0.00000
0.07950 0.09034 0.10286 0.11596 0.12950 0.12550 0.10908 0.09451 0.08113 0.06705 0.05275 0.04049 0.02847 0.01663 0.00533 0.00000 0.00000 0.00000 0.00000 0.00000 0.00000 0.00000 0.00000 0.00000 0.00000 0.00000 0.00000 0.00000 0.00000 0.00000 0.00000 0.00000 0.00000 0.00000 0.00000 0.00000 0.00000 0.00000 0.00000 0.00000 0.00000 0.00000 0.00000 0.00000 0.00000 0.00000 0.00000 0.00000 0.00000 0.00000 0.00000 0.00000 0.00000 0.00000 0.00000 0.00000 0.00000 0.00000 0.00000 0.00000
0.07909 0.09069 0.10305 0.11532 0.12918 0.12463 0.10823 0.09369 0.08129 0.06659 0.05287 0.03997 0.02861 0.01671 0.00538 0.00000 0.00000 0.00000 0.00000 0.00000 0.00000 0.00000 0.00000 0.00000 0.00000 0.00000 0.00000 0.00000 0.00000 0.00000 0.00000 0.00000 0.00000 0.00000 0.00000 0.00000 0.00000 0.00000 0.00000 0.00000 0.00000 0.00000 0.00000 0.00000 0.00000 0.00000 0.00000 0.00000 0.00000 0.00000 0.00000 0.00000 0.00000 0.00000 0.00000 0.00000 0.00000 0.00000 0.00000 0.00000
0.07752 0.09164 0.10635 0.11548 0.12628 0.12462 0.11058 0.09485 0.07961 0.06637 0.05339 0.04069 0.02792 0.01659 0.00539 0.00000 0.00000 0.00000 0.00000 0.00000 0.00000 0.00000 0.00000 0.00000 0.00000 0.00000 0.00000 0.00000 0.00000 0.00000 0.00000 0.00000 0.00000 0.00000 0.00000 0.00000 0.00000 0.00000 0.00000 0.00000 0.00000 0.00000 0.00000 0.00000 0.00000 0.00000 0.00000 0.00000 0.00000 0.00000 0.00000 0.00000 0.00000 0.00000 0.00000 0.00000 0.00000 0.00000 0.00000 0.00000
0.07879 0.09121 0.10566 0.11570 0.12544 0.12290 0.11049 0.09433 0.07940 0.06534 0.05375 0.04072 0.02804 0.01627 0.00545 0.00000 0.00000 0.00000 0.00000 0.00000 0.00000 0.00000 0.00000 0.00000 0.00000 0.00000 0.00000 0.00000 0.00000 0.00000 0.00000 0.00000 0.00000 0.00000 0.00000 0.00000 0.00000 0.00000 0.00000 0.00000 0.00000 0.00000 0.00000 0.00000 0.00000 0.00000 0.00000 0.00000 0.00000 0.00000 0.00000 0.00000 0.00000 0.00000 0.00000 0.00000 0.00000 0.00000 0.00000 0.00000
0.07934 0.08941 0.10213 0.11558 0.12906 0.12382 0.10849 0.09434 0.08047 0.06629 0.05246 0.04040 0.02812 0.01660 0.00534 0.00000 0.00000 0.00000 0.00000 0.00000 0.00000 0.00000 0.00000 0.00000 0.00000 0.00000 0.00000 0.00000 0.00000 0.00000 0.00000 0.00000 0.00000 0.00000 0.00000 0.00000 0.00000 0.00000 0.00000 0.00000 0.00000 0.00000 0.00000 0.00000 0.00000 0.00000 0.00000 0.00000 0.00000 0.00000 0.00000 0.00000 0.00000 0.00000 0.00000 0.00000 0.00000 0.00000 0.00000 0.00000
0.07879 0.09030 0.10177 0.11309 0.12750 0.12408 0.10752 0.09266 0.08083 0.06650 0.05257 0.03965 0.02852 0.01681 0.00532 0.00000 0.00000 0.00000 0.00000 0.00000 0.00000 0.00000 0.00000 0.00000 0.00000 0.00000 0.00000 0.00000 0.00000 0.00000 0.00000 0.00000 0.00000 0.00000 0.00000 0.00000 0.00000 0.00000 0.00000 0.00000 0.00000 0.00000 0.00000 0.00000 0.00000 0.00000 0.00000 0.00000 0.00000 0.00000 0.00000 0.00000 0.00000 0.00000 0.00000 0.00000 0.00000 0.00000 0.00000 0.00000
0.07806 0.09223 0.10632 0.11339 0.12537 0.12415 0.11017 0.09310 0.07905 0.06629 0.05299 0.04016 0.02775 0.01654 0.00534 0.00000 0.00000 0.00000 0.00000 0.00000 0.00000 0.00000 0.00000 0.00000 0.00000 0.00000 0.00000 0.00000 0.00000 0.00000 0.00000 0.00000 0.00000 0.00000 0.00000 0.00000 0.00000 0.00000 0.00000 0.00000 0.00000 0.00000 0.00000 0.00000 0.00000 0.00000 0.00000 0.00000 0.00000 0.00000 0.00000 0.00000 0.00000 0.00000 0.00000 0.00000 0.00000 0.00000 0.00000 0.00000
0.07432 0.08725 0.10283 0.11478 0.12290 0.12084 0.10920 0.09408 0.07877 0.06499 0.05355 0.04073 0.02779 0.01626 0.00544 0.00000 0.00000 0.00000 0.00000 0.00000 0.00000 0.00000 0.00000 0.00000 0.00000 0.00000 0.00000 0.00000 0.00000 0.00000 0.00000 0.00000 0.00000 0.00000 0.00000 0.00000 0.00000 0.00000 0.00000 0.00000 0.00000 0.00000 0.00000 0.00000 0.00000 0.00000 0.00000 0.00000 0.00000 0.00000 0.00000 0.00000 0.00000 0.00000 0.00000 0.00000 0.00000 0.00000 0.00000 0.00000
0.07740 0.08850 0.10205 0.11539 0.12827 0.12141 0.10757 0.09398 0.08025 0.06496 0.05200 0.04040 0.02805 0.01644 0.00529 0.00000 0.00000 0.00000 0.00000 0.00000 0.00000 0.00000 0.00000 0.00000 0.00000 0.00000 0.00000 0.00000 0.00000 0.00000 0.00000 0.00000 0.00000 0.00000 0.00000 0.00000 0.00000 0.00000 0.00000 0.00000 0.00000 0.00000 0.00000 0.00000 0.00000 0.00000 0.00000 0.00000 0.00000 0.00000 0.00000 0.00000 0.00000 0.00000 0.00000 0.00000 0.00000 0.00000 0.00000 0.00000
0.07173 0.08521 0.09646 0.10881 0.12489 0.12321 0.10583 0.09163 0.08009 0.06636 0.05195 0.03959 0.02841 0.01671 0.00527 0.00000 0.00000 0.00000 0.00000 0.00000 0.00000 0.00000 0.00000 0.00000 0.00000 0.00000 0.00000 0.00000 0.00000 0.00000 0.00000 0.00000 0.00000 0.00000 0.00000 0.00000 0.00000 0.00000 0.00000 0.00000 0.00000 0.00000 0.00000 0.00000 0.00000 0.00000 0.00000 0.00000 0.00000 0.00000 0.00000 0.00000 0.00000 0.00000 0.00000 0.00000 0.00000 0.00000 0.00000 0.00000
0.07634 0.08806 0.10178 0.11173 0.12427 0.12287 0.10922 0.09124 0.07824 0.06599 0.05308 0.03939 0.02746 0.01649 0.00536 0.00000 0.00000 0.00000 0.00000 0.00000 0.00000 0.00000 0.00000 0.00000 0.00000 0.00000 0.00000 0.00000 0.00000 0.00000 0.00000 0.00000 0.00000 0.00000 0.00000 0.00000 0.00000 0.00000 0.00000 0.00000 0.00000 0.00000 0.00000 0.00000 0.00000 0.00000 0.00000 0.00000 0.00000 0.00000 0.00000 0.00000 0.00000 0.00000 0.00000 0.00000 0.00000 0.00000 0.00000 0.00000
0.06683 0.08035 0.09588 0.11062 0.11908 0.11804 0.10773 0.09349 0.07768 0.06447 0.05287 0.04041 0.02725 0.01619 0.00538 0.00000 0.00000 0.00000 0.00000 0.00000 0.00000 0.00000 0.00000 0.00000 0.00000 0.00000 0.00000 0.00000 0.00000 0.00000 0.00000 0.00000 0.00000 0.00000 0.00000 0.00000 0.00000 0.00000 0.00000 0.00000 0.00000 0.00000 0.00000 0.00000 0.00000 0.00000 0.00000 0.00000 0.00000 0.00000 0.00000 0.00000 0.00000 0.00000 0.00000 0.00000 0.00000 0.00000 0.00000 0.00000
0.07513 0.08808 0.10142 0.11107 0.12443 0.11918 0.10602 0.09282 0.08001 0.06375 0.05154 0.03990 0.02823 0.01650 0.00523 0.00000 0.00000 0.00000 0.00000 0.00000 0.00000 0.00000 0.00000 0.00000 0.00000 0.00000 0.00000 0.00000 0.00000 0.00000 0.00000 0.00000 0.00000 0.00000 0.00000 0.00000 0.00000 0.00000 0.00000 0.00000 0.00000 0.00000 0.00000 0.00000 0.00000 0.00000 0.00000 0.00000 0.00000 0.00000 0.00000 0.00000 0.00000 0.00000 0.00000 0.00000 0.00000 0.00000 0.00000 0.00000
0.06596 0.08027 0.09138 0.10464 0.12166 0.12055 0.10376 0.09002 0.07859 0.06558 0.05147 0.03917 0.02785 0.01649 0.00534 0.00000 0.00000 0.00000 0.00000 0.00000 0.00000 0.00000 0.00000 0.00000 0.00000 0.00000 0.00000 0.00000 0.00000 0.00000 0.00000 0.00000 0.00000 0.00000 0.00000 0.00000 0.00000 0.00000 0.00000 0.00000 0.00000 0.00000 0.00000 0.00000 0.00000 0.00000 0.00000 0.00000 0.00000 0.00000 0.00000 0.00000 0.00000 0.00000 0.00000 0.00000 0.00000 0.00000 0.00000 0.00000
0.07422 0.08516 0.09848 0.10983 0.12209 0.11980 0.10760 0.08963 0.07729 0.06485 0.05309 0.03919 0.02733 0.01615 0.00540 0.00000 0.00000 0.00000 0.00000 0.00000 0.00000 0.00000 0.00000 0.00000 0.00000 0.00000 0.00000 0.00000 0.00000 0.00000 0.00000 0.00000 0.00000 0.00000 0.00000 0.00000 0.00000 0.00000 0.00000 0.00000 0.00000 0.00000 0.00000 0.00000 0.00000 0.00000 0.00000 0.00000 0.00000 0.00000 0.00000 0.00000 0.00000 0.00000 0.00000 0.00000 0.00000 0.00000 0.00000 0.00000
0.06500 0.07846 0.09355 0.10535 0.11542 0.11468 0.10597 0.09118 0.07666 0.06319 0.05137 0.03979 0.02776 0.01595 0.00524 0.00000 0.00000 0.00000 0.00000 0.00000 0.00000 0.00000 0.00000 0.00000 0.00000 0.00000 0.00000 0.00000 0.00000 0.00000 0.00000 0.00000 0.00000 0.00000 0.00000 0.00000 0.00000 0.00000 0.00000 0.00000 0.00000 0.00000 0.00000 0.00000 0.00000 0.00000 0.00000 0.00000 0.00000 0.00000 0.00000 0.00000 0.00000 0.00000 0.00000 0.00000 0.00000 0.00000 0.00000 0.00000
0.07282 0.08480 0.09842 0.10702 0.12090 0.11557 0.10418 0.09075 0.07896 0.06289 0.05089 0.03909 0.02817 0.01620 0.00522 0.00000 0.00000 0.00000 0.00000 0.00000 0.00000 0.00000 0.00000 0.00000 0.00000 0.00000 0.00000 0.00000 0.00000 0.00000 0.00000 0.00000 0.00000 0.00000 0.00000 0.00000 0.00000 0.00000 0.00000 0.00000 0.00000 0.00000 0.00000 0.00000 0.00000 0.00000 0.00000 0.00000 0.00000 0.00000 0.00000 0.00000 0.00000 0.00000 0.00000 0.00000 0.00000 0.00000 0.00000 0.00000
0.06628 0.07699 0.08837 0.10087 0.11865 0.11373 0.10110 0.08732 0.07712 0.06371 0.05073 0.03842 0.02699 0.01618 0.00534 0.00000 0.00000 0.00000 0.00000 0.00000 0.00000 0.00000 0.00000 0.00000 0.00000 0.00000 0.00000 0.00000 0.00000 0.00000 0.00000 0.00000 0.00000 0.00000 0.00000 0.00000 0.00000 0.00000 0.00000 0.00000 0.00000 0.00000 0.00000 0.00000 0.00000 0.00000 0.00000 0.00000 0.00000 0.00000 0.00000 0.00000 0.00000 0.00000 0.00000 0.00000 0.00000 0.00000 0.00000 0.00000
0.07139 0.08110 0.09415 0.10334 0.11781 0.11455 0.10371 0.08683 0.07574 0.06368 0.05151 0.03837 0.02687 0.01587 0.00536 0.00000 0.00000 0.00000 0.00000 0.00000 0.00000 0.00000 0.00000 0.00000 0.00000 0.00000 0.00000 0.00000 0.00000 0.00000 0.00000 0.00000 0.00000 0.00000 0.00000 0.00000 0.00000 0.00000 0.00000 0.00000 0.00000 0.00000 0.00000 0.00000 0.00000 0.00000 0.00000 0.00000 0.00000 0.00000 0.00000 0.00000 0.00000 0.00000 0.00000 0.00000 0.00000 0.00000 0.00000 0.00000
0.06205 0.07379 0.08719 0.09730 0.10978 0.10893 0.10250 0.08555 0.07354 0.06255 0.05024 0.03836 0.02670 0.01571 0.00521 0.00000 0.00000 0.00000 0.00000 0.00000 0.00000 0.00000 0.00000 0.00000 0.00000 0.00000 0.00000 0.00000 0.00000 0.00000 0.00000 0.00000 0.00000 0.00000 0.00000 0.00000 0.00000 0.00000 0.00000 0.00000 0.00000 0.00000 0.00000 0.00000 0.00000 0.00000 0.00000 0.00000 0.00000 0.00000 0.00000 0.00000 0.00000 0.00000 0.00000 0.00000 0.00000 0.00000 0.00000 0.00000
