0.00000 0.00013 0.00015 0.00217 0.00346 0.00539 0.00481 0.00542 0.00610 0.00509 0.00390 0.00390 0.00263 0.00177 0.00058 0.00000 0.00000 0.00000 0.00000 0.00000 0.00000 0.00000 0.00000 0.00000 0.00000 0.00000 0.00000 0.00000 0.00000 0.00000 0.00000 0.00000 0.00000 0.00000 0.00000 0.00141 0.00407 0.00673 0.01002 0.01357 0.01648 0.01892 0.02364 0.02704 0.03182 0.03123 0.03645 0.03434 0.03738 0.03395 0.04077 0.03732 0.03903 0.03647 0.04002 0.03893 0.03828 0.03481 0.03570 0.03358 0.03314 0.02977 0.02975 0.02994 0.02919 0.02769 0.02733 0.02502 0.02813 0.02506 0.02732 0.02391 0.02755 0.02537 0.02704 0.02380 0.02300 0.01944 0.01695 0.01303 0.01193 0.00759 0.00635 0.00298 0.00121 0.00091 0.00326 0.00430 0.00673 0.00670
0.00197 0.00225 0.00267 0.00308 0.00535 0.00680 0.00561 0.00571 0.00623 0.00618 0.00429 0.00384 0.00281 0.00224 0.00069 0.00000 0.00000 0.00000 0.00000 0.00000 0.00000 0.00000 0.00000 0.00000 0.00000 0.00000 0.00000 0.00000 0.00000 0.00000 0.00000 0.00000 0.00000 0.00000 0.00000 0.00165 0.00465 0.00776 0.01135 0.01558 0.01933 0.02246 0.02724 0.03050 0.03632 0.03765 0.04147 0.03811 0.04199 0.04015 0.04546 0.04153 0.04297 0.04173 0.04419 0.04325 0.04097 0.03753 0.03522 0.03401 0.03263 0.02934 0.02564 0.02449 0.02383 0.02190 0.02103 0.02063 0.02203 0.02050 0.02104 0.02017 0.02154 0.02075 0.02125 0.01955 0.01843 0.01542 0.01345 0.01102 0.00976 0.00660 0.00522 0.00277 0.00102 0.00087 0.00287 0.00429 0.00628 0.00721
0.00067 0.00209 0.00334 0.00423 0.00390 0.00716 0.00793 0.00738 0.00590 0.00691 0.00603 0.00439 0.00300 0.00257 0.00083 0.00000 0.00000 0.00000 0.00000 0.00000 0.00000 0.00000 0.00000 0.00000 0.00000 0.00000 0.00000 0.00000 0.00000 0.00000 0.00000 0.00000 0.00000 0.00000 0.00000 0.00186 0.00545 0.00917 0.01306 0.01737 0.02235 0.02651 0.03085 0.03448 0.04214 0.04441 0.04611 0.04298 0.04884 0.04779 0.04902 0.04586 0.05112 0.04998 0.05004 0.04598 0.04702 0.04318 0.03687 0.03219 0.03240 0.02906 0.02212 0.01970 0.01772 0.01598 0.01540 0.01484 0.01565 0.01469 0.01538 0.01501 0.01556 0.01462 0.01539 0.01487 0.01329 0.01095 0.00982 0.00823 0.00693 0.00485 0.00374 0.00201 0.00071 0.00064 0.00203 0.00300 0.00434 0.00503
0.00417 0.00486 0.00713 0.00762 0.00684 0.00499 0.01014 0.00984 0.00614 0.00605 0.00622 0.00612 0.00351 0.00231 0.00085 0.00000 0.00000 0.00000 0.00000 0.00000 0.00000 0.00000 0.00000 0.00000 0.00000 0.00000 0.00000 0.00000 0.00000 0.00000 0.00000 0.00000 0.00000 0.00000 0.00000 0.00185 0.00618 0.01126 0.01512 0.01842 0.02415 0.03023 0.03522 0.03843 0.04631 0.04829 0.05024 0.04878 0.05403 0.05273 0.05236 0.05085 0.05602 0.05662 0.05353 0.04961 0.04805 0.04748 0.03986 0.03343 0.02919 0.02643 0.02164 0.01592 0.01144 0.00953 0.01005 0.00939 0.00924 0.00934 0.00974 0.00953 0.00937 0.00939 0.00972 0.00928 0.00813 0.00702 0.00640 0.00525 0.00434 0.00320 0.00244 0.00136 0.00047 0.00045 0.00139 0.00219 0.00312 0.00386
0.00216 0.00353 0.00439 0.00764 0.00880 0.00970 0.00810 0.01012 0.00978 0.00716 0.00575 0.00656 0.00496 0.00240 0.00086 0.00000 0.00000 0.00000 0.00000 0.00000 0.00000 0.00000 0.00000 0.00000 0.00000 0.00000 0.00000 0.00000 0.00000 0.00000 0.00000 0.00000 0.00000 0.00000 0.00000 0.00212 0.00682 0.01205 0.01716 0.02179 0.02588 0.03268 0.04062 0.04504 0.04985 0.05239 0.05701 0.05688 0.05774 0.05465 0.06074 0.05944 0.05943 0.05811 0.06364 0.05941 0.05053 0.04483 0.04442 0.03735 0.02771 0.02262 0.01904 0.01273 0.00583 0.00315 0.00328 0.00329 0.00316 0.00316 0.00326 0.00323 0.00323 0.00325 0.00331 0.00305 0.00279 0.00249 0.00216 0.00176 0.00148 0.00112 0.00081 0.00046 0.00016 0.00015 0.00045 0.00071 0.00100 0.00121
0.00780 0.00675 0.00721 0.00591 0.01428 0.01248 0.00799 0.00587 0.01015 0.00971 0.00572 0.00541 0.00450 0.00321 0.00092 0.00000 0.00000 0.00000 0.00000 0.00000 0.00000 0.00000 0.00000 0.00000 0.00000 0.00000 0.00000 0.00000 0.00000 0.00000 0.00000 0.00000 0.00000 0.00000 0.00000 0.00238 0.00662 0.01074 0.01664 0.02296 0.02718 0.03067 0.03862 0.04490 0.05015 0.05103 0.05582 0.05628 0.05614 0.05337 0.05969 0.06017 0.05812 0.05498 0.06162 0.06167 0.05126 0.04401 0.04096 0.03839 0.02979 0.02263 0.01761 0.01255 0.00643 0.00318 0.00327 0.00331 0.00342 0.00334 0.00333 0.00338 0.00343 0.00345 0.00340 0.00324 0.00295 0.00263 0.00226 0.00187 0.00158 0.00121 0.00088 0.00051 0.00017 0.00017 0.00051 0.00085 0.00120 0.00153
0.00300 0.00473 0.00447 0.00767 0.00971 0.01119 0.00986 0.00804 0.00696 0.00828 0.00746 0.00438 0.00333 0.00286 0.00104 0.00000 0.00000 0.00000 0.00000 0.00000 0.00000 0.00000 0.00000 0.00000 0.00000 0.00000 0.00000 0.00000 0.00000 0.00000 0.00000 0.00000 0.00000 0.00000 0.00000 0.00206 0.00622 0.01041 0.01409 0.01967 0.02552 0.02979 0.03228 0.03887 0.04716 0.04924 0.04745 0.04783 0.05248 0.05161 0.05081 0.05042 0.05488 0.05381 0.05207 0.05060 0.04985 0.04441 0.03792 0.03415 0.03283 0.02691 0.02068 0.01681 0.01279 0.01051 0.00977 0.01014 0.01026 0.01053 0.01022 0.01033 0.01050 0.01057 0.01058 0.01003 0.00909 0.00794 0.00700 0.00588 0.00481 0.00367 0.00267 0.00156 0.00051 0.00050 0.00151 0.00243 0.00337 0.00420
0.00624 0.00706 0.01022 0.00998 0.00795 0.00582 0.01156 0.00952 0.00630 0.00553 0.00648 0.00555 0.00308 0.00236 0.00085 0.00000 0.00000 0.00000 0.00000 0.00000 0.00000 0.00000 0.00000 0.00000 0.00000 0.00000 0.00000 0.00000 0.00000 0.00000 0.00000 0.00000 0.00000 0.00000 0.00000 0.00165 0.00562 0.00983 0.01298 0.01620 0.02184 0.02680 0.03015 0.03348 0.04045 0.04331 0.04292 0.04127 0.04544 0.04613 0.04539 0.04360 0.04802 0.04930 0.04715 0.04431 0.04429 0.04301 0.03735 0.03341 0.03151 0.03010 0.02533 0.02136 0.01873 0.01757 0.01769 0.01717 0.01761 0.01784 0.01818 0.01811 0.01807 0.01829 0.01846 0.01773 0.01575 0.01386 0.01216 0.01034 0.00850 0.00650 0.00469 0.00280 0.00094 0.00093 0.00281 0.00469 0.00656 0.00851
0.00232 0.00483 0.00609 0.00788 0.00733 0.00823 0.00860 0.00858 0.00757 0.00539 0.00446 0.00479 0.00372 0.00170 0.00060 0.00000 0.00000 0.00000 0.00000 0.00000 0.00000 0.00000 0.00000 0.00000 0.00000 0.00000 0.00000 0.00000 0.00000 0.00000 0.00000 0.00000 0.00000 0.00000 0.00000 0.00155 0.00458 0.00817 0.01213 0.01558 0.01753 0.02228 0.02817 0.03173 0.03303 0.03638 0.03950 0.03944 0.03745 0.03859 0.04117 0.04109 0.03998 0.04084 0.04279 0.04162 0.03907 0.03791 0.03788 0.03501 0.03245 0.03110 0.03089 0.02803 0.02476 0.02483 0.02524 0.02582 0.02481 0.02561 0.02575 0.02642 0.02612 0.02620 0.02649 0.02537 0.02288 0.02005 0.01746 0.01475 0.01222 0.00941 0.00664 0.00396 0.00133 0.00131 0.00383 0.00629 0.00883 0.01121
0.00562 0.00530 0.00536 0.00605 0.01024 0.00968 0.00676 0.00522 0.00733 0.00622 0.00402 0.00368 0.00320 0.00191 0.00055 0.00000 0.00000 0.00000 0.00000 0.00000 0.00000 0.00000 0.00000 0.00000 0.00000 0.00000 0.00000 0.00000 0.00000 0.00000 0.00000 0.00000 0.00000 0.00000 0.00000 0.00143 0.00393 0.00647 0.01023 0.01380 0.01605 0.01855 0.02327 0.02706 0.02967 0.03089 0.03309 0.03375 0.03325 0.03260 0.03518 0.03578 0.03502 0.03443 0.03695 0.03732 0.03542 0.03457 0.03561 0.03637 0.03402 0.03346 0.03365 0.03484 0.03293 0.03179 0.03310 0.03374 0.03431 0.03378 0.03431 0.03468 0.03539 0.03536 0.03520 0.03365 0.03046 0.02709 0.02346 0.01968 0.01624 0.01269 0.00912 0.00539 0.00181 0.00181 0.00543 0.00904 0.01269 0.01649
0.00311 0.00440 0.00438 0.00570 0.00771 0.00801 0.00677 0.00556 0.00532 0.00514 0.00444 0.00304 0.00213 0.00164 0.00058 0.00000 0.00000 0.00000 0.00000 0.00000 0.00000 0.00000 0.00000 0.00000 0.00000 0.00000 0.00000 0.00000 0.00000 0.00000 0.00000 0.00000 0.00000 0.00000 0.00000 0.00113 0.00355 0.00592 0.00786 0.01061 0.01428 0.01688 0.01815 0.02141 0.02613 0.02765 0.02612 0.02704 0.02874 0.02900 0.02808 0.02888 0.02991 0.03009 0.02992 0.03097 0.03252 0.03292 0.03375 0.03511 0.03774 0.03707 0.03764 0.03937 0.04192 0.04162 0.04021 0.04213 0.04246 0.04348 0.04278 0.04351 0.04376 0.04448 0.04469 0.04231 0.03808 0.03381 0.02963 0.02498 0.02029 0.01578 0.01139 0.00680 0.00221 0.00220 0.00665 0.01101 0.01518 0.01935
0.00345 0.00411 0.00566 0.00601 0.00559 0.00509 0.00648 0.00581 0.00417 0.00340 0.00380 0.00294 0.00174 0.00128 0.00047 0.00000 0.00000 0.00000 0.00000 0.00000 0.00000 0.00000 0.00000 0.00000 0.00000 0.00000 0.00000 0.00000 0.00000 0.00000 0.00000 0.00000 0.00000 0.00000 0.00000 0.00084 0.00287 0.00492 0.00648 0.00828 0.01092 0.01341 0.01513 0.01708 0.02017 0.02187 0.02147 0.02135 0.02265 0.02314 0.02272 0.02260 0.02405 0.02430 0.02384 0.02486 0.02844 0.03108 0.03215 0.03480 0.03812 0.04233 0.04258 0.04515 0.04861 0.05176 0.05107 0.05012 0.05180 0.05242 0.05370 0.05317 0.05347 0.05381 0.05494 0.05226 0.04659 0.04102 0.03599 0.03068 0.02516 0.01930 0.01385 0.00838 0.00280 0.00276 0.00832 0.01404 0.01960 0.02514
0.00236 0.00298 0.00378 0.00446 0.00464 0.00437 0.00454 0.00413 0.00369 0.00295 0.00233 0.00200 0.00159 0.00096 0.00031 0.00000 0.00000 0.00000 0.00000 0.00000 0.00000 0.00000 0.00000 0.00000 0.00000 0.00000 0.00000 0.00000 0.00000 0.00000 0.00000 0.00000 0.00000 0.00000 0.00000 0.00065 0.00193 0.00339 0.00510 0.00654 0.00754 0.00921 0.01165 0.01330 0.01411 0.01530 0.01633 0.01651 0.01600 0.01644 0.01702 0.01724 0.01714 0.01764 0.01783 0.01967 0.02347 0.02784 0.03223 0.03513 0.03953 0.04415 0.05067 0.05226 0.05570 0.05974 0.06126 0.06122 0.06006 0.06206 0.06240 0.06358 0.06368 0.06393 0.06418 0.06161 0.05578 0.04911 0.04247 0.03603 0.02983 0.02324 0.01630 0.00976 0.00328 0.00328 0.00959 0.01584 0.02228 0.02864
0.00210 0.00221 0.00229 0.00247 0.00340 0.00362 0.00269 0.00216 0.00240 0.00213 0.00154 0.00120 0.00100 0.00064 0.00020 0.00000 0.00000 0.00000 0.00000 0.00000 0.00000 0.00000 0.00000 0.00000 0.00000 0.00000 0.00000 0.00000 0.00000 0.00000 0.00000 0.00000 0.00000 0.00000 0.00000 0.00042 0.00120 0.00200 0.00303 0.00412 0.00488 0.00569 0.00695 0.00814 0.00896 0.00943 0.00991 0.01019 0.01001 0.01001 0.01057 0.01069 0.01055 0.01060 0.01123 0.01383 0.01866 0.02419 0.03070 0.03681 0.04080 0.04733 0.05396 0.06286 0.06550 0.06798 0.07042 0.07196 0.07260 0.07172 0.07299 0.07357 0.07553 0.07512 0.07493 0.07132 0.06512 0.05771 0.04992 0.04182 0.03454 0.02712 0.01941 0.01146 0.00383 0.00388 0.01161 0.01909 0.02677 0.03465
0.00067 0.00079 0.00088 0.00091 0.00112 0.00118 0.00108 0.00087 0.00075 0.00067 0.00061 0.00049 0.00031 0.00019 0.00007 0.00000 0.00000 0.00000 0.00000 0.00000 0.00000 0.00000 0.00000 0.00000 0.00000 0.00000 0.00000 0.00000 0.00000 0.00000 0.00000 0.00000 0.00000 0.00000 0.00000 0.00014 0.00043 0.00071 0.00099 0.00131 0.00172 0.00208 0.00229 0.00265 0.00318 0.00338 0.00329 0.00337 0.00351 0.00356 0.00353 0.00364 0.00367 0.00370 0.00375 0.00738 0.01432 0.02104 0.02861 0.03674 0.04513 0.05047 0.05890 0.06761 0.07884 0.07952 0.07863 0.08180 0.08268 0.08359 0.08349 0.08452 0.08485 0.08600 0.08700 0.08258 0.07377 0.06560 0.05757 0.04892 0.03948 0.03070 0.02218 0.01337 0.00435 0.00432 0.01307 0.02177 0.03002 0.03830
0.00000 0.00000 0.00000 0.00000 0.00000 0.00000 0.00000 0.00000 0.00000 0.00000 0.00000 0.00000 0.00000 0.00000 0.00000 0.00008 0.00026 0.00043 0.00056 0.00081 0.00110 0.00132 0.00141 0.00174 0.00216 0.00220 0.00184 0.00173 0.00166 0.00141 0.00108 0.00090 0.00069 0.00041 0.00014 0.00000 0.00000 0.00000 0.00000 0.00000 0.00000 0.00000 0.00000 0.00000 0.00000 0.00000 0.00000 0.00000 0.00000 0.00000 0.00000 0.00000 0.00000 0.00000 0.00000 0.00387 0.01223 0.02023 0.02762 0.03651 0.04620 0.05596 0.06186 0.07187 0.08195 0.08955 0.08732 0.08702 0.08912 0.09037 0.09216 0.09152 0.09179 0.09225 0.09467 0.08999 0.07993 0.07031 0.06201 0.05289 0.04324 0.03311 0.02376 0.01445 0.00481 0.00473 0.01422 0.02405 0.03363 0.04304
0.00000 0.00000 0.00000 0.00000 0.00000 0.00000 0.00000 0.00000 0.00000 0.00000 0.00000 0.00000 0.00000 0.00000 0.00000 0.00023 0.00074 0.00139 0.00204 0.00247 0.00305 0.00413 0.00504 0.00531 0.00604 0.00679 0.00643 0.00530 0.00466 0.00436 0.00372 0.00275 0.00203 0.00127 0.00042 0.00000 0.00000 0.00000 0.00000 0.00000 0.00000 0.00000 0.00000 0.00000 0.00000 0.00000 0.00000 0.00000 0.00000 0.00000 0.00000 0.00000 0.00000 0.00000 0.00000 0.00396 0.01221 0.02121 0.02947 0.03695 0.04661 0.05666 0.06737 0.07294 0.08300 0.08943 0.09170 0.09044 0.09044 0.09255 0.09291 0.09439 0.09512 0.09519 0.09519 0.09155 0.08306 0.07344 0.06297 0.05353 0.04438 0.03476 0.02430 0.01454 0.00489 0.00491 0.01437 0.02373 0.03332 0.04276
0.00000 0.00000 0.00000 0.00000 0.00000 0.00000 0.00000 0.00000 0.00000 0.00000 0.00000 0.00000 0.00000 0.00000 0.00000 0.00041 0.00124 0.00242 0.00361 0.00450 0.00528 0.00696 0.00875 0.00978 0.01047 0.01138 0.01107 0.00965 0.00804 0.00735 0.00643 0.00482 0.00344 0.00219 0.00075 0.00000 0.00000 0.00000 0.00000 0.00000 0.00000 0.00000 0.00000 0.00000 0.00000 0.00000 0.00000 0.00000 0.00000 0.00000 0.00000 0.00000 0.00000 0.00000 0.00000 0.00416 0.01223 0.02102 0.03089 0.03943 0.04686 0.05715 0.06784 0.07923 0.08471 0.09037 0.09255 0.09434 0.09448 0.09427 0.09506 0.09612 0.09852 0.09838 0.09749 0.09281 0.08528 0.07559 0.06510 0.05446 0.04505 0.03553 0.02535 0.01491 0.00498 0.00506 0.01516 0.02476 0.03470 0.04488
0.00000 0.00000 0.00000 0.00000 0.00000 0.00000 0.00000 0.00000 0.00000 0.00000 0.00000 0.00000 0.00000 0.00000 0.00000 0.00067 0.00202 0.00330 0.00476 0.00675 0.00876 0.00987 0.01150 0.01428 0.01704 0.01623 0.01464 0.01400 0.01282 0.01037 0.00868 0.00706 0.00497 0.00309 0.00108 0.00000 0.00000 0.00000 0.00000 0.00000 0.00000 0.00000 0.00000 0.00000 0.00000 0.00000 0.00000 0.00000 0.00000 0.00000 0.00000 0.00000 0.00000 0.00000 0.00000 0.00440 0.01292 0.02120 0.03074 0.04123 0.05020 0.05742 0.06829 0.07939 0.09098 0.09260 0.09391 0.09602 0.09681 0.09726 0.09816 0.09865 0.09882 0.10045 0.10165 0.09630 0.08570 0.07658 0.06724 0.05721 0.04592 0.03574 0.02587 0.01560 0.00509 0.00505 0.01528 0.02543 0.03508 0.04471
0.00000 0.00000 0.00000 0.00000 0.00000 0.00000 0.00000 0.00000 0.00000 0.00000 0.00000 0.00000 0.00000 0.00000 0.00000 0.00092 0.00286 0.00451 0.00622 0.00907 0.01183 0.01351 0.01525 0.01897 0.02273 0.02210 0.01943 0.01867 0.01718 0.01385 0.01127 0.00943 0.00692 0.00402 0.00138 0.00000 0.00000 0.00000 0.00000 0.00000 0.00000 0.00000 0.00000 0.00000 0.00000 0.00000 0.00000 0.00000 0.00000 0.00000 0.00000 0.00000 0.00000 0.00000 0.00000 0.00435 0.01373 0.02241 0.03082 0.04087 0.05222 0.06146 0.06875 0.08016 0.09173 0.09880 0.09628 0.09715 0.09855 0.10004 0.10130 0.10147 0.10083 0.10159 0.10445 0.09961 0.08778 0.07739 0.06859 0.05849 0.04771 0.03643 0.02613 0.01595 0.00532 0.00519 0.01560 0.02634 0.03687 0.04692
0.00000 0.00000 0.00000 0.00000 0.00000 0.00000 0.00000 0.00000 0.00000 0.00000 0.00000 0.00000 0.00000 0.00000 0.00000 0.00106 0.00335 0.00606 0.00880 0.01105 0.01371 0.01745 0.02143 0.02350 0.02644 0.02817 0.02681 0.02297 0.02031 0.01781 0.01449 0.01160 0.00872 0.00522 0.00170 0.00000 0.00000 0.00000 0.00000 0.00000 0.00000 0.00000 0.00000 0.00000 0.00000 0.00000 0.00000 0.00000 0.00000 0.00000 0.00000 0.00000 0.00000 0.00000 0.00000 0.00436 0.01358 0.02372 0.03253 0.04100 0.05181 0.06375 0.07353 0.08059 0.09259 0.09947 0.10099 0.09957 0.10084 0.10225 0.10244 0.10402 0.10503 0.10451 0.10455 0.10115 0.09167 0.08060 0.06911 0.05895 0.04893 0.03818 0.02676 0.01600 0.00540 0.00541 0.01590 0.02628 0.03688 0.04727
0.00000 0.00000 0.00000 0.00000 0.00000 0.00000 0.00000 0.00000 0.00000 0.00000 0.00000 0.00000 0.00000 0.00000 0.00000 0.00136 0.00396 0.00756 0.01111 0.01368 0.01653 0.02164 0.02646 0.02876 0.03210 0.03502 0.03287 0.02751 0.02421 0.02233 0.01868 0.01379 0.01013 0.00648 0.00220 0.00000 0.00000 0.00000 0.00000 0.00000 0.00000 0.00000 0.00000 0.00000 0.00000 0.00000 0.00000 0.00000 0.00000 0.00000 0.00000 0.00000 0.00000 0.00000 0.00000 0.00460 0.01357 0.02342 0.03438 0.04335 0.05202 0.06333 0.07580 0.08638 0.09358 0.10022 0.10228 0.10393 0.10368 0.10407 0.10434 0.10558 0.10792 0.10841 0.10650 0.10168 0.09372 0.08320 0.07133 0.05977 0.04913 0.03905 0.02781 0.01633 0.00545 0.00554 0.01663 0.02705 0.03782 0.04875
0.00000 0.00000 0.00000 0.00000 0.00000 0.00000 0.00000 0.00000 0.00000 0.00000 0.00000 0.00000 0.00000 0.00000 0.00000 0.00173 0.00521 0.00856 0.01228 0.01691 0.02168 0.02513 0.02928 0.03506 0.04149 0.04068 0.03719 0.03366 0.02964 0.02558 0.02175 0.01686 0.01180 0.00740 0.00262 0.00000 0.00000 0.00000 0.00000 0.00000 0.00000 0.00000 0.00000 0.00000 0.00000 0.00000 0.00000 0.00000 0.00000 0.00000 0.00000 0.00000 0.00000 0.00000 0.00000 0.00486 0.01425 0.02340 0.03392 0.04559 0.05487 0.06350 0.07530 0.08837 0.09903 0.10168 0.10391 0.10565 0.10628 0.10654 0.10802 0.10800 0.10811 0.11027 0.11140 0.10467 0.09337 0.08417 0.07389 0.06190 0.05013 0.03906 0.02834 0.01704 0.00558 0.00555 0.01680 0.02796 0.03863 0.04918
0.00000 0.00000 0.00000 0.00000 0.00000 0.00000 0.00000 0.00000 0.00000 0.00000 0.00000 0.00000 0.00000 0.00000 0.00000 0.00202 0.00639 0.01021 0.01403 0.02019 0.02587 0.02920 0.03382 0.04206 0.04909 0.04625 0.04248 0.04154 0.03643 0.02877 0.02417 0.02015 0.01474 0.00857 0.00290 0.00000 0.00000 0.00000 0.00000 0.00000 0.00000 0.00000 0.00000 0.00000 0.00000 0.00000 0.00000 0.00000 0.00000 0.00000 0.00000 0.00000 0.00000 0.00000 0.00000 0.00478 0.01506 0.02462 0.03394 0.04508 0.05747 0.06705 0.07586 0.08793 0.10122 0.10802 0.10568 0.10628 0.10789 0.10948 0.11081 0.11127 0.10989 0.11087 0.11408 0.10900 0.09509 0.08437 0.07369 0.06399 0.05201 0.03971 0.02845 0.01743 0.00581 0.00566 0.01699 0.02868 0.04019 0.05086
0.00000 0.00000 0.00000 0.00000 0.00000 0.00000 0.00000 0.00000 0.00000 0.00000 0.00000 0.00000 0.00000 0.00000 0.00000 0.00221 0.00688 0.01226 0.01769 0.02253 0.02794 0.03472 0.04199 0.04721 0.05390 0.05491 0.05111 0.04587 0.04057 0.03395 0.02753 0.02244 0.01693 0.01013 0.00331 0.00000 0.00000 0.00000 0.00000 0.00000 0.00000 0.00000 0.00000 0.00000 0.00000 0.00000 0.00000 0.00000 0.00000 0.00000 0.00000 0.00000 0.00000 0.00000 0.00000 0.00477 0.01482 0.02577 0.03560 0.04504 0.05668 0.06989 0.07971 0.08848 0.10120 0.10937 0.10995 0.10876 0.11045 0.11155 0.11177 0.11327 0.11469 0.11367 0.11369 0.11052 0.10002 0.08632 0.07504 0.06419 0.05343 0.04136 0.02915 0.01746 0.00589 0.00590 0.01740 0.02875 0.04032 0.05168
0.00000 0.00000 0.00000 0.00000 0.00000 0.00000 0.00000 0.00000 0.00000 0.00000 0.00000 0.00000 0.00000 0.00000 0.00000 0.00238 0.00694 0.01281 0.01871 0.02314 0.02828 0.03687 0.04398 0.04721 0.05428 0.06075 0.05465 0.04549 0.04128 0.03760 0.03194 0.02505 0.01908 0.01368 0.00723 0.00353 0.00320 0.00296 0.00261 0.00220 0.00186 0.00147 0.00103 0.00064 0.00022 0.00000 0.00000 0.00000 0.00000 0.00000 0.00000 0.00000 0.00000 0.00000 0.00000 0.00478 0.01412 0.02429 0.03518 0.04492 0.05419 0.06558 0.07838 0.08894 0.09752 0.10366 0.10611 0.10791 0.10757 0.10747 0.10780 0.10916 0.11162 0.11231 0.10981 0.10486 0.09644 0.08590 0.07338 0.06158 0.05057 0.04031 0.02876 0.01685 0.00563 0.00573 0.01717 0.02794 0.03904 0.05042
0.00000 0.00000 0.00000 0.00000 0.00000 0.00000 0.00000 0.00000 0.00000 0.00000 0.00000 0.00000 0.00000 0.00000 0.00000 0.00228 0.00689 0.01141 0.01629 0.02200 0.02784 0.03297 0.03878 0.04464 0.05199 0.05374 0.04967 0.04437 0.03991 0.03714 0.03370 0.02839 0.02319 0.01890 0.01440 0.01110 0.00979 0.00897 0.00808 0.00671 0.00555 0.00448 0.00329 0.00195 0.00066 0.00000 0.00000 0.00000 0.00000 0.00000 0.00000 0.00000 0.00000 0.00000 0.00000 0.00439 0.01322 0.02180 0.03126 0.04156 0.05057 0.05910 0.06961 0.08188 0.09102 0.09415 0.09585 0.09781 0.09820 0.09835 0.09952 0.09974 0.09989 0.10169 0.10246 0.09604 0.08626 0.07809 0.06841 0.05680 0.04620 0.03608 0.02607 0.01572 0.00516 0.00513 0.01552 0.02590 0.03592 0.04574
0.00000 0.00000 0.00000 0.00000 0.00000 0.00000 0.00000 0.00000 0.00000 0.00000 0.00000 0.00000 0.00000 0.00000 0.00000 0.00205 0.00645 0.01041 0.01454 0.02055 0.02570 0.02908 0.03474 0.04312 0.04760 0.04634 0.04551 0.04397 0.04063 0.03663 0.03360 0.03201 0.02892 0.02470 0.02100 0.01903 0.01755 0.01532 0.01346 0.01172 0.00946 0.00763 0.00561 0.00337 0.00112 0.00000 0.00000 0.00000 0.00000 0.00000 0.00000 0.00000 0.00000 0.00000 0.00000 0.00389 0.01193 0.02010 0.02789 0.03658 0.04604 0.05458 0.06217 0.07137 0.08219 0.08760 0.08637 0.08626 0.08767 0.08925 0.09013 0.09022 0.08929 0.09019 0.09238 0.08854 0.07758 0.06885 0.05975 0.05160 0.04241 0.03239 0.02306 0.01415 0.00472 0.00461 0.01382 0.02334 0.03263 0.04127
0.00000 0.00000 0.00000 0.00000 0.00000 0.00000 0.00000 0.00000 0.00000 0.00000 0.00000 0.00000 0.00000 0.00000 0.00000 0.00178 0.00546 0.00956 0.01372 0.01784 0.02213 0.02657 0.03137 0.03679 0.04180 0.04231 0.04084 0.04119 0.04020 0.03732 0.03534 0.03453 0.03373 0.03105 0.02862 0.02712 0.02508 0.02183 0.01911 0.01677 0.01407 0.01073 0.00784 0.00485 0.00164 0.00000 0.00000 0.00000 0.00000 0.00000 0.00000 0.00000 0.00000 0.00000 0.00000 0.00340 0.01040 0.01773 0.02508 0.03193 0.03986 0.04855 0.05590 0.06257 0.07122 0.07713 0.07724 0.07648 0.07756 0.07846 0.07867 0.07949 0.08044 0.08001 0.08028 0.07776 0.06959 0.06053 0.05257 0.04479 0.03708 0.02904 0.02058 0.01223 0.00414 0.00415 0.01228 0.02026 0.02848 0.03654
0.00000 0.00000 0.00000 0.00000 0.00000 0.00000 0.00000 0.00000 0.00000 0.00000 0.00000 0.00000 0.00000 0.00000 0.00000 0.00158 0.00469 0.00848 0.01208 0.01513 0.01899 0.02410 0.02708 0.03055 0.03627 0.03910 0.03776 0.03720 0.03765 0.03893 0.03856 0.03755 0.03690 0.03786 0.03801 0.03568 0.03208 0.02915 0.02544 0.02201 0.01836 0.01441 0.01025 0.00638 0.00217 0.00000 0.00000 0.00000 0.00000 0.00000 0.00000 0.00000 0.00000 0.00000 0.00000 0.00302 0.00895 0.01519 0.02161 0.02827 0.03413 0.04097 0.04833 0.05560 0.06125 0.06493 0.06618 0.06761 0.06729 0.06693 0.06734 0.06824 0.06964 0.06983 0.06851 0.06540 0.05926 0.05234 0.04556 0.03858 0.03160 0.02487 0.01783 0.01052 0.00352 0.00359 0.01072 0.01741 0.02440 0.03156
0.00000 0.00000 0.00000 0.00000 0.00000 0.00000 0.00000 0.00000 0.00000 0.00000 0.00000 0.00000 0.00000 0.00000 0.00000 0.00134 0.00415 0.00699 0.00983 0.01277 0.01611 0.01978 0.02305 0.02582 0.02961 0.03327 0.03468 0.03482 0.03622 0.03852 0.04088 0.04093 0.04203 0.04445 0.04671 0.04435 0.04010 0.03670 0.03246 0.02694 0.02260 0.01815 0.01315 0.00781 0.00267 0.00000 0.00000 0.00000 0.00000 0.00000 0.00000 0.00000 0.00000 0.00000 0.00000 0.00248 0.00763 0.01253 0.01787 0.02338 0.02888 0.03382 0.03983 0.04615 0.05182 0.05381 0.05484 0.05582 0.05606 0.05592 0.05672 0.05704 0.05692 0.05753 0.05759 0.05472 0.04914 0.04367 0.03790 0.03214 0.02637 0.02056 0.01468 0.00886 0.00294 0.00293 0.00886 0.01477 0.02047 0.02613
0.00000 0.00000 0.00000 0.00000 0.00000 0.00000 0.00000 0.00000 0.00000 0.00000 0.00000 0.00000 0.00000 0.00000 0.00000 0.00107 0.00329 0.00550 0.00789 0.01048 0.01263 0.01534 0.01855 0.02157 0.02356 0.02634 0.02995 0.03341 0.03561 0.03808 0.04080 0.04519 0.04863 0.05165 0.05412 0.05395 0.04927 0.04426 0.03878 0.03325 0.02714 0.02185 0.01594 0.00955 0.00318 0.00000 0.00000 0.00000 0.00000 0.00000 0.00000 0.00000 0.00000 0.00000 0.00000 0.00196 0.00597 0.01025 0.01410 0.01829 0.02281 0.02731 0.03133 0.03574 0.04084 0.04397 0.04337 0.04329 0.04413 0.04487 0.04520 0.04496 0.04494 0.04514 0.04554 0.04343 0.03893 0.03454 0.02999 0.02545 0.02089 0.01627 0.01160 0.00698 0.00233 0.00232 0.00694 0.01166 0.01630 0.02068
0.00000 0.00000 0.00000 0.00000 0.00000 0.00000 0.00000 0.00000 0.00000 0.00000 0.00000 0.00000 0.00000 0.00000 0.00000 0.00079 0.00238 0.00399 0.00575 0.00772 0.00945 0.01114 0.01332 0.01580 0.01765 0.02048 0.02497 0.02997 0.03420 0.03803 0.04330 0.04868 0.05382 0.05805 0.06356 0.06454 0.05862 0.05106 0.04538 0.03969 0.03291 0.02520 0.01849 0.01141 0.00383 0.00000 0.00000 0.00000 0.00000 0.00000 0.00000 0.00000 0.00000 0.00000 0.00000 0.00142 0.00427 0.00732 0.01041 0.01327 0.01642 0.01981 0.02277 0.02593 0.02950 0.03159 0.03159 0.03141 0.03189 0.03252 0.03233 0.03240 0.03265 0.03285 0.03307 0.03153 0.02828 0.02509 0.02182 0.01851 0.01517 0.01182 0.00844 0.00506 0.00169 0.00169 0.00505 0.00837 0.01175 0.01506
0.00000 0.00000 0.00000 0.00000 0.00000 0.00000 0.00000 0.00000 0.00000 0.00000 0.00000 0.00000 0.00000 0.00000 0.00000 0.00048 0.00149 0.00251 0.00347 0.00466 0.00595 0.00706 0.00805 0.00942 0.01106 0.01452 0.01996 0.02577 0.03222 0.03874 0.04557 0.05224 0.05848 0.06507 0.07380 0.07500 0.06727 0.06002 0.05233 0.04561 0.03806 0.02978 0.02113 0.01311 0.00447 0.00000 0.00000 0.00000 0.00000 0.00000 0.00000 0.00000 0.00000 0.00000 0.00000 0.00089 0.00264 0.00436 0.00632 0.00813 0.01002 0.01195 0.01404 0.01590 0.01788 0.01896 0.01931 0.01927 0.01937 0.01954 0.01971 0.01979 0.01986 0.02005 0.02019 0.01927 0.01726 0.01531 0.01332 0.01130 0.00926 0.00722 0.00515 0.00309 0.00103 0.00103 0.00308 0.00511 0.00716 0.00918
0.00000 0.00000 0.00000 0.00000 0.00000 0.00000 0.00000 0.00000 0.00000 0.00000 0.00000 0.00000 0.00000 0.00000 0.00000 0.00016 0.00051 0.00087 0.00120 0.00156 0.00201 0.00246 0.00277 0.00320 0.00376 0.00773 0.01463 0.02224 0.03093 0.03930 0.04606 0.05508 0.06537 0.07498 0.08307 0.08318 0.07694 0.06974 0.06108 0.05087 0.04266 0.03433 0.02481 0.01468 0.00501 0.00000 0.00000 0.00000 0.00000 0.00000 0.00000 0.00000 0.00000 0.00000 0.00000 0.00030 0.00090 0.00150 0.00212 0.00279 0.00338 0.00405 0.00473 0.00545 0.00603 0.00643 0.00647 0.00661 0.00655 0.00659 0.00666 0.00678 0.00675 0.00678 0.00683 0.00654 0.00586 0.00519 0.00451 0.00383 0.00314 0.00245 0.00175 0.00105 0.00035 0.00035 0.00104 0.00173 0.00243 0.00311
0.00000 0.00000 0.00000 0.00000 0.00000 0.00000 0.00000 0.00000 0.00000 0.00000 0.00000 0.00000 0.00000 0.00000 0.00000 0.00000 0.00000 0.00000 0.00000 0.00000 0.00000 0.00000 0.00000 0.00000 0.00000 0.00385 0.01195 0.01990 0.02839 0.03728 0.04612 0.05475 0.06510 0.07607 0.08525 0.08571 0.07845 0.07219 0.06407 0.05535 0.04596 0.03783 0.02937 0.01992 0.01011 0.00517 0.00478 0.00423 0.00362 0.00313 0.00263 0.00203 0.00145 0.00089 0.00030 0.00000 0.00000 0.00000 0.00000 0.00000 0.00000 0.00000 0.00000 0.00000 0.00000 0.00000 0.00000 0.00000 0.00000 0.00000 0.00000 0.00000 0.00000 0.00000 0.00000 0.00000 0.00000 0.00000 0.00000 0.00000 0.00000 0.00000 0.00000 0.00000 0.00000 0.00000 0.00000 0.00000 0.00000 0.00000
0.00000 0.00000 0.00000 0.00000 0.00000 0.00000 0.00000 0.00000 0.00000 0.00000 0.00000 0.00000 0.00000 0.00000 0.00000 0.00000 0.00000 0.00000 0.00000 0.00000 0.00000 0.00000 0.00000 0.00000 0.00000 0.00349 0.01096 0.01871 0.02549 0.03343 0.04297 0.05155 0.05859 0.06733 0.07900 0.08094 0.07412 0.06658 0.06114 0.05612 0.04934 0.04122 0.03443 0.02815 0.02070 0.01566 0.01415 0.01309 0.01134 0.00939 0.00784 0.00624 0.00447 0.00271 0.00091 0.00000 0.00000 0.00000 0.00000 0.00000 0.00000 0.00000 0.00000 0.00000 0.00000 0.00000 0.00000 0.00000 0.00000 0.00000 0.00000 0.00000 0.00000 0.00000 0.00000 0.00000 0.00000 0.00000 0.00000 0.00000 0.00000 0.00000 0.00000 0.00000 0.00000 0.00000 0.00000 0.00000 0.00000 0.00000
0.00000 0.00000 0.00000 0.00000 0.00000 0.00000 0.00000 0.00000 0.00000 0.00000 0.00000 0.00000 0.00000 0.00000 0.00000 0.00000 0.00000 0.00000 0.00000 0.00000 0.00000 0.00000 0.00000 0.00000 0.00000 0.00318 0.00968 0.01655 0.02359 0.03055 0.03792 0.04619 0.05385 0.06128 0.06937 0.07370 0.06894 0.06392 0.05893 0.05491 0.05140 0.04642 0.04045 0.03547 0.03135 0.02735 0.02399 0.02127 0.01941 0.01644 0.01318 0.01038 0.00760 0.00461 0.00155 0.00000 0.00000 0.00000 0.00000 0.00000 0.00000 0.00000 0.00000 0.00000 0.00000 0.00000 0.00000 0.00000 0.00000 0.00000 0.00000 0.00000 0.00000 0.00000 0.00000 0.00000 0.00000 0.00000 0.00000 0.00000 0.00000 0.00000 0.00000 0.00000 0.00000 0.00000 0.00000 0.00000 0.00000 0.00000
0.00000 0.00000 0.00000 0.00000 0.00000 0.00000 0.00000 0.00000 0.00000 0.00000 0.00000 0.00000 0.00000 0.00000 0.00000 0.00000 0.00000 0.00000 0.00000 0.00000 0.00000 0.00000 0.00000 0.00000 0.00000 0.00289 0.00846 0.01441 0.02115 0.02759 0.03326 0.03978 0.04836 0.05551 0.06178 0.06335 0.06253 0.06110 0.05826 0.05439 0.05184 0.05091 0.04813 0.04393 0.04079 0.03908 0.03526 0.03045 0.02650 0.02349 0.01923 0.01487 0.01070 0.00653 0.00221 0.00000 0.00000 0.00000 0.00000 0.00000 0.00000 0.00000 0.00000 0.00000 0.00000 0.00000 0.00000 0.00000 0.00000 0.00000 0.00000 0.00000 0.00000 0.00000 0.00000 0.00000 0.00000 0.00000 0.00000 0.00000 0.00000 0.00000 0.00000 0.00000 0.00000 0.00000 0.00000 0.00000 0.00000 0.00000
0.00000 0.00000 0.00000 0.00000 0.00000 0.00000 0.00000 0.00000 0.00000 0.00000 0.00000 0.00000 0.00000 0.00000 0.00000 0.00000 0.00000 0.00000 0.00000 0.00000 0.00000 0.00000 0.00000 0.00000 0.00000 0.00245 0.00742 0.01264 0.01795 0.02354 0.02922 0.03500 0.04056 0.04775 0.05394 0.05676 0.05551 0.05571 0.05634 0.05547 0.05411 0.05356 0.05472 0.05423 0.05213 0.04916 0.04616 0.04108 0.03489 0.02963 0.02514 0.01975 0.01408 0.00849 0.00288 0.00000 0.00000 0.00000 0.00000 0.00000 0.00000 0.00000 0.00000 0.00000 0.00000 0.00000 0.00000 0.00000 0.00000 0.00000 0.00000 0.00000 0.00000 0.00000 0.00000 0.00000 0.00000 0.00000 0.00000 0.00000 0.00000 0.00000 0.00000 0.00000 0.00000 0.00000 0.00000 0.00000 0.00000 0.00000
0.00000 0.00000 0.00000 0.00000 0.00000 0.00000 0.00000 0.00000 0.00000 0.00000 0.00000 0.00000 0.00000 0.00000 0.00000 0.00000 0.00000 0.00000 0.00000 0.00000 0.00000 0.00000 0.00000 0.00000 0.00000 0.00206 0.00631 0.01056 0.01483 0.01936 0.02466 0.02959 0.03409 0.03856 0.04505 0.04884 0.04989 0.05072 0.05235 0.05600 0.05760 0.05797 0.05960 0.06346 0.06544 0.06157 0.05533 0.05087 0.04455 0.03724 0.03060 0.02435 0.01767 0.01067 0.00357 0.00000 0.00000 0.00000 0.00000 0.00000 0.00000 0.00000 0.00000 0.00000 0.00000 0.00000 0.00000 0.00000 0.00000 0.00000 0.00000 0.00000 0.00000 0.00000 0.00000 0.00000 0.00000 0.00000 0.00000 0.00000 0.00000 0.00000 0.00000 0.00000 0.00000 0.00000 0.00000 0.00000 0.00000 0.00000
0.00000 0.00000 0.00000 0.00000 0.00000 0.00000 0.00000 0.00000 0.00000 0.00000 0.00000 0.00000 0.00000 0.00000 0.00000 0.00000 0.00000 0.00000 0.00000 0.00000 0.00000 0.00000 0.00000 0.00000 0.00000 0.00163 0.00503 0.00834 0.01172 0.01567 0.01922 0.02310 0.02727 0.03167 0.03484 0.03847 0.04360 0.04693 0.05032 0.05423 0.05988 0.06394 0.06679 0.07075 0.07722 0.07613 0.06702 0.05932 0.05328 0.04566 0.03701 0.02892 0.02114 0.01288 0.00430 0.00000 0.00000 0.00000 0.00000 0.00000 0.00000 0.00000 0.00000 0.00000 0.00000 0.00000 0.00000 0.00000 0.00000 0.00000 0.00000 0.00000 0.00000 0.00000 0.00000 0.00000 0.00000 0.00000 0.00000 0.00000 0.00000 0.00000 0.00000 0.00000 0.00000 0.00000 0.00000 0.00000 0.00000 0.00000
0.00000 0.00000 0.00000 0.00000 0.00000 0.00000 0.00000 0.00000 0.00000 0.00000 0.00000 0.00000 0.00000 0.00000 0.00000 0.00000 0.00000 0.00000 0.00000 0.00000 0.00000 0.00000 0.00000 0.00000 0.00000 0.00116 0.00357 0.00614 0.00872 0.01132 0.01403 0.01661 0.01970 0.02296 0.02584 0.02964 0.03523 0.04280 0.04876 0.05405 0.06035 0.06882 0.07558 0.08065 0.08720 0.08867 0.08062 0.07033 0.06101 0.05297 0.04408 0.03433 0.02456 0.01494 0.00506 0.00000 0.00000 0.00000 0.00000 0.00000 0.00000 0.00000 0.00000 0.00000 0.00000 0.00000 0.00000 0.00000 0.00000 0.00000 0.00000 0.00000 0.00000 0.00000 0.00000 0.00000 0.00000 0.00000 0.00000 0.00000 0.00000 0.00000 0.00000 0.00000 0.00000 0.00000 0.00000 0.00000 0.00000 0.00000
0.00000 0.00000 0.00000 0.00000 0.00000 0.00000 0.00000 0.00000 0.00000 0.00000 0.00000 0.00000 0.00000 0.00000 0.00000 0.00000 0.00000 0.00000 0.00000 0.00000 0.00000 0.00000 0.00000 0.00000 0.00000 0.00071 0.00214 0.00378 0.00538 0.00683 0.00851 0.01047 0.01192 0.01356 0.01583 0.02077 0.02845 0.03660 0.04631 0.05478 0.06285 0.07177 0.08276 0.09255 0.10028 0.09972 0.09207 0.08265 0.07090 0.06002 0.05045 0.03988 0.02840 0.01708 0.00581 0.00000 0.00000 0.00000 0.00000 0.00000 0.00000 0.00000 0.00000 0.00000 0.00000 0.00000 0.00000 0.00000 0.00000 0.00000 0.00000 0.00000 0.00000 0.00000 0.00000 0.00000 0.00000 0.00000 0.00000 0.00000 0.00000 0.00000 0.00000 0.00000 0.00000 0.00000 0.00000 0.00000 0.00000 0.00000
0.00000 0.00000 0.00000 0.00000 0.00000 0.00000 0.00000 0.00000 0.00000 0.00000 0.00000 0.00000 0.00000 0.00000 0.00000 0.00000 0.00000 0.00000 0.00000 0.00000 0.00000 0.00000 0.00000 0.00000 0.00000 0.00025 0.00074 0.00125 0.00181 0.00235 0.00289 0.00351 0.00413 0.00462 0.00521 0.01091 0.02142 0.03158 0.04233 0.05492 0.06621 0.07671 0.08836 0.10236 0.11543 0.11434 0.10238 0.09262 0.08179 0.06915 0.05648 0.04473 0.03247 0.01962 0.00655 0.00000 0.00000 0.00000 0.00000 0.00000 0.00000 0.00000 0.00000 0.00000 0.00000 0.00000 0.00000 0.00000 0.00000 0.00000 0.00000 0.00000 0.00000 0.00000 0.00000 0.00000 0.00000 0.00000 0.00000 0.00000 0.00000 0.00000 0.00000 0.00000 0.00000 0.00000 0.00000 0.00000 0.00000 0.00000
0.00000 0.00000 0.00000 0.00000 0.00000 0.00000 0.00000 0.00000 0.00000 0.00000 0.00000 0.00000 0.00000 0.00000 0.00000 0.00000 0.00000 0.00000 0.00000 0.00000 0.00000 0.00000 0.00000 0.00000 0.00000 0.00000 0.00000 0.00000 0.00000 0.00000 0.00000 0.00000 0.00000 0.00000 0.00000 0.00536 0.01682 0.02820 0.03940 0.05124 0.06462 0.07702 0.08862 0.10106 0.11604 0.11838 0.10593 0.09413 0.08474 0.07400 0.06150 0.04931 0.03807 0.02599 0.01330 0.00667 0.00610 0.00544 0.00470 0.00400 0.00333 0.00262 0.00186 0.00112 0.00038 0.00000 0.00000 0.00000 0.00000 0.00000 0.00000 0.00000 0.00000 0.00000 0.00000 0.00000 0.00000 0.00000 0.00000 0.00000 0.00000 0.00000 0.00000 0.00000 0.00000 0.00000 0.00000 0.00000 0.00000 0.00000
0.00000 0.00000 0.00000 0.00000 0.00000 0.00000 0.00000 0.00000 0.00000 0.00000 0.00000 0.00000 0.00000 0.00000 0.00000 0.00000 0.00000 0.00000 0.00000 0.00000 0.00000 0.00000 0.00000 0.00000 0.00000 0.00000 0.00000 0.00000 0.00000 0.00000 0.00000 0.00000 0.00000 0.00000 0.00000 0.00491 0.01484 0.02582 0.03639 0.04659 0.05755 0.07001 0.08164 0.09246 0.10371 0.10696 0.09958 0.09035 0.08073 0.07277 0.06431 0.05495 0.04520 0.03595 0.02643 0.02051 0.01843 0.01641 0.01436 0.01223 0.01009 0.00791 0.00567 0.00342 0.00115 0.00000 0.00000 0.00000 0.00000 0.00000 0.00000 0.00000 0.00000 0.00000 0.00000 0.00000 0.00000 0.00000 0.00000 0.00000 0.00000 0.00000 0.00000 0.00000 0.00000 0.00000 0.00000 0.00000 0.00000 0.00000
0.00000 0.00000 0.00000 0.00000 0.00000 0.00000 0.00000 0.00000 0.00000 0.00000 0.00000 0.00000 0.00000 0.00000 0.00000 0.00000 0.00000 0.00000 0.00000 0.00000 0.00000 0.00000 0.00000 0.00000 0.00000 0.00000 0.00000 0.00000 0.00000 0.00000 0.00000 0.00000 0.00000 0.00000 0.00000 0.00451 0.01341 0.02257 0.03269 0.04232 0.05173 0.06167 0.07291 0.08373 0.09355 0.09529 0.09089 0.08563 0.07857 0.07158 0.06645 0.06040 0.05304 0.04600 0.03993 0.03492 0.03100 0.02748 0.02440 0.02085 0.01688 0.01322 0.00966 0.00585 0.00193 0.00000 0.00000 0.00000 0.00000 0.00000 0.00000 0.00000 0.00000 0.00000 0.00000 0.00000 0.00000 0.00000 0.00000 0.00000 0.00000 0.00000 0.00000 0.00000 0.00000 0.00000 0.00000 0.00000 0.00000 0.00000
0.00000 0.00000 0.00000 0.00000 0.00000 0.00000 0.00000 0.00000 0.00000 0.00000 0.00000 0.00000 0.00000 0.00000 0.00000 0.00000 0.00000 0.00000 0.00000 0.00000 0.00000 0.00000 0.00000 0.00000 0.00000 0.00000 0.00000 0.00000 0.00000 0.00000 0.00000 0.00000 0.00000 0.00000 0.00000 0.00396 0.01203 0.01993 0.02815 0.03733 0.04603 0.05448 0.06328 0.07308 0.08297 0.08579 0.08169 0.07888 0.07605 0.07236 0.06806 0.06478 0.06137 0.05741 0.05320 0.04903 0.04436 0.03934 0.03430 0.02933 0.02416 0.01884 0.01361 0.00825 0.00275 0.00000 0.00000 0.00000 0.00000 0.00000 0.00000 0.00000 0.00000 0.00000 0.00000 0.00000 0.00000 0.00000 0.00000 0.00000 0.00000 0.00000 0.00000 0.00000 0.00000 0.00000 0.00000 0.00000 0.00000 0.00000
0.00000 0.00000 0.00000 0.00000 0.00000 0.00000 0.00000 0.00000 0.00000 0.00000 0.00000 0.00000 0.00000 0.00000 0.00000 0.00000 0.00000 0.00000 0.00000 0.00000 0.00000 0.00000 0.00000 0.00000 0.00000 0.00000 0.00000 0.00000 0.00000 0.00000 0.00000 0.00000 0.00000 0.00000 0.00000 0.00331 0.01031 0.01739 0.02431 0.03150 0.03946 0.04720 0.05458 0.06210 0.07082 0.07512 0.07380 0.07234 0.07263 0.07241 0.07070 0.06926 0.06961 0.06913 0.06700 0.06316 0.05810 0.05181 0.04432 0.03773 0.03172 0.02488 0.01749 0.01056 0.00361 0.00000 0.00000 0.00000 0.00000 0.00000 0.00000 0.00000 0.00000 0.00000 0.00000 0.00000 0.00000 0.00000 0.00000 0.00000 0.00000 0.00000 0.00000 0.00000 0.00000 0.00000 0.00000 0.00000 0.00000 0.00000
0.00000 0.00000 0.00000 0.00000 0.00000 0.00000 0.00000 0.00000 0.00000 0.00000 0.00000 0.00000 0.00000 0.00000 0.00000 0.00000 0.00000 0.00000 0.00000 0.00000 0.00000 0.00000 0.00000 0.00000 0.00000 0.00000 0.00000 0.00000 0.00000 0.00000 0.00000 0.00000 0.00000 0.00000 0.00000 0.00277 0.00836 0.01441 0.02044 0.02628 0.03232 0.03893 0.04559 0.05206 0.05833 0.06280 0.06529 0.06735 0.06878 0.07100 0.07350 0.07554 0.07723 0.07960 0.08211 0.07907 0.07108 0.06345 0.05552 0.04710 0.03878 0.03054 0.02192 0.01315 0.00443 0.00000 0.00000 0.00000 0.00000 0.00000 0.00000 0.00000 0.00000 0.00000 0.00000 0.00000 0.00000 0.00000 0.00000 0.00000 0.00000 0.00000 0.00000 0.00000 0.00000 0.00000 0.00000 0.00000 0.00000 0.00000
0.00000 0.00000 0.00000 0.00000 0.00000 0.00000 0.00000 0.00000 0.00000 0.00000 0.00000 0.00000 0.00000 0.00000 0.00000 0.00000 0.00000 0.00000 0.00000 0.00000 0.00000 0.00000 0.00000 0.00000 0.00000 0.00000 0.00000 0.00000 0.00000 0.00000 0.00000 0.00000 0.00000 0.00000 0.00000 0.00223 0.00667 0.01116 0.01604 0.02093 0.02565 0.03043 0.03575 0.04123 0.04624 0.05079 0.05601 0.06131 0.06557 0.06995 0.07599 0.08170 0.08544 0.09018 0.09727 0.09584 0.08451 0.07490 0.06689 0.05714 0.04600 0.03594 0.02643 0.01600 0.00525 0.00000 0.00000 0.00000 0.00000 0.00000 0.00000 0.00000 0.00000 0.00000 0.00000 0.00000 0.00000 0.00000 0.00000 0.00000 0.00000 0.00000 0.00000 0.00000 0.00000 0.00000 0.00000 0.00000 0.00000 0.00000
0.00000 0.00000 0.00000 0.00000 0.00000 0.00000 0.00000 0.00000 0.00000 0.00000 0.00000 0.00000 0.00000 0.00000 0.00000 0.00000 0.00000 0.00000 0.00000 0.00000 0.00000 0.00000 0.00000 0.00000 0.00000 0.00000 0.00000 0.00000 0.00000 0.00000 0.00000 0.00000 0.00000 0.00000 0.00000 0.00160 0.00490 0.00816 0.01145 0.01503 0.01869 0.02227 0.02575 0.02945 0.03352 0.03931 0.04653 0.05403 0.06220 0.07030 0.07801 0.08604 0.09486 0.10309 0.11124 0.11035 0.10007 0.08851 0.07699 0.06592 0.05442 0.04241 0.03045 0.01851 0.00620 0.00000 0.00000 0.00000 0.00000 0.00000 0.00000 0.00000 0.00000 0.00000 0.00000 0.00000 0.00000 0.00000 0.00000 0.00000 0.00000 0.00000 0.00000 0.00000 0.00000 0.00000 0.00000 0.00000 0.00000 0.00000
0.00000 0.00000 0.00000 0.00000 0.00000 0.00000 0.00000 0.00000 0.00000 0.00000 0.00000 0.00000 0.00000 0.00000 0.00000 0.00000 0.00000 0.00000 0.00000 0.00000 0.00000 0.00000 0.00000 0.00000 0.00000 0.00000 0.00000 0.00000 0.00000 0.00000 0.00000 0.00000 0.00000 0.00000 0.00000 0.00096 0.00295 0.00502 0.00705 0.00906 0.01126 0.01358 0.01577 0.01787 0.02026 0.02681 0.03707 0.04731 0.05853 0.07005 0.08023 0.09110 0.10395 0.11663 0.12577 0.12509 0.11520 0.10302 0.08776 0.07444 0.06277 0.04935 0.03468 0.02080 0.00713 0.00000 0.00000 0.00000 0.00000 0.00000 0.00000 0.00000 0.00000 0.00000 0.00000 0.00000 0.00000 0.00000 0.00000 0.00000 0.00000 0.00000 0.00000 0.00000 0.00000 0.00000 0.00000 0.00000 0.00000 0.00000
0.00000 0.00000 0.00000 0.00000 0.00000 0.00000 0.00000 0.00000 0.00000 0.00000 0.00000 0.00000 0.00000 0.00000 0.00000 0.00000 0.00000 0.00000 0.00000 0.00000 0.00000 0.00000 0.00000 0.00000 0.00000 0.00000 0.00000 0.00000 0.00000 0.00000 0.00000 0.00000 0.00000 0.00000 0.00000 0.00033 0.00098 0.00167 0.00239 0.00310 0.00379 0.00451 0.00532 0.00612 0.00684 0.01372 0.02721 0.04106 0.05472 0.06826 0.08306 0.09786 0.11239 0.12667 0.14314 0.14344 0.12848 0.11429 0.10068 0.08547 0.06993 0.05488 0.03965 0.02388 0.00797 0.00000 0.00000 0.00000 0.00000 0.00000 0.00000 0.00000 0.00000 0.00000 0.00000 0.00000 0.00000 0.00000 0.00000 0.00000 0.00000 0.00000 0.00000 0.00000 0.00000 0.00000 0.00000 0.00000 0.00000 0.00000
0.00000 0.00000 0.00000 0.00000 0.00000 0.00000 0.00000 0.00000 0.00000 0.00000 0.00000 0.00000 0.00000 0.00000 0.00000 0.00000 0.00000 0.00000 0.00000 0.00000 0.00000 0.00000 0.00000 0.00000 0.00000 0.00000 0.00000 0.00000 0.00000 0.00000 0.00000 0.00000 0.00000 0.00000 0.00000 0.00000 0.00000 0.00000 0.00000 0.00000 0.00000 0.00000 0.00000 0.00000 0.00000 0.00696 0.02114 0.03590 0.05032 0.06498 0.08065 0.09701 0.11098 0.12649 0.14439 0.14722 0.12944 0.11431 0.10182 0.08758 0.07052 0.05475 0.04013 0.02448 0.00805 0.00000 0.00000 0.00000 0.00000 0.00000 0.00000 0.00000 0.00000 0.00000 0.00000 0.00045 0.00134 0.00224 0.00321 0.00406 0.00495 0.00592 0.00688 0.00772 0.00863 0.00866 0.00775 0.00680 0.00589 0.00498
0.00000 0.00000 0.00000 0.00000 0.00000 0.00000 0.00000 0.00000 0.00000 0.00000 0.00000 0.00000 0.00000 0.00000 0.00000 0.00000 0.00000 0.00000 0.00000 0.00000 0.00000 0.00000 0.00000 0.00000 0.00000 0.00000 0.00000 0.00000 0.00000 0.00000 0.00000 0.00000 0.00000 0.00000 0.00000 0.00000 0.00000 0.00000 0.00000 0.00000 0.00000 0.00000 0.00000 0.00000 0.00000 0.00640 0.01921 0.03189 0.04548 0.05949 0.07321 0.08596 0.10102 0.11593 0.12972 0.12972 0.11896 0.10545 0.09087 0.07728 0.06446 0.05053 0.03596 0.02162 0.00732 0.00000 0.00000 0.00000 0.00000 0.00000 0.00000 0.00000 0.00000 0.00000 0.00000 0.00137 0.00402 0.00681 0.00968 0.01254 0.01488 0.01770 0.02084 0.02376 0.02588 0.02581 0.02348 0.02071 0.01772 0.01477
0.00000 0.00000 0.00000 0.00000 0.00000 0.00000 0.00000 0.00000 0.00000 0.00000 0.00000 0.00000 0.00000 0.00000 0.00000 0.00000 0.00000 0.00000 0.00000 0.00000 0.00000 0.00000 0.00000 0.00000 0.00000 0.00000 0.00000 0.00000 0.00000 0.00000 0.00000 0.00000 0.00000 0.00000 0.00000 0.00000 0.00000 0.00000 0.00000 0.00000 0.00000 0.00000 0.00000 0.00000 0.00000 0.00569 0.01720 0.02867 0.04048 0.05304 0.06488 0.07722 0.09004 0.10399 0.11531 0.11548 0.10535 0.09518 0.08120 0.06838 0.05722 0.04547 0.03212 0.01914 0.00650 0.00000 0.00000 0.00000 0.00000 0.00000 0.00000 0.00000 0.00000 0.00000 0.00000 0.00230 0.00685 0.01141 0.01617 0.02087 0.02535 0.03006 0.03501 0.03963 0.04364 0.04383 0.03968 0.03486 0.03000 0.02491
0.00000 0.00000 0.00000 0.00000 0.00000 0.00000 0.00000 0.00000 0.00000 0.00000 0.00000 0.00000 0.00000 0.00000 0.00000 0.00000 0.00000 0.00000 0.00000 0.00000 0.00000 0.00000 0.00000 0.00000 0.00000 0.00000 0.00000 0.00000 0.00000 0.00000 0.00000 0.00000 0.00000 0.00000 0.00000 0.00000 0.00000 0.00000 0.00000 0.00000 0.00000 0.00000 0.00000 0.00000 0.00000 0.00487 0.01497 0.02550 0.03580 0.04547 0.05655 0.06837 0.07935 0.08879 0.10150 0.10311 0.09139 0.08062 0.07198 0.06143 0.04974 0.03862 0.02817 0.01717 0.00569 0.00000 0.00000 0.00000 0.00000 0.00000 0.00000 0.00000 0.00000 0.00000 0.00000 0.00326 0.00990 0.01606 0.02250 0.02954 0.03649 0.04251 0.04845 0.05562 0.06305 0.06267 0.05522 0.04836 0.04230 0.03595
0.00000 0.00000 0.00000 0.00000 0.00000 0.00000 0.00000 0.00000 0.00000 0.00000 0.00000 0.00000 0.00000 0.00000 0.00000 0.00000 0.00000 0.00000 0.00000 0.00000 0.00000 0.00000 0.00000 0.00000 0.00000 0.00000 0.00000 0.00000 0.00000 0.00000 0.00000 0.00000 0.00000 0.00000 0.00000 0.00000 0.00000 0.00000 0.00000 0.00000 0.00000 0.00000 0.00000 0.00000 0.00000 0.00420 0.01266 0.02170 0.03057 0.03945 0.04833 0.05784 0.06736 0.07705 0.08635 0.08756 0.07860 0.06922 0.06075 0.05275 0.04278 0.03300 0.02392 0.01472 0.00488 0.00000 0.00000 0.00000 0.00000 0.00000 0.00000 0.00000 0.00000 0.00000 0.00000 0.00417 0.01272 0.02124 0.02930 0.03816 0.04705 0.05525 0.06282 0.07241 0.08177 0.08116 0.07102 0.06281 0.05534 0.04664
0.00000 0.00000 0.00000 0.00000 0.00000 0.00000 0.00000 0.00000 0.00000 0.00000 0.00000 0.00000 0.00000 0.00000 0.00000 0.00000 0.00000 0.00000 0.00000 0.00000 0.00000 0.00000 0.00000 0.00000 0.00000 0.00000 0.00000 0.00000 0.00000 0.00000 0.00000 0.00000 0.00000 0.00000 0.00000 0.00000 0.00000 0.00000 0.00000 0.00000 0.00000 0.00000 0.00000 0.00000 0.00000 0.00356 0.01059 0.01746 0.02500 0.03300 0.04063 0.04701 0.05487 0.06429 0.07160 0.07080 0.06498 0.05848 0.05020 0.04208 0.03523 0.02799 0.01982 0.01179 0.00400 0.00000 0.00000 0.00000 0.00000 0.00000 0.00000 0.00000 0.00000 0.00000 0.00000 0.00509 0.01542 0.02641 0.03716 0.04646 0.05682 0.06874 0.07986 0.08889 0.09851 0.09948 0.09056 0.07923 0.06785 0.05677
0.00000 0.00000 0.00000 0.00000 0.00000 0.00000 0.00000 0.00000 0.00000 0.00000 0.00000 0.00000 0.00000 0.00000 0.00000 0.00000 0.00000 0.00000 0.00000 0.00000 0.00000 0.00000 0.00000 0.00000 0.00000 0.00000 0.00000 0.00000 0.00000 0.00000 0.00000 0.00000 0.00000 0.00000 0.00000 0.00000 0.00000 0.00000 0.00000 0.00000 0.00000 0.00000 0.00000 0.00000 0.00000 0.00278 0.00842 0.01390 0.01949 0.02562 0.03169 0.03788 0.04334 0.04910 0.05634 0.05694 0.05062 0.04510 0.03967 0.03340 0.02750 0.02190 0.01565 0.00929 0.00313 0.00000 0.00000 0.00000 0.00000 0.00000 0.00000 0.00000 0.00000 0.00000 0.00000 0.00621 0.01840 0.03113 0.04400 0.05551 0.06777 0.08200 0.09485 0.10537 0.11708 0.11914 0.10785 0.09400 0.08052 0.06746
0.00000 0.00000 0.00000 0.00000 0.00000 0.00000 0.00000 0.00000 0.00000 0.00000 0.00000 0.00000 0.00000 0.00000 0.00000 0.00000 0.00000 0.00000 0.00000 0.00000 0.00000 0.00000 0.00000 0.00000 0.00000 0.00000 0.00000 0.00000 0.00000 0.00000 0.00000 0.00000 0.00000 0.00000 0.00000 0.00000 0.00000 0.00000 0.00000 0.00000 0.00000 0.00000 0.00000 0.00000 0.00000 0.00194 0.00600 0.01024 0.01427 0.01807 0.02247 0.02744 0.03183 0.03524 0.03985 0.04134 0.03685 0.03197 0.02802 0.02462 0.02007 0.01532 0.01109 0.00689 0.00228 0.00000 0.00000 0.00000 0.00000 0.00000 0.00000 0.00000 0.00000 0.00000 0.00000 0.00727 0.02165 0.03580 0.05000 0.06595 0.08058 0.09396 0.10783 0.12465 0.14101 0.13799 0.12287 0.10832 0.09504 0.07999
0.00000 0.00000 0.00000 0.00000 0.00000 0.00000 0.00000 0.00000 0.00000 0.00000 0.00000 0.00000 0.00000 0.00000 0.00000 0.00000 0.00000 0.00000 0.00000 0.00000 0.00000 0.00000 0.00000 0.00000 0.00000 0.00000 0.00000 0.00000 0.00000 0.00000 0.00000 0.00000 0.00000 0.00000 0.00000 0.00000 0.00000 0.00000 0.00000 0.00000 0.00000 0.00000 0.00000 0.00000 0.00000 0.00118 0.00356 0.00617 0.00870 0.01114 0.01360 0.01620 0.01917 0.02207 0.02428 0.02419 0.02236 0.02000 0.01708 0.01448 0.01215 0.00942 0.00674 0.00411 0.00138 0.00000 0.00000 0.00000 0.00000 0.00000 0.00000 0.00000 0.00000 0.00000 0.00000 0.00814 0.02463 0.04077 0.05721 0.07516 0.09232 0.10582 0.12317 0.14391 0.16033 0.15768 0.14006 0.12431 0.10863 0.09197
0.00000 0.00000 0.00000 0.00000 0.00000 0.00000 0.00000 0.00000 0.00000 0.00000 0.00000 0.00000 0.00000 0.00000 0.00000 0.00000 0.00000 0.00000 0.00000 0.00000 0.00000 0.00000 0.00000 0.00000 0.00000 0.00000 0.00000 0.00000 0.00000 0.00000 0.00000 0.00000 0.00000 0.00000 0.00000 0.00000 0.00000 0.00000 0.00000 0.00000 0.00000 0.00000 0.00000 0.00000 0.00000 0.00041 0.00121 0.00201 0.00290 0.00381 0.00465 0.00541 0.00628 0.00741 0.00828 0.00814 0.00736 0.00673 0.00586 0.00484 0.00397 0.00322 0.00230 0.00135 0.00046 0.00000 0.00000 0.00000 0.00000 0.00000 0.00000 0.00000 0.00000 0.00000 0.00000 0.00926 0.02744 0.04552 0.06534 0.08428 0.10186 0.12154 0.14121 0.15878 0.17753 0.17827 0.16080 0.14025 0.12078 0.10159
0.00000 0.00000 0.00000 0.00000 0.00000 0.00000 0.00000 0.00000 0.00000 0.00000 0.00000 0.00000 0.00000 0.00000 0.00000 0.00000 0.00000 0.00000 0.00000 0.00000 0.00000 0.00000 0.00000 0.00000 0.00000 0.00000 0.00000 0.00000 0.00000 0.00000 0.00000 0.00000 0.00000 0.00000 0.00000 0.00000 0.00000 0.00000 0.00000 0.00000 0.00000 0.00000 0.00000 0.00000 0.00000 0.00000 0.00000 0.00000 0.00000 0.00000 0.00000 0.00000 0.00000 0.00000 0.00000 0.00000 0.00000 0.00000 0.00000 0.00000 0.00000 0.00000 0.00000 0.00000 0.00000 0.00000 0.00000 0.00000 0.00000 0.00000 0.00000 0.00000 0.00000 0.00000 0.00000 0.00983 0.02972 0.04893 0.06855 0.08851 0.10840 0.13052 0.14987 0.16824 0.18763 0.19056 0.17075 0.14973 0.12916 0.10858
0.00000 0.00000 0.00000 0.00000 0.00000 0.00000 0.00000 0.00000 0.00000 0.00000 0.00000 0.00000 0.00000 0.00000 0.00000 0.00000 0.00000 0.00000 0.00000 0.00000 0.00000 0.00000 0.00000 0.00000 0.00000 0.00000 0.00000 0.00000 0.00000 0.00000 0.00000 0.00000 0.00000 0.00000 0.00000 0.00000 0.00000 0.00000 0.00000 0.00000 0.00000 0.00000 0.00000 0.00000 0.00000 0.00000 0.00000 0.00000 0.00000 0.00000 0.00000 0.00000 0.00000 0.00000 0.00000 0.00000 0.00000 0.00000 0.00000 0.00000 0.00000 0.00000 0.00000 0.00000 0.00000 0.00000 0.00000 0.00000 0.00000 0.00000 0.00000 0.00000 0.00000 0.00000 0.00000 0.00968 0.02979 0.04993 0.06874 0.08809 0.10991 0.13031 0.14948 0.16941 0.19027 0.18999 0.16945 0.14905 0.12993 0.10946
0.00000 0.00000 0.00000 0.00000 0.00000 0.00000 0.00000 0.00000 0.00000 0.00000 0.00000 0.00000 0.00000 0.00000 0.00000 0.00000 0.00000 0.00000 0.00000 0.00000 0.00000 0.00000 0.00000 0.00000 0.00000 0.00000 0.00000 0.00000 0.00000 0.00000 0.00000 0.00000 0.00000 0.00000 0.00000 0.00000 0.00000 0.00000 0.00000 0.00000 0.00000 0.00000 0.00000 0.00000 0.00000 0.00000 0.00000 0.00000 0.00000 0.00000 0.00000 0.00000 0.00000 0.00000 0.00000 0.00000 0.00000 0.00000 0.00000 0.00000 0.00000 0.00000 0.00000 0.00000 0.00000 0.00000 0.00000 0.00000 0.00000 0.00000 0.00000 0.00000 0.00000 0.00000 0.00000 0.00982 0.02932 0.05030 0.07068 0.08970 0.10889 0.13150 0.15162 0.17120 0.19075 0.19240 0.17141 0.15042 0.13093 0.11177
0.00000 0.00000 0.00000 0.00000 0.00000 0.00000 0.00000 0.00000 0.00000 0.00000 0.00000 0.00000 0.00000 0.00000 0.00000 0.00000 0.00000 0.00000 0.00000 0.00000 0.00000 0.00000 0.00000 0.00000 0.00000 0.00000 0.00000 0.00000 0.00000 0.00000 0.00000 0.00000 0.00000 0.00000 0.00000 0.00000 0.00000 0.00000 0.00000 0.00000 0.00000 0.00000 0.00000 0.00000 0.00000 0.00000 0.00000 0.00000 0.00000 0.00000 0.00000 0.00000 0.00000 0.00000 0.00000 0.00000 0.00000 0.00000 0.00000 0.00000 0.00000 0.00000 0.00000 0.00000 0.00000 0.00000 0.00000 0.00000 0.00000 0.00000 0.00000 0.00000 0.00000 0.00000 0.00000 0.01005 0.02968 0.04946 0.07091 0.09166 0.10945 0.13004 0.15210 0.17309 0.19155 0.19152 0.17265 0.15205 0.13028 0.10922
0.00000 0.00000 0.00000 0.00000 0.00000 0.00000 0.00000 0.00000 0.00000 0.00000 0.00000 0.00000 0.00000 0.00000 0.00000 0.00000 0.00000 0.00000 0.00000 0.00000 0.00000 0.00000 0.00000 0.00000 0.00000 0.00000 0.00000 0.00000 0.00000 0.00000 0.00000 0.00000 0.00000 0.00000 0.00000 0.00000 0.00000 0.00000 0.00000 0.00000 0.00000 0.00000 0.00000 0.00000 0.00000 0.00000 0.00000 0.00000 0.00000 0.00000 0.00000 0.00000 0.00000 0.00000 0.00000 0.00000 0.00000 0.00000 0.00000 0.00000 0.00000 0.00000 0.00000 0.00000 0.00000 0.00000 0.00000 0.00000 0.00000 0.00000 0.00000 0.00000 0.00000 0.00000 0.00000 0.01015 0.03071 0.05014 0.06991 0.09259 0.11349 0.13064 0.15065 0.17494 0.19523 0.19231 0.17285 0.15514 0.13401 0.11250
0.00000 0.00000 0.00000 0.00000 0.00000 0.00000 0.00000 0.00000 0.00000 0.00000 0.00000 0.00000 0.00000 0.00000 0.00000 0.00000 0.00000 0.00000 0.00000 0.00000 0.00000 0.00000 0.00000 0.00000 0.00000 0.00000 0.00000 0.00000 0.00000 0.00000 0.00000 0.00000 0.00000 0.00000 0.00000 0.00000 0.00000 0.00000 0.00000 0.00000 0.00000 0.00000 0.00000 0.00000 0.00000 0.00000 0.00000 0.00000 0.00000 0.00000 0.00000 0.00000 0.00000 0.00000 0.00000 0.00000 0.00000 0.00000 0.00000 0.00000 0.00000 0.00000 0.00000 0.00000 0.00000 0.00000 0.00000 0.00000 0.00000 0.00000 0.00000 0.00000 0.00000 0.00000 0.00000 0.00996 0.03067 0.05143 0.07041 0.09079 0.11371 0.13461 0.15155 0.17308 0.19616 0.19624 0.17263 0.15198 0.13267 0.11174
0.00000 0.00000 0.00000 0.00000 0.00000 0.00000 0.00000 0.00000 0.00000 0.00000 0.00000 0.00000 0.00000 0.00000 0.00000 0.00000 0.00000 0.00000 0.00000 0.00000 0.00000 0.00000 0.00000 0.00000 0.00000 0.00000 0.00000 0.00000 0.00000 0.00000 0.00000 0.00000 0.00000 0.00000 0.00000 0.00000 0.00000 0.00000 0.00000 0.00000 0.00000 0.00000 0.00000 0.00000 0.00000 0.00000 0.00000 0.00000 0.00000 0.00000 0.00000 0.00000 0.00000 0.00000 0.00000 0.00000 0.00000 0.00000 0.00000 0.00000 0.00000 0.00000 0.00000 0.00000 0.00000 0.00000 0.00000 0.00000 0.00000 0.00000 0.00000 0.00000 0.00000 0.00000 0.00000 0.01010 0.03022 0.05185 0.07305 0.09173 0.11189 0.13601 0.15708 0.17325 0.19440 0.19872 0.17772 0.15451 0.13436 0.11482
0.00000 0.00000 0.00000 0.00000 0.00000 0.00000 0.00000 0.00000 0.00000 0.00000 0.00000 0.00000 0.00000 0.00000 0.00000 0.00000 0.00000 0.00000 0.00000 0.00000 0.00000 0.00000 0.00000 0.00000 0.00000 0.00000 0.00000 0.00000 0.00000 0.00000 0.00000 0.00000 0.00000 0.00000 0.00000 0.00000 0.00000 0.00000 0.00000 0.00000 0.00000 0.00000 0.00000 0.00000 0.00000 0.00000 0.00000 0.00000 0.00000 0.00000 0.00000 0.00000 0.00000 0.00000 0.00000 0.00000 0.00000 0.00000 0.00000 0.00000 0.00000 0.00000 0.00000 0.00000 0.00000 0.00000 0.00000 0.00000 0.00000 0.00000 0.00000 0.00000 0.00000 0.00000 0.00000 0.01035 0.03045 0.05071 0.07318 0.09433 0.11213 0.13339 0.15759 0.17845 0.19442 0.19563 0.17763 0.15630 0.13308 0.11178
0.00000 0.00000 0.00000 0.00000 0.00000 0.00000 0.00000 0.00000 0.00000 0.00000 0.00000 0.00000 0.00000 0.00000 0.00000 0.00000 0.00000 0.00000 0.00000 0.00000 0.00000 0.00000 0.00000 0.00000 0.00000 0.00000 0.00000 0.00000 0.00000 0.00000 0.00000 0.00000 0.00000 0.00000 0.00000 0.00000 0.00000 0.00000 0.00000 0.00000 0.00000 0.00000 0.00000 0.00000 0.00000 0.00000 0.00000 0.00000 0.00000 0.00000 0.00000 0.00000 0.00000 0.00000 0.00000 0.00000 0.00000 0.00000 0.00000 0.00000 0.00000 0.00000 0.00000 0.00000 0.00000 0.00000 0.00000 0.00000 0.00000 0.00000 0.00000 0.00000 0.00000 0.00000 0.00000 0.01040 0.03147 0.05148 0.07189 0.09505 0.11670 0.13441 0.15509 0.17991 0.20142 0.19747 0.17724 0.15932 0.13790 0.11574
0.00000 0.00000 0.00000 0.00000 0.00000 0.00000 0.00000 0.00000 0.00000 0.00000 0.00000 0.00000 0.00000 0.00000 0.00000 0.00000 0.00000 0.00000 0.00000 0.00000 0.00000 0.00000 0.00000 0.00000 0.00000 0.00000 0.00000 0.00000 0.00000 0.00000 0.00000 0.00000 0.00000 0.00000 0.00000 0.00000 0.00000 0.00000 0.00000 0.00000 0.00000 0.00000 0.00000 0.00000 0.00000 0.00000 0.00000 0.00000 0.00000 0.00000 0.00000 0.00000 0.00000 0.00000 0.00000 0.00000 0.00000 0.00000 0.00000 0.00000 0.00000 0.00000 0.00000 0.00000 0.00000 0.00000 0.00000 0.00000 0.00000 0.00000 0.00000 0.00000 0.00000 0.00000 0.00000 0.01019 0.03146 0.05275 0.07234 0.09290 0.11718 0.13836 0.15456 0.17694 0.20216 0.20177 0.17536 0.15534 0.13672 0.11550
0.00000 0.00000 0.00000 0.00000 0.00000 0.00000 0.00000 0.00000 0.00000 0.00000 0.00000 0.00000 0.00000 0.00000 0.00000 0.00000 0.00000 0.00000 0.00000 0.00000 0.00000 0.00000 0.00000 0.00000 0.00000 0.00000 0.00000 0.00000 0.00000 0.00000 0.00000 0.00000 0.00000 0.00000 0.00000 0.00000 0.00000 0.00000 0.00000 0.00000 0.00000 0.00000 0.00000 0.00000 0.00000 0.00000 0.00000 0.00000 0.00000 0.00000 0.00000 0.00000 0.00000 0.00000 0.00000 0.00000 0.00000 0.00000 0.00000 0.00000 0.00000 0.00000 0.00000 0.00000 0.00000 0.00050 0.00152 0.00249 0.00348 0.00461 0.00570 0.00661 0.00762 0.00884 0.01001 0.02019 0.03974 0.06085 0.08164 0.10004 0.11949 0.14272 0.16383 0.18027 0.20023 0.20325 0.18391 0.16194 0.14171 0.12193
0.00000 0.00000 0.00000 0.00000 0.00000 0.00000 0.00000 0.00000 0.00000 0.00000 0.00000 0.00000 0.00000 0.00000 0.00000 0.00000 0.00000 0.00000 0.00000 0.00000 0.00000 0.00000 0.00000 0.00000 0.00000 0.00000 0.00000 0.00000 0.00000 0.00000 0.00000 0.00000 0.00000 0.00000 0.00000 0.00000 0.00000 0.00000 0.00000 0.00000 0.00000 0.00000 0.00000 0.00000 0.00000 0.00000 0.00000 0.00000 0.00000 0.00000 0.00000 0.00000 0.00000 0.00000 0.00000 0.00000 0.00000 0.00000 0.00000 0.00000 0.00000 0.00000 0.00000 0.00000 0.00000 0.00148 0.00459 0.00765 0.01049 0.01360 0.01711 0.02030 0.02302 0.02610 0.02996 0.04078 0.05783 0.07519 0.09568 0.11423 0.12944 0.14719 0.17039 0.18811 0.19934 0.20129 0.18751 0.16915 0.14833 0.12990
0.00000 0.00000 0.00000 0.00000 0.00000 0.00000 0.00000 0.00000 0.00000 0.00000 0.00000 0.00000 0.00000 0.00000 0.00000 0.00000 0.00000 0.00000 0.00000 0.00000 0.00000 0.00000 0.00000 0.00000 0.00000 0.00000 0.00000 0.00000 0.00000 0.00000 0.00000 0.00000 0.00000 0.00000 0.00000 0.00000 0.00000 0.00000 0.00000 0.00000 0.00000 0.00000 0.00000 0.00000 0.00000 0.00000 0.00000 0.00000 0.00000 0.00000 0.00000 0.00000 0.00000 0.00000 0.00000 0.00000 0.00000 0.00000 0.00000 0.00000 0.00000 0.00000 0.00000 0.00000 0.00000 0.00249 0.00745 0.01281 0.01816 0.02290 0.02790 0.03382 0.03962 0.04414 0.04913 0.06082 0.07770 0.09224 0.10750 0.12634 0.14344 0.15668 0.17200 0.19021 0.20854 0.20709 0.18984 0.17403 0.15968 0.14426
0.00000 0.00000 0.00000 0.00000 0.00000 0.00000 0.00000 0.00000 0.00000 0.00000 0.00000 0.00000 0.00000 0.00000 0.00000 0.00000 0.00000 0.00000 0.00000 0.00000 0.00000 0.00000 0.00000 0.00000 0.00000 0.00000 0.00000 0.00000 0.00000 0.00000 0.00000 0.00000 0.00000 0.00000 0.00000 0.00000 0.00000 0.00000 0.00000 0.00000 0.00000 0.00000 0.00000 0.00000 0.00000 0.00000 0.00000 0.00000 0.00000 0.00000 0.00000 0.00000 0.00000 0.00000 0.00000 0.00000 0.00000 0.00000 0.00000 0.00000 0.00000 0.00000 0.00000 0.00000 0.00000 0.00355 0.01046 0.01765 0.02544 0.03269 0.03937 0.04670 0.05523 0.06302 0.06959 0.07970 0.09536 0.11034 0.12257 0.13532 0.15398 0.16805 0.17730 0.19142 0.21125 0.21130 0.19149 0.17771 0.16697 0.15475
0.00000 0.00000 0.00000 0.00000 0.00000 0.00000 0.00000 0.00000 0.00000 0.00000 0.00000 0.00000 0.00000 0.00000 0.00000 0.00000 0.00000 0.00000 0.00000 0.00000 0.00000 0.00000 0.00000 0.00000 0.00000 0.00000 0.00000 0.00000 0.00000 0.00000 0.00000 0.00000 0.00000 0.00000 0.00000 0.00000 0.00000 0.00000 0.00000 0.00000 0.00000 0.00000 0.00000 0.00000 0.00000 0.00000 0.00000 0.00000 0.00000 0.00000 0.00000 0.00000 0.00000 0.00000 0.00000 0.00000 0.00000 0.00000 0.00000 0.00000 0.00000 0.00000 0.00000 0.00000 0.00000 0.00462 0.01399 0.02279 0.03183 0.04227 0.05231 0.06063 0.06964 0.08086 0.09182 0.10073 0.11182 0.12630 0.13972 0.14901 0.15986 0.17426 0.18848 0.19894 0.20882 0.20844 0.20027 0.19153 0.17620 0.16513
0.00000 0.00000 0.00000 0.00000 0.00000 0.00000 0.00000 0.00000 0.00000 0.00000 0.00000 0.00000 0.00000 0.00000 0.00000 0.00000 0.00000 0.00000 0.00000 0.00000 0.00000 0.00000 0.00000 0.00000 0.00000 0.00000 0.00000 0.00000 0.00000 0.00000 0.00000 0.00000 0.00000 0.00000 0.00000 0.00000 0.00000 0.00000 0.00000 0.00000 0.00000 0.00000 0.00000 0.00000 0.00000 0.00000 0.00000 0.00000 0.00000 0.00000 0.00000 0.00000 0.00000 0.00000 0.00000 0.00000 0.00000 0.00000 0.00000 0.00000 0.00000 0.00000 0.00000 0.00000 0.00000 0.00556 0.01699 0.02825 0.03923 0.05093 0.06346 0.07526 0.08656 0.09767 0.11057 0.12298 0.13184 0.14019 0.15214 0.16417 0.17187 0.17939 0.19575 0.20562 0.20968 0.20881 0.20399 0.19611 0.18482 0.17403
0.00000 0.00000 0.00000 0.00000 0.00000 0.00000 0.00000 0.00000 0.00000 0.00000 0.00000 0.00000 0.00000 0.00000 0.00000 0.00000 0.00000 0.00000 0.00000 0.00000 0.00000 0.00000 0.00000 0.00000 0.00000 0.00000 0.00000 0.00000 0.00000 0.00000 0.00000 0.00000 0.00000 0.00000 0.00000 0.00000 0.00000 0.00000 0.00000 0.00000 0.00000 0.00000 0.00000 0.00000 0.00000 0.00000 0.00000 0.00000 0.00000 0.00000 0.00000 0.00000 0.00000 0.00000 0.00000 0.00000 0.00000 0.00000 0.00000 0.00000 0.00000 0.00000 0.00000 0.00000 0.00000 0.00652 0.01961 0.03382 0.04779 0.05991 0.07339 0.08929 0.10446 0.11597 0.12915 0.14315 0.15285 0.15719 0.16412 0.17551 0.18510 0.18969 0.19578 0.20373 0.21575 0.21848 0.20708 0.20031 0.19372 0.19183
0.00000 0.00000 0.00000 0.00000 0.00000 0.00000 0.00000 0.00000 0.00000 0.00000 0.00000 0.00000 0.00000 0.00000 0.00000 0.00000 0.00000 0.00000 0.00000 0.00000 0.00000 0.00000 0.00000 0.00000 0.00000 0.00000 0.00000 0.00000 0.00000 0.00000 0.00000 0.00000 0.00000 0.00000 0.00000 0.00000 0.00000 0.00000 0.00000 0.00000 0.00000 0.00000 0.00000 0.00000 0.00000 0.00000 0.00000 0.00000 0.00000 0.00000 0.00000 0.00000 0.00000 0.00000 0.00000 0.00000 0.00000 0.00000 0.00000 0.00000 0.00000 0.00000 0.00000 0.00000 0.00000 0.00758 0.02302 0.03869 0.05437 0.07018 0.08634 0.10206 0.11805 0.13564 0.15254 0.16174 0.16741 0.17620 0.18148 0.18466 0.19209 0.20136 0.20391 0.20582 0.21706 0.21989 0.21197 0.20105 0.19721 0.19583
0.00000 0.00000 0.00000 0.00000 0.00000 0.00000 0.00000 0.00000 0.00000 0.00000 0.00000 0.00000 0.00000 0.00000 0.00000 0.00000 0.00000 0.00000 0.00000 0.00000 0.00000 0.00000 0.00000 0.00000 0.00000 0.00000 0.00000 0.00000 0.00000 0.00000 0.00000 0.00000 0.00000 0.00000 0.00000 0.00000 0.00000 0.00000 0.00000 0.00000 0.00000 0.00000 0.00000 0.00000 0.00000 0.00000 0.00000 0.00000 0.00000 0.00000 0.00000 0.00000 0.00000 0.00000 0.00000 0.00000 0.00000 0.00000 0.00000 0.00000 0.00000 0.00000 0.00000 0.00000 0.00000 0.00872 0.02643 0.04322 0.06074 0.08047 0.09938 0.11461 0.13243 0.15457 0.17483 0.18130 0.18420 0.19278 0.19780 0.19686 0.19957 0.20678 0.21214 0.21372 0.21542 0.21490 0.21515 0.21658 0.21118 0.20947
0.00000 0.00000 0.00000 0.00000 0.00000 0.00000 0.00000 0.00000 0.00000 0.00000 0.00000 0.00000 0.00000 0.00000 0.00000 0.00000 0.00000 0.00000 0.00000 0.00000 0.00000 0.00000 0.00000 0.00000 0.00000 0.00000 0.00000 0.00000 0.00000 0.00000 0.00000 0.00000 0.00000 0.00000 0.00000 0.00000 0.00000 0.00000 0.00000 0.00000 0.00000 0.00000 0.00000 0.00000 0.00000 0.00000 0.00000 0.00000 0.00000 0.00000 0.00000 0.00000 0.00000 0.00000 0.00000 0.00000 0.00000 0.00000 0.00000 0.00000 0.00000 0.00000 0.00000 0.00000 0.00000 0.00979 0.02902 0.04860 0.06890 0.08967 0.10860 0.12930 0.15107 0.17176 0.19004 0.20367 0.20679 0.20675 0.20660 0.21191 0.21354 0.21197 0.21356 0.22073 0.21820 0.21400 0.21400 0.21932 0.21701 0.21280
0.00000 0.00000 0.00000 0.00000 0.00000 0.00000 0.00000 0.00000 0.00000 0.00000 0.00000 0.00000 0.00000 0.00000 0.00000 0.00000 0.00000 0.00000 0.00000 0.00000 0.00000 0.00000 0.00000 0.00000 0.00000 0.00000 0.00000 0.00000 0.00000 0.00000 0.00000 0.00000 0.00000 0.00000 0.00000 0.00000 0.00000 0.00000 0.00000 0.00000 0.00000 0.00000 0.00000 0.00000 0.00000 0.00000 0.00000 0.00000 0.00000 0.00000 0.00000 0.00000 0.00000 0.00000 0.00000 0.00000 0.00000 0.00000 0.00000 0.00000 0.00000 0.00000 0.00000 0.00000 0.00000 0.00966 0.02886 0.04926 0.06921 0.08778 0.10744 0.13122 0.15168 0.16853 0.18821 0.20602 0.20713 0.20397 0.20426 0.21267 0.21306 0.21118 0.21255 0.21649 0.21912 0.21967 0.21830 0.21810 0.21802 0.21879
0.00000 0.00000 0.00000 0.00000 0.00000 0.00000 0.00000 0.00000 0.00000 0.00000 0.00000 0.00000 0.00000 0.00000 0.00000 0.00000 0.00000 0.00000 0.00000 0.00000 0.00000 0.00000 0.00000 0.00000 0.00000 0.00000 0.00000 0.00000 0.00000 0.00000 0.00000 0.00000 0.00000 0.00000 0.00000 0.00000 0.00000 0.00000 0.00000 0.00000 0.00000 0.00000 0.00000 0.00000 0.00000 0.00000 0.00000 0.00000 0.00000 0.00000 0.00000 0.00000 0.00000 0.00000 0.00000 0.00000 0.00000 0.00000 0.00000 0.00000 0.00000 0.00000 0.00000 0.00000 0.00000 0.00858 0.02598 0.04427 0.06095 0.07884 0.09676 0.11752 0.13265 0.15158 0.17071 0.18488 0.18374 0.18971 0.19437 0.19870 0.19876 0.20642 0.20994 0.21216 0.21429 0.22010 0.21535 0.20905 0.20558 0.20714
0.00000 0.00000 0.00000 0.00000 0.00000 0.00000 0.00000 0.00000 0.00000 0.00000 0.00000 0.00000 0.00000 0.00000 0.00000 0.00000 0.00000 0.00000 0.00000 0.00000 0.00000 0.00000 0.00000 0.00000 0.00000 0.00000 0.00000 0.00000 0.00000 0.00000 0.00000 0.00000 0.00000 0.00000 0.00000 0.00000 0.00000 0.00000 0.00000 0.00000 0.00000 0.00000 0.00000 0.00000 0.00000 0.00000 0.00000 0.00000 0.00000 0.00000 0.00000 0.00000 0.00000 0.00000 0.00000 0.00000 0.00000 0.00000 0.00000 0.00000 0.00000 0.00000 0.00000 0.00000 0.00000 0.00756 0.02278 0.03837 0.05314 0.07051 0.08497 0.10088 0.11541 0.13624 0.14970 0.15976 0.16313 0.17618 0.17846 0.18253 0.18694 0.19884 0.20277 0.20754 0.21458 0.21713 0.21259 0.20729 0.20245 0.19757
0.00000 0.00000 0.00000 0.00000 0.00000 0.00000 0.00000 0.00000 0.00000 0.00000 0.00000 0.00000 0.00000 0.00000 0.00000 0.00000 0.00000 0.00000 0.00000 0.00000 0.00000 0.00000 0.00000 0.00000 0.00000 0.00000 0.00000 0.00000 0.00000 0.00000 0.00000 0.00000 0.00000 0.00000 0.00000 0.00000 0.00000 0.00000 0.00000 0.00000 0.00000 0.00000 0.00000 0.00000 0.00000 0.00000 0.00000 0.00000 0.00000 0.00000 0.00000 0.00000 0.00000 0.00000 0.00000 0.00000 0.00000 0.00000 0.00000 0.00000 0.00000 0.00000 0.00000 0.00000 0.00000 0.00657 0.01956 0.03317 0.04573 0.06126 0.07300 0.08761 0.09961 0.11816 0.12785 0.14038 0.14642 0.15931 0.16186 0.17224 0.17971 0.19037 0.19452 0.20571 0.21472 0.21490 0.20610 0.20227 0.19466 0.18674
0.00000 0.00000 0.00000 0.00000 0.00000 0.00000 0.00000 0.00000 0.00000 0.00000 0.00000 0.00000 0.00000 0.00000 0.00000 0.00000 0.00000 0.00000 0.00000 0.00000 0.00000 0.00000 0.00000 0.00000 0.00000 0.00000 0.00000 0.00000 0.00000 0.00000 0.00000 0.00000 0.00000 0.00000 0.00000 0.00000 0.00000 0.00000 0.00000 0.00000 0.00000 0.00000 0.00000 0.00000 0.00000 0.00000 0.00000 0.00000 0.00000 0.00000 0.00000 0.00000 0.00000 0.00000 0.00000 0.00000 0.00000 0.00000 0.00000 0.00000 0.00000 0.00000 0.00000 0.00000 0.00000 0.00559 0.01632 0.02805 0.03814 0.05131 0.06073 0.07465 0.08309 0.09817 0.10596 0.12155 0.12672 0.14015 0.14493 0.16113 0.16766 0.17926 0.18809 0.20261 0.21306 0.21359 0.20496 0.19734 0.18873 0.17746
