0.00000 0.00000 0.00000 0.00000 0.00000 0.00000 0.00000 0.00000 0.00000 0.00000 0.00000 0.00000 0.00000 0.00000 0.00000 0.00000 0.00000 0.00000 0.00000 0.00000 0.00000 0.00000 0.00000 0.00000 0.00000 0.00000 0.00000 0.00000 0.00000 0.00000 0.00000 0.00000 0.00000 0.00000 0.00000 0.00000 0.00000 0.00000 0.00000 0.00000 0.00000 0.00000 0.00000 0.00000 0.00000 0.00000 0.00000 0.00000 0.00000 0.00000 0.00000 0.00000 0.00000 0.00000 0.00000 0.00000 0.00000 0.00000 0.00000 0.00000 0.00000 0.00000 0.00000 0.00000 0.00000 0.00000 0.00000 0.00000 0.00000 0.00000 0.00000 0.00000 0.00000 0.00000 0.00000 0.00000 0.00000 0.00000 0.00000 0.00000 0.00000 0.00000 0.00000 0.00000 0.00000 0.00000 0.00000 0.00000 0.00000 0.00000
0.00000 0.00000 0.00000 0.00000 0.00000 0.00000 0.00000 0.00000 0.00000 0.00000 0.00000 0.00000 0.00000 0.00000 0.00000 0.00000 0.00000 0.00000 0.00000 0.00000 0.00000 0.00000 0.00000 0.00000 0.00000 0.00000 0.00000 0.00000 0.00000 0.00000 0.00000 0.00000 0.00000 0.00000 0.00000 0.00000 0.00000 0.00000 0.00000 0.00000 0.00000 0.00000 0.00000 0.00000 0.00000 0.00000 0.00000 0.00000 0.00000 0.00000 0.00000 0.00000 0.00000 0.00000 0.00000 0.00000 0.00000 0.00000 0.00000 0.00000 0.00000 0.00000 0.00000 0.00000 0.00000 0.00000 0.00000 0.00000 0.00000 0.00000 0.00000 0.00000 0.00000 0.00000 0.00000 0.00000 0.00000 0.00000 0.00000 0.00000 0.00000 0.00000 0.00000 0.00000 0.00000 0.00000 0.00000 0.00000 0.00000 0.00000
0.00000 0.00000 0.00000 0.00000 0.00000 0.00000 0.00000 0.00000 0.00000 0.00000 0.00000 0.00000 0.00000 0.00000 0.00000 0.00000 0.00000 0.00000 0.00000 0.00000 0.00000 0.00000 0.00000 0.00000 0.00000 0.00000 0.00000 0.00000 0.00000 0.00000 0.00000 0.00000 0.00000 0.00000 0.00000 0.00000 0.00000 0.00000 0.00000 0.00000 0.00000 0.00000 0.00000 0.00000 0.00000 0.00000 0.00000 0.00000 0.00000 0.00000 0.00000 0.00000 0.00000 0.00000 0.00000 0.00000 0.00000 0.00000 0.00000 0.00000 0.00000 0.00000 0.00000 0.00000 0.00000 0.00000 0.00000 0.00000 0.00000 0.00000 0.00000 0.00000 0.00000 0.00000 0.00000 0.00000 0.00000 0.00000 0.00000 0.00000 0.00000 0.00000 0.00000 0.00000 0.00000 0.00000 0.00000 0.00000 0.00000 0.00000
0.00000 0.00000 0.00000 0.00000 0.00000 0.00000 0.00000 0.00000 0.00000 0.00000 0.00000 0.00000 0.00000 0.00000 0.00000 0.00000 0.00000 0.00000 0.00000 0.00000 0.00000 0.00000 0.00000 0.00000 0.00000 0.00000 0.00000 0.00000 0.00000 0.00000 0.00000 0.00000 0.00000 0.00000 0.00000 0.00000 0.00000 0.00000 0.00000 0.00000 0.00000 0.00000 0.00000 0.00000 0.00000 0.00000 0.00000 0.00000 0.00000 0.00000 0.00000 0.00000 0.00000 0.00000 0.00000 0.00000 0.00000 0.00000 0.00000 0.00000 0.00000 0.00000 0.00000 0.00000 0.00000 0.00000 0.00000 0.00000 0.00000 0.00000 0.00000 0.00000 0.00000 0.00000 0.00000 0.00000 0.00000 0.00000 0.00000 0.00000 0.00000 0.00000 0.00000 0.00000 0.00000 0.00000 0.00000 0.00000 0.00000 0.00000
0.00000 0.00000 0.00000 0.00000 0.00000 0.00000 0.00000 0.00000 0.00000 0.00000 0.00000 0.00000 0.00000 0.00000 0.00000 0.00000 0.00000 0.00000 0.00000 0.00000 0.00000 0.00000 0.00000 0.00000 0.00000 0.00000 0.00000 0.00000 0.00000 0.00000 0.00000 0.00000 0.00000 0.00000 0.00000 0.00000 0.00000 0.00000 0.00000 0.00000 0.00000 0.00000 0.00000 0.00000 0.00000 0.00000 0.00000 0.00000 0.00000 0.00000 0.00000 0.00000 0.00000 0.00000 0.00000 0.00000 0.00000 0.00000 0.00000 0.00000 0.00000 0.00000 0.00000 0.00000 0.00000 0.00000 0.00000 0.00000 0.00000 0.00000 0.00000 0.00000 0.00000 0.00000 0.00000 0.00000 0.00000 0.00000 0.00000 0.00000 0.00000 0.00000 0.00000 0.00000 0.00000 0.00000 0.00000 0.00000 0.00000 0.00000
0.00000 0.00000 0.00000 0.00000 0.00000 0.00000 0.00000 0.00000 0.00000 0.00000 0.00000 0.00000 0.00000 0.00000 0.00000 0.00000 0.00000 0.00000 0.00000 0.00000 0.00000 0.00000 0.00000 0.00000 0.00000 0.00000 0.00000 0.00000 0.00000 0.00000 0.00000 0.00000 0.00000 0.00000 0.00000 0.00000 0.00000 0.00000 0.00000 0.00000 0.00000 0.00000 0.00000 0.00000 0.00000 0.00000 0.00000 0.00000 0.00000 0.00000 0.00000 0.00000 0.00000 0.00000 0.00000 0.00000 0.00000 0.00000 0.00000 0.00000 0.00000 0.00000 0.00000 0.00000 0.00000 0.00000 0.00000 0.00000 0.00000 0.00000 0.00000 0.00000 0.00000 0.00000 0.00000 0.00000 0.00000 0.00000 0.00000 0.00000 0.00000 0.00000 0.00000 0.00000 0.00000 0.00000 0.00000 0.00000 0.00000 0.00000
0.00000 0.00000 0.00000 0.00000 0.00000 0.00000 0.00000 0.00000 0.00000 0.00000 0.00000 0.00000 0.00000 0.00000 0.00000 0.00000 0.00000 0.00000 0.00000 0.00000 0.00000 0.00000 0.00000 0.00000 0.00000 0.00000 0.00000 0.00000 0.00000 0.00000 0.00000 0.00000 0.00000 0.00000 0.00000 0.00000 0.00000 0.00000 0.00000 0.00000 0.00000 0.00000 0.00000 0.00000 0.00000 0.00000 0.00000 0.00000 0.00000 0.00000 0.00000 0.00000 0.00000 0.00000 0.00000 0.00000 0.00000 0.00000 0.00000 0.00000 0.00000 0.00000 0.00000 0.00000 0.00000 0.00000 0.00000 0.00000 0.00000 0.00000 0.00000 0.00000 0.00000 0.00000 0.00000 0.00000 0.00000 0.00000 0.00000 0.00000 0.00000 0.00000 0.00000 0.00000 0.00000 0.00000 0.00000 0.00000 0.00000 0.00000
0.00000 0.00000 0.00000 0.00000 0.00000 0.00000 0.00000 0.00000 0.00000 0.00000 0.00000 0.00000 0.00000 0.00000 0.00000 0.00000 0.00000 0.00000 0.00000 0.00000 0.00000 0.00000 0.00000 0.00000 0.00000 0.00000 0.00000 0.00000 0.00000 0.00000 0.00000 0.00000 0.00000 0.00000 0.00000 0.00000 0.00000 0.00000 0.00000 0.00000 0.00000 0.00000 0.00000 0.00000 0.00000 0.00000 0.00000 0.00000 0.00000 0.00000 0.00000 0.00000 0.00000 0.00000 0.00000 0.00000 0.00000 0.00000 0.00000 0.00000 0.00000 0.00000 0.00000 0.00000 0.00000 0.00000 0.00000 0.00000 0.00000 0.00000 0.00000 0.00000 0.00000 0.00000 0.00000 0.00000 0.00000 0.00000 0.00000 0.00000 0.00000 0.00000 0.00000 0.00000 0.00000 0.00000 0.00000 0.00000 0.00000 0.00000
0.00000 0.00000 0.00000 0.00000 0.00000 0.00000 0.00000 0.00000 0.00000 0.00000 0.00000 0.00000 0.00000 0.00000 0.00000 0.00000 0.00000 0.00000 0.00000 0.00000 0.00000 0.00000 0.00000 0.00000 0.00000 0.00000 0.00000 0.00000 0.00000 0.00000 0.00000 0.00000 0.00000 0.00000 0.00000 0.00000 0.00000 0.00000 0.00000 0.00000 0.00000 0.00000 0.00000 0.00000 0.00000 0.00000 0.00000 0.00000 0.00000 0.00000 0.00000 0.00000 0.00000 0.00000 0.00000 0.00000 0.00000 0.00000 0.00000 0.00000 0.00000 0.00000 0.00000 0.00000 0.00000 0.00000 0.00000 0.00000 0.00000 0.00000 0.00000 0.00000 0.00000 0.00000 0.00000 0.00000 0.00000 0.00000 0.00000 0.00000 0.00000 0.00000 0.00000 0.00000 0.00000 0.00000 0.00000 0.00000 0.00000 0.00000
0.00000 0.00000 0.00000 0.00000 0.00000 0.00000 0.00000 0.00000 0.00000 0.00000 0.00000 0.00000 0.00000 0.00000 0.00000 0.00000 0.00000 0.00000 0.00000 0.00000 0.00000 0.00000 0.00000 0.00000 0.00000 0.00000 0.00000 0.00000 0.00000 0.00000 0.00000 0.00000 0.00000 0.00000 0.00000 0.00000 0.00000 0.00000 0.00000 0.00000 0.00000 0.00000 0.00000 0.00000 0.00000 0.00000 0.00000 0.00000 0.00000 0.00000 0.00000 0.00000 0.00000 0.00000 0.00000 0.00000 0.00000 0.00000 0.00000 0.00000 0.00000 0.00000 0.00000 0.00000 0.00000 0.00000 0.00000 0.00000 0.00000 0.00000 0.00000 0.00000 0.00000 0.00000 0.00000 0.00000 0.00000 0.00000 0.00000 0.00000 0.00000 0.00000 0.00000 0.00000 0.00000 0.00000 0.00000 0.00000 0.00000 0.00000
0.00000 0.00000 0.00000 0.00000 0.00000 0.00000 0.00000 0.00000 0.00000 0.00000 0.00000 0.00000 0.00000 0.00000 0.00000 0.00000 0.00000 0.00000 0.00000 0.00000 0.00000 0.00000 0.00000 0.00000 0.00000 0.00000 0.00000 0.00000 0.00000 0.00000 0.00000 0.00000 0.00000 0.00000 0.00000 0.00000 0.00000 0.00000 0.00000 0.00000 0.00000 0.00000 0.00000 0.00000 0.00000 0.00000 0.00000 0.00000 0.00000 0.00000 0.00000 0.00000 0.00000 0.00000 0.00000 0.00000 0.00000 0.00000 0.00000 0.00000 0.00000 0.00000 0.00000 0.00000 0.00000 0.00000 0.00000 0.00000 0.00000 0.00000 0.00000 0.00000 0.00000 0.00000 0.00000 0.00000 0.00000 0.00000 0.00000 0.00000 0.00000 0.00000 0.00000 0.00000 0.00000 0.00000 0.00000 0.00000 0.00000 0.00000
0.00000 0.00000 0.00000 0.00000 0.00000 0.00000 0.00000 0.00000 0.00000 0.00000 0.00000 0.00000 0.00000 0.00000 0.00000 0.00000 0.00000 0.00000 0.00000 0.00000 0.00000 0.00000 0.00000 0.00000 0.00000 0.00000 0.00000 0.00000 0.00000 0.00000 0.00000 0.00000 0.00000 0.00000 0.00000 0.00000 0.00000 0.00000 0.00000 0.00000 0.00000 0.00000 0.00000 0.00000 0.00000 0.00000 0.00000 0.00000 0.00000 0.00000 0.00000 0.00000 0.00000 0.00000 0.00000 0.00000 0.00000 0.00000 0.00000 0.00000 0.00000 0.00000 0.00000 0.00000 0.00000 0.00000 0.00000 0.00000 0.00000 0.00000 0.00000 0.00000 0.00000 0.00000 0.00000 0.00000 0.00000 0.00000 0.00000 0.00000 0.00000 0.00000 0.00000 0.00000 0.00000 0.00000 0.00000 0.00000 0.00000 0.00000
0.00000 0.00000 0.00000 0.00000 0.00000 0.00000 0.00000 0.00000 0.00000 0.00000 0.00000 0.00000 0.00000 0.00000 0.00000 0.00000 0.00000 0.00000 0.00000 0.00000 0.00000 0.00000 0.00000 0.00000 0.00000 0.00000 0.00000 0.00000 0.00000 0.00000 0.00000 0.00000 0.00000 0.00000 0.00000 0.00000 0.00000 0.00000 0.00000 0.00000 0.00000 0.00000 0.00000 0.00000 0.00000 0.00000 0.00000 0.00000 0.00000 0.00000 0.00000 0.00000 0.00000 0.00000 0.00000 0.00000 0.00000 0.00000 0.00000 0.00000 0.00000 0.00000 0.00000 0.00000 0.00000 0.00000 0.00000 0.00000 0.00000 0.00000 0.00000 0.00000 0.00000 0.00000 0.00000 0.00000 0.00000 0.00000 0.00000 0.00000 0.00000 0.00000 0.00000 0.00000 0.00000 0.00000 0.00000 0.00000 0.00000 0.00000
0.00000 0.00000 0.00000 0.00000 0.00000 0.00000 0.00000 0.00000 0.00000 0.00000 0.00000 0.00000 0.00000 0.00000 0.00000 0.00000 0.00000 0.00000 0.00000 0.00000 0.00000 0.00000 0.00000 0.00000 0.00000 0.00000 0.00000 0.00000 0.00000 0.00000 0.00000 0.00000 0.00000 0.00000 0.00000 0.00000 0.00000 0.00000 0.00000 0.00000 0.00000 0.00000 0.00000 0.00000 0.00000 0.00000 0.00000 0.00000 0.00000 0.00000 0.00000 0.00000 0.00000 0.00000 0.00000 0.00000 0.00000 0.00000 0.00000 0.00000 0.00000 0.00000 0.00000 0.00000 0.00000 0.00000 0.00000 0.00000 0.00000 0.00000 0.00000 0.00000 0.00000 0.00000 0.00000 0.00000 0.00000 0.00000 0.00000 0.00000 0.00000 0.00000 0.00000 0.00000 0.00000 0.00000 0.00000 0.00000 0.00000 0.00000
0.00000 0.00000 0.00000 0.00000 0.00000 0.00000 0.00000 0.00000 0.00000 0.00000 0.00000 0.00000 0.00000 0.00000 0.00000 0.00000 0.00000 0.00000 0.00000 0.00000 0.00000 0.00000 0.00000 0.00000 0.00000 0.00000 0.00000 0.00000 0.00000 0.00000 0.00000 0.00000 0.00000 0.00000 0.00000 0.00000 0.00000 0.00000 0.00000 0.00000 0.00000 0.00000 0.00000 0.00000 0.00000 0.00000 0.00000 0.00000 0.00000 0.00000 0.00000 0.00000 0.00000 0.00000 0.00000 0.00000 0.00000 0.00000 0.00000 0.00000 0.00000 0.00000 0.00000 0.00000 0.00000 0.00000 0.00000 0.00000 0.00000 0.00000 0.00000 0.00000 0.00000 0.00000 0.00000 0.00000 0.00000 0.00000 0.00000 0.00000 0.00000 0.00000 0.00000 0.00000 0.00000 0.00000 0.00000 0.00000 0.00000 0.00000
0.00000 0.00000 0.00000 0.00000 0.00000 0.00000 0.00000 0.00000 0.00000 0.00000 0.00000 0.00000 0.00000 0.00000 0.00000 0.00000 0.00000 0.00000 0.00000 0.00000 0.00000 0.00000 0.00000 0.00000 0.00000 0.00000 0.00000 0.00000 0.00000 0.00000 0.00000 0.00000 0.00000 0.00000 0.00000 0.00000 0.00000 0.00000 0.00000 0.00000 0.00000 0.00000 0.00000 0.00000 0.00000 0.00186 0.00559 0.00939 0.01312 0.01676 0.02052 0.02445 0.02811 0.03171 0.03550 0.03562 0.03183 0.02807 0.02435 0.02060 0.01683 0.01313 0.00939 0.00563 0.00187 0.00000 0.00000 0.00000 0.00000 0.00000 0.00000 0.00000 0.00000 0.00000 0.00000 0.00000 0.00000 0.00000 0.00000 0.00000 0.00000 0.00000 0.00000 0.00000 0.00000 0.00000 0.00000 0.00000 0.00000 0.00000
0.00000 0.00000 0.00000 0.00000 0.00000 0.00000 0.00000 0.00000 0.00000 0.00000 0.00000 0.00000 0.00000 0.00000 0.00000 0.00000 0.00000 0.00000 0.00000 0.00000 0.00000 0.00000 0.00000 0.00000 0.00000 0.00000 0.00000 0.00000 0.00000 0.00000 0.00000 0.00000 0.00000 0.00000 0.00000 0.00000 0.00000 0.00000 0.00000 0.00000 0.00000 0.00000 0.00000 0.00000 0.00000 0.00560 0.01680 0.02809 0.03931 0.05047 0.06174 0.07298 0.08413 0.09540 0.10673 0.10678 0.09552 0.08412 0.07301 0.06190 0.05070 0.03923 0.02806 0.01691 0.00564 0.00000 0.00000 0.00000 0.00000 0.00000 0.00000 0.00000 0.00000 0.00000 0.00000 0.00000 0.00000 0.00000 0.00000 0.00000 0.00000 0.00000 0.00000 0.00000 0.00000 0.00000 0.00000 0.00000 0.00000 0.00000
0.00000 0.00000 0.00000 0.00000 0.00000 0.00000 0.00000 0.00000 0.00000 0.00000 0.00000 0.00000 0.00000 0.00000 0.00000 0.00000 0.00000 0.00000 0.00000 0.00000 0.00000 0.00000 0.00000 0.00000 0.00000 0.00000 0.00000 0.00000 0.00000 0.00000 0.00000 0.00000 0.00000 0.00000 0.00000 0.00000 0.00000 0.00000 0.00000 0.00000 0.00000 0.00000 0.00000 0.00000 0.00000 0.00937 0.02811 0.04652 0.06523 0.08450 0.10297 0.12103 0.14004 0.15962 0.17782 0.17745 0.15903 0.14045 0.12160 0.10298 0.08434 0.06554 0.04674 0.02813 0.00939 0.00000 0.00000 0.00000 0.00000 0.00000 0.00000 0.00000 0.00000 0.00000 0.00000 0.00000 0.00000 0.00000 0.00000 0.00000 0.00000 0.00000 0.00000 0.00000 0.00000 0.00000 0.00000 0.00000 0.00000 0.00000
0.00000 0.00000 0.00000 0.00000 0.00000 0.00000 0.00000 0.00000 0.00000 0.00000 0.00000 0.00000 0.00000 0.00000 0.00000 0.00000 0.00000 0.00000 0.00000 0.00000 0.00000 0.00000 0.00000 0.00000 0.00000 0.00000 0.00000 0.00000 0.00000 0.00000 0.00000 0.00000 0.00000 0.00000 0.00000 0.00000 0.00000 0.00000 0.00000 0.00000 0.00000 0.00000 0.00000 0.00000 0.00000 0.01311 0.03930 0.06530 0.09150 0.11797 0.14400 0.17004 0.19638 0.22272 0.24883 0.24867 0.22260 0.19664 0.17062 0.14393 0.11784 0.09188 0.06573 0.03924 0.01310 0.00000 0.00000 0.00000 0.00000 0.00000 0.00000 0.00000 0.00000 0.00000 0.00000 0.00000 0.00000 0.00000 0.00000 0.00000 0.00000 0.00000 0.00000 0.00000 0.00000 0.00000 0.00000 0.00000 0.00000 0.00000
0.00000 0.00000 0.00000 0.00000 0.00000 0.00000 0.00000 0.00000 0.00000 0.00000 0.00000 0.00000 0.00000 0.00000 0.00000 0.00000 0.00000 0.00000 0.00000 0.00000 0.00000 0.00000 0.00000 0.00000 0.00000 0.00000 0.00000 0.00000 0.00000 0.00000 0.00000 0.00000 0.00000 0.00000 0.00000 0.00000 0.00000 0.00000 0.00000 0.00000 0.00000 0.00000 0.00000 0.00000 0.00000 0.01677 0.05038 0.08432 0.11792 0.15072 0.18471 0.21938 0.25259 0.28509 0.31940 0.32017 0.28622 0.25228 0.21889 0.18532 0.15150 0.11793 0.08430 0.05058 0.01684 0.00000 0.00000 0.00000 0.00000 0.00000 0.00000 0.00000 0.00000 0.00000 0.00000 0.00000 0.00000 0.00000 0.00000 0.00000 0.00000 0.00000 0.00000 0.00000 0.00000 0.00000 0.00000 0.00000 0.00000 0.00000
0.00000 0.00000 0.00000 0.00000 0.00000 0.00000 0.00000 0.00000 0.00000 0.00000 0.00000 0.00000 0.00000 0.00000 0.00000 0.00000 0.00000 0.00000 0.00000 0.00000 0.00000 0.00000 0.00000 0.00000 0.00000 0.00000 0.00000 0.00000 0.00000 0.00000 0.00000 0.00000 0.00000 0.00000 0.00000 0.00000 0.00000 0.00000 0.00000 0.00000 0.00000 0.00000 0.00000 0.00000 0.00000 0.02050 0.06154 0.10295 0.14388 0.18463 0.22613 0.26759 0.30829 0.34928 0.39069 0.39092 0.34988 0.30845 0.26725 0.22652 0.18561 0.14391 0.10283 0.06186 0.02063 0.00000 0.00000 0.00000 0.00000 0.00000 0.00000 0.00000 0.00000 0.00000 0.00000 0.00000 0.00000 0.00000 0.00000 0.00000 0.00000 0.00000 0.00000 0.00000 0.00000 0.00000 0.00000 0.00000 0.00000 0.00000
0.00000 0.00000 0.00000 0.00000 0.00000 0.00000 0.00000 0.00000 0.00000 0.00000 0.00000 0.00000 0.00000 0.00000 0.00000 0.00000 0.00000 0.00000 0.00000 0.00000 0.00000 0.00000 0.00000 0.00000 0.00000 0.00000 0.00000 0.00000 0.00000 0.00000 0.00000 0.00000 0.00000 0.00000 0.00000 0.00000 0.00000 0.00000 0.00000 0.00000 0.00000 0.00000 0.00000 0.00000 0.00000 0.02431 0.07291 0.12115 0.16973 0.21897 0.26755 0.31436 0.36364 0.41344 0.46216 0.46028 0.41248 0.36494 0.31609 0.26706 0.21878 0.17048 0.12158 0.07294 0.02434 0.00000 0.00000 0.00000 0.00000 0.00000 0.00000 0.00000 0.00000 0.00000 0.00000 0.00000 0.00000 0.00000 0.00000 0.00000 0.00000 0.00000 0.00000 0.00000 0.00000 0.00000 0.00000 0.00000 0.00000 0.00000
0.00000 0.00000 0.00000 0.00000 0.00000 0.00000 0.00000 0.00000 0.00000 0.00000 0.00000 0.00000 0.00000 0.00000 0.00000 0.00000 0.00000 0.00000 0.00000 0.00000 0.00000 0.00000 0.00000 0.00000 0.00000 0.00000 0.00000 0.00000 0.00000 0.00000 0.00000 0.00000 0.00000 0.00000 0.00000 0.00000 0.00000 0.00000 0.00000 0.00000 0.00000 0.00000 0.00000 0.00000 0.00000 0.02806 0.08401 0.13963 0.19607 0.25251 0.30776 0.36354 0.42060 0.47645 0.53213 0.53237 0.47634 0.42029 0.36458 0.30844 0.25217 0.19644 0.14039 0.08408 0.02806 0.00000 0.00000 0.00000 0.00000 0.00000 0.00000 0.00000 0.00000 0.00000 0.00000 0.00000 0.00000 0.00000 0.00000 0.00000 0.00000 0.00000 0.00000 0.00000 0.00000 0.00000 0.00000 0.00000 0.00000 0.00000
0.00000 0.00000 0.00000 0.00000 0.00000 0.00000 0.00000 0.00000 0.00000 0.00000 0.00000 0.00000 0.00000 0.00000 0.00000 0.00000 0.00000 0.00000 0.00000 0.00000 0.00000 0.00000 0.00000 0.00000 0.00000 0.00000 0.00000 0.00000 0.00000 0.00000 0.00000 0.00000 0.00000 0.00000 0.00000 0.00000 0.00000 0.00000 0.00000 0.00000 0.00000 0.00000 0.00000 0.00000 0.00000 0.03174 0.09507 0.15869 0.22255 0.28519 0.34822 0.41327 0.47718 0.53810 0.60167 0.60434 0.54060 0.47490 0.41232 0.35029 0.28598 0.22198 0.15890 0.09555 0.03178 0.00000 0.00000 0.00000 0.00000 0.00000 0.00000 0.00000 0.00000 0.00000 0.00000 0.00000 0.00000 0.00000 0.00000 0.00000 0.00000 0.00000 0.00000 0.00000 0.00000 0.00000 0.00000 0.00000 0.00000 0.00000
0.00000 0.00000 0.00000 0.00000 0.00000 0.00000 0.00000 0.00000 0.00000 0.00000 0.00000 0.00000 0.00000 0.00000 0.00000 0.00000 0.00000 0.00000 0.00000 0.00000 0.00000 0.00000 0.00000 0.00000 0.00000 0.00000 0.00000 0.00000 0.00000 0.00000 0.00000 0.00000 0.00000 0.00000 0.00000 0.00000 0.00000 0.00000 0.00000 0.00000 0.00000 0.00000 0.00000 0.00000 0.00000 0.03532 0.10629 0.17762 0.24772 0.31817 0.39051 0.46119 0.53099 0.60243 0.67440 0.67317 0.60240 0.53267 0.46136 0.38996 0.31918 0.24855 0.17767 0.10659 0.03548 0.00000 0.00000 0.00000 0.00000 0.00000 0.00000 0.00000 0.00000 0.00000 0.00000 0.00000 0.00000 0.00000 0.00000 0.00000 0.00000 0.00000 0.00000 0.00000 0.00000 0.00000 0.00000 0.00000 0.00000 0.00000
0.00000 0.00000 0.00000 0.00000 0.00000 0.00000 0.00000 0.00000 0.00000 0.00000 0.00000 0.00000 0.00000 0.00000 0.00000 0.00000 0.00000 0.00000 0.00000 0.00000 0.00000 0.00000 0.00000 0.00000 0.00000 0.00000 0.00000 0.00000 0.00000 0.00000 0.00000 0.00000 0.00000 0.00000 0.00000 0.00187 0.00560 0.00932 0.01306 0.01683 0.02052 0.02421 0.02799 0.03177 0.03540 0.07072 0.13831 0.20518 0.27168 0.33963 0.40805 0.47289 0.53898 0.60952 0.67683 0.67161 0.60147 0.53313 0.46129 0.38882 0.31915 0.24885 0.17736 0.10621 0.03552 0.00000 0.00000 0.00000 0.00000 0.00000 0.00000 0.00000 0.00000 0.00000 0.00000 0.00000 0.00000 0.00000 0.00000 0.00000 0.00000 0.00000 0.00000 0.00000 0.00000 0.00000 0.00000 0.00000 0.00000 0.00000
0.00000 0.00000 0.00000 0.00000 0.00000 0.00000 0.00000 0.00000 0.00000 0.00000 0.00000 0.00000 0.00000 0.00000 0.00000 0.00000 0.00000 0.00000 0.00000 0.00000 0.00000 0.00000 0.00000 0.00000 0.00000 0.00000 0.00000 0.00000 0.00000 0.00000 0.00000 0.00000 0.00000 0.00000 0.00000 0.00560 0.01676 0.02799 0.03932 0.05028 0.06137 0.07288 0.08406 0.09484 0.10608 0.13841 0.18989 0.24163 0.29489 0.34726 0.39802 0.45044 0.50431 0.55488 0.60672 0.60327 0.53953 0.47475 0.41147 0.34944 0.28600 0.22183 0.15832 0.09525 0.03181 0.00000 0.00000 0.00000 0.00000 0.00000 0.00000 0.00000 0.00000 0.00000 0.00000 0.00000 0.00000 0.00000 0.00000 0.00000 0.00000 0.00000 0.00000 0.00000 0.00000 0.00000 0.00000 0.00000 0.00000 0.00000
0.00000 0.00000 0.00000 0.00000 0.00000 0.00000 0.00000 0.00000 0.00000 0.00000 0.00000 0.00000 0.00000 0.00000 0.00000 0.00000 0.00000 0.00000 0.00000 0.00000 0.00000 0.00000 0.00000 0.00000 0.00000 0.00000 0.00000 0.00000 0.00000 0.00000 0.00000 0.00000 0.00000 0.00000 0.00000 0.00932 0.02797 0.04677 0.06529 0.08370 0.10257 0.12147 0.13969 0.15792 0.17742 0.20525 0.24164 0.27921 0.31782 0.35369 0.38956 0.42944 0.46685 0.50190 0.53878 0.53260 0.47565 0.41831 0.36344 0.30825 0.25167 0.19538 0.14004 0.08407 0.02796 0.00000 0.00000 0.00000 0.00000 0.00000 0.00000 0.00000 0.00000 0.00000 0.00000 0.00000 0.00000 0.00000 0.00000 0.00000 0.00000 0.00000 0.00000 0.00000 0.00000 0.00000 0.00000 0.00000 0.00000 0.00000
0.00000 0.00000 0.00000 0.00000 0.00000 0.00000 0.00000 0.00000 0.00000 0.00000 0.00000 0.00000 0.00000 0.00000 0.00000 0.00000 0.00000 0.00000 0.00000 0.00000 0.00000 0.00000 0.00000 0.00000 0.00000 0.00000 0.00000 0.00000 0.00000 0.00000 0.00000 0.00000 0.00000 0.00000 0.00000 0.01305 0.03929 0.06525 0.09110 0.11761 0.14392 0.16925 0.19513 0.22238 0.24780 0.27121 0.29437 0.31741 0.33830 0.36051 0.38446 0.40571 0.42740 0.45123 0.47397 0.45893 0.41073 0.36410 0.31554 0.26593 0.21732 0.16991 0.12153 0.07265 0.02417 0.00000 0.00000 0.00000 0.00000 0.00000 0.00000 0.00000 0.00000 0.00000 0.00000 0.00000 0.00000 0.00000 0.00000 0.00000 0.00000 0.00000 0.00000 0.00000 0.00000 0.00000 0.00000 0.00000 0.00000 0.00000
0.00000 0.00000 0.00000 0.00000 0.00000 0.00000 0.00000 0.00000 0.00000 0.00000 0.00000 0.00000 0.00000 0.00000 0.00000 0.00000 0.00000 0.00000 0.00000 0.00000 0.00000 0.00000 0.00000 0.00000 0.00000 0.00000 0.00000 0.00000 0.00000 0.00000 0.00000 0.00000 0.00000 0.00000 0.00000 0.01684 0.05036 0.08370 0.11746 0.15136 0.18433 0.21722 0.25196 0.28538 0.31779 0.33822 0.34746 0.35355 0.35973 0.36909 0.37681 0.38269 0.38953 0.39944 0.40602 0.38803 0.34803 0.30765 0.26620 0.22508 0.18457 0.14350 0.10234 0.06149 0.02054 0.00000 0.00000 0.00000 0.00000 0.00000 0.00000 0.00000 0.00000 0.00000 0.00000 0.00000 0.00000 0.00000 0.00000 0.00000 0.00000 0.00000 0.00000 0.00000 0.00000 0.00000 0.00000 0.00000 0.00000 0.00000
0.00000 0.00000 0.00000 0.00000 0.00000 0.00000 0.00000 0.00000 0.00000 0.00000 0.00000 0.00000 0.00000 0.00000 0.00000 0.00000 0.00000 0.00000 0.00000 0.00000 0.00000 0.00000 0.00000 0.00000 0.00000 0.00000 0.00000 0.00000 0.00000 0.00000 0.00000 0.00000 0.00000 0.00000 0.00000 0.02052 0.06139 0.10255 0.14387 0.18423 0.22469 0.26700 0.30761 0.34736 0.38867 0.40697 0.39786 0.38977 0.38401 0.37609 0.36765 0.36089 0.35436 0.34530 0.33788 0.31913 0.28510 0.25058 0.21704 0.18468 0.15115 0.11705 0.08350 0.05035 0.01680 0.00000 0.00000 0.00000 0.00000 0.00000 0.00000 0.00000 0.00000 0.00000 0.00000 0.00000 0.00000 0.00000 0.00000 0.00000 0.00000 0.00000 0.00000 0.00000 0.00000 0.00000 0.00000 0.00000 0.00000 0.00000
0.00000 0.00000 0.00000 0.00000 0.00000 0.00000 0.00000 0.00000 0.00000 0.00000 0.00000 0.00000 0.00000 0.00000 0.00000 0.00000 0.00000 0.00000 0.00000 0.00000 0.00000 0.00000 0.00000 0.00000 0.00000 0.00000 0.00000 0.00000 0.00000 0.00000 0.00000 0.00000 0.00000 0.00000 0.00000 0.02418 0.07270 0.12139 0.16943 0.21725 0.26677 0.31510 0.36231 0.41044 0.46108 0.47244 0.44878 0.42819 0.40637 0.38248 0.35967 0.33937 0.31617 0.29299 0.27139 0.24758 0.22117 0.19525 0.16940 0.14304 0.11710 0.09133 0.06521 0.03904 0.01301 0.00000 0.00000 0.00000 0.00000 0.00000 0.00000 0.00000 0.00000 0.00000 0.00000 0.00000 0.00000 0.00000 0.00000 0.00000 0.00000 0.00000 0.00000 0.00000 0.00000 0.00000 0.00000 0.00000 0.00000 0.00000
0.00000 0.00000 0.00000 0.00000 0.00000 0.00000 0.00000 0.00000 0.00000 0.00000 0.00000 0.00000 0.00000 0.00000 0.00000 0.00000 0.00000 0.00000 0.00000 0.00000 0.00000 0.00000 0.00000 0.00000 0.00000 0.00000 0.00000 0.00000 0.00000 0.00000 0.00000 0.00000 0.00000 0.00000 0.00000 0.02795 0.08404 0.13963 0.19499 0.25184 0.30759 0.36222 0.41790 0.47587 0.52993 0.53798 0.50257 0.46564 0.42689 0.38979 0.35412 0.31573 0.27814 0.24213 0.20476 0.17622 0.15782 0.13982 0.12091 0.10203 0.08353 0.06520 0.04660 0.02786 0.00928 0.00000 0.00000 0.00000 0.00000 0.00000 0.00000 0.00000 0.00000 0.00000 0.00000 0.00000 0.00000 0.00000 0.00000 0.00000 0.00000 0.00000 0.00000 0.00000 0.00000 0.00000 0.00000 0.00000 0.00000 0.00000
0.00000 0.00000 0.00000 0.00000 0.00000 0.00000 0.00000 0.00000 0.00000 0.00000 0.00000 0.00000 0.00000 0.00000 0.00000 0.00000 0.00000 0.00000 0.00000 0.00000 0.00000 0.00000 0.00000 0.00000 0.00000 0.00000 0.00000 0.00000 0.00000 0.00000 0.00000 0.00000 0.00000 0.00000 0.00000 0.03175 0.09500 0.15790 0.22185 0.28508 0.34744 0.41038 0.47582 0.53737 0.59904 0.60632 0.55524 0.50110 0.44842 0.39868 0.34569 0.29282 0.24138 0.18985 0.13733 0.10577 0.09485 0.08349 0.07240 0.06151 0.05020 0.03894 0.02786 0.01676 0.00558 0.00000 0.00000 0.00000 0.00000 0.00000 0.00000 0.00000 0.00000 0.00000 0.00000 0.00000 0.00000 0.00000 0.00000 0.00000 0.00000 0.00000 0.00000 0.00000 0.00000 0.00000 0.00000 0.00000 0.00000 0.00000
0.00000 0.00000 0.00000 0.00000 0.00000 0.00000 0.00000 0.00000 0.00000 0.00000 0.00000 0.00000 0.00000 0.00000 0.00000 0.00000 0.00000 0.00000 0.00000 0.00000 0.00000 0.00000 0.00000 0.00000 0.00000 0.00000 0.00000 0.00000 0.00000 0.00000 0.00000 0.00000 0.00000 0.00000 0.00000 0.03539 0.10586 0.17708 0.24779 0.31771 0.38804 0.46088 0.52992 0.59901 0.67113 0.67426 0.60495 0.53747 0.47300 0.40501 0.33721 0.27120 0.20474 0.13719 0.07044 0.03540 0.03157 0.02779 0.02416 0.02047 0.01672 0.01298 0.00929 0.00558 0.00186 0.00000 0.00000 0.00000 0.00000 0.00000 0.00000 0.00000 0.00000 0.00000 0.00000 0.00000 0.00000 0.00000 0.00000 0.00000 0.00000 0.00000 0.00000 0.00000 0.00000 0.00000 0.00000 0.00000 0.00000 0.00000
0.00000 0.00000 0.00000 0.00000 0.00000 0.00000 0.00000 0.00000 0.00000 0.00000 0.00000 0.00000 0.00000 0.00000 0.00000 0.00000 0.00000 0.00000 0.00000 0.00000 0.00000 0.00000 0.00000 0.00000 0.00000 0.00188 0.00560 0.00933 0.01308 0.01685 0.02055 0.02418 0.02795 0.03175 0.03544 0.07245 0.14340 0.21422 0.28454 0.35478 0.42706 0.49638 0.56549 0.63750 0.70980 0.70509 0.62975 0.55839 0.48321 0.40751 0.33374 0.26052 0.18546 0.11113 0.03716 0.00000 0.00000 0.00000 0.00000 0.00000 0.00000 0.00000 0.00000 0.00000 0.00000 0.00186 0.00557 0.00928 0.01301 0.01677 0.02043 0.02410 0.02792 0.03170 0.03527 0.03522 0.03168 0.02798 0.02413 0.02042 0.01677 0.01304 0.00932 0.00558 0.00186 0.00186 0.00559 0.00930 0.01300 0.01672
0.00000 0.00000 0.00000 0.00000 0.00000 0.00000 0.00000 0.00000 0.00000 0.00000 0.00000 0.00000 0.00000 0.00000 0.00000 0.00000 0.00000 0.00000 0.00000 0.00000 0.00000 0.00000 0.00000 0.00000 0.00000 0.00562 0.01679 0.02795 0.03928 0.05049 0.06147 0.07257 0.08402 0.09506 0.10592 0.14342 0.20680 0.26953 0.33245 0.39710 0.45920 0.52098 0.58521 0.65033 0.71063 0.70378 0.63247 0.55752 0.48152 0.40776 0.33499 0.25953 0.18506 0.11154 0.03715 0.00000 0.00000 0.00000 0.00000 0.00000 0.00000 0.00000 0.00000 0.00000 0.00000 0.00557 0.01670 0.02790 0.03905 0.05008 0.06121 0.07268 0.08380 0.09462 0.10580 0.10627 0.09485 0.08365 0.07262 0.06130 0.05007 0.03913 0.02798 0.01674 0.00556 0.00557 0.01677 0.02793 0.03890 0.04980
0.00000 0.00000 0.00000 0.00000 0.00000 0.00000 0.00000 0.00000 0.00000 0.00000 0.00000 0.00000 0.00000 0.00000 0.00000 0.00000 0.00000 0.00000 0.00000 0.00000 0.00000 0.00000 0.00000 0.00000 0.00000 0.00933 0.02804 0.04685 0.06543 0.08378 0.10248 0.12144 0.14010 0.15795 0.17664 0.21426 0.27013 0.32513 0.38171 0.43688 0.49179 0.54806 0.60573 0.65859 0.71268 0.70662 0.63194 0.55563 0.48142 0.40929 0.33383 0.25899 0.18554 0.11144 0.03703 0.00000 0.00000 0.00000 0.00000 0.00000 0.00000 0.00000 0.00000 0.00000 0.00000 0.00928 0.02786 0.04647 0.06491 0.08342 0.10225 0.12101 0.13909 0.15742 0.17673 0.17696 0.15764 0.13891 0.12096 0.10244 0.08368 0.06500 0.04638 0.02790 0.00930 0.00928 0.02787 0.04653 0.06511 0.08354
0.00000 0.00000 0.00000 0.00000 0.00000 0.00000 0.00000 0.00000 0.00000 0.00000 0.00000 0.00000 0.00000 0.00000 0.00000 0.00000 0.00000 0.00000 0.00000 0.00000 0.00000 0.00000 0.00000 0.00000 0.00000 0.01308 0.03933 0.06550 0.09129 0.11732 0.14376 0.16983 0.19535 0.22142 0.24778 0.28462 0.33263 0.38194 0.42950 0.47686 0.52567 0.57568 0.62157 0.66811 0.71941 0.70650 0.62975 0.55528 0.48355 0.40804 0.33280 0.25966 0.18584 0.11101 0.03700 0.00000 0.00000 0.00000 0.00000 0.00000 0.00000 0.00000 0.00000 0.00000 0.00000 0.01300 0.03904 0.06482 0.09072 0.11725 0.14320 0.16842 0.19440 0.22169 0.24733 0.24645 0.22077 0.19546 0.16879 0.14308 0.11735 0.09096 0.06480 0.03899 0.01304 0.01302 0.03887 0.06479 0.09108 0.11708
0.00000 0.00000 0.00000 0.00000 0.00000 0.00000 0.00000 0.00000 0.00000 0.00000 0.00000 0.00000 0.00000 0.00000 0.00000 0.00000 0.00000 0.00000 0.00000 0.00000 0.00000 0.00000 0.00000 0.00000 0.00000 0.01685 0.05046 0.08381 0.11746 0.15137 0.18508 0.21758 0.25090 0.28511 0.31935 0.35500 0.39557 0.43702 0.47760 0.51830 0.56050 0.59940 0.63870 0.68203 0.72362 0.70373 0.62899 0.55763 0.48237 0.40675 0.33338 0.26017 0.18516 0.11091 0.03710 0.00000 0.00000 0.00000 0.00000 0.00000 0.00000 0.00000 0.00000 0.00000 0.00000 0.01668 0.04999 0.08343 0.11698 0.15043 0.18340 0.21664 0.25073 0.28452 0.31693 0.31632 0.28417 0.25130 0.21707 0.18331 0.15041 0.11715 0.08350 0.05008 0.01675 0.01674 0.05006 0.08330 0.11697 0.15059
0.00000 0.00000 0.00000 0.00000 0.00000 0.00000 0.00000 0.00000 0.00000 0.00000 0.00000 0.00000 0.00000 0.00000 0.00000 0.00000 0.00000 0.00000 0.00000 0.00000 0.00000 0.00000 0.00000 0.00000 0.00000 0.02057 0.06154 0.10263 0.14385 0.18496 0.22542 0.26609 0.30740 0.34845 0.38884 0.42597 0.45931 0.49215 0.52583 0.56051 0.59207 0.62414 0.65944 0.69387 0.72418 0.70265 0.63180 0.55667 0.48073 0.40720 0.33448 0.25917 0.18469 0.11129 0.03710 0.00000 0.00000 0.00000 0.00000 0.00000 0.00000 0.00000 0.00000 0.00000 0.00000 0.02033 0.06100 0.10224 0.14307 0.18294 0.22360 0.26602 0.30652 0.34557 0.38659 0.38889 0.34727 0.30560 0.26519 0.22466 0.18332 0.14300 0.10237 0.06122 0.02035 0.02040 0.06142 0.10233 0.14288 0.18354
0.00000 0.00000 0.00000 0.00000 0.00000 0.00000 0.00000 0.00000 0.00000 0.00000 0.00000 0.00000 0.00000 0.00000 0.00000 0.00000 0.00000 0.00000 0.00000 0.00000 0.00000 0.00000 0.00000 0.00000 0.00000 0.02425 0.07286 0.12151 0.17006 0.21781 0.26592 0.31505 0.36428 0.41113 0.45806 0.49668 0.52365 0.54813 0.57416 0.59967 0.62458 0.65179 0.67902 0.70207 0.72653 0.70589 0.63113 0.55469 0.48091 0.40863 0.33342 0.25849 0.18519 0.11136 0.03699 0.00000 0.00000 0.00000 0.00000 0.00000 0.00000 0.00000 0.00000 0.00000 0.00000 0.02408 0.07234 0.12041 0.16837 0.21657 0.26519 0.31353 0.36105 0.40890 0.45783 0.45863 0.40961 0.36082 0.31319 0.26553 0.21700 0.16864 0.12072 0.07243 0.02405 0.02406 0.07256 0.12098 0.16872 0.21626
0.00000 0.00000 0.00000 0.00000 0.00000 0.00000 0.00000 0.00000 0.00000 0.00000 0.00000 0.00000 0.00000 0.00000 0.00000 0.00000 0.00000 0.00000 0.00000 0.00000 0.00000 0.00000 0.00000 0.00000 0.00000 0.02805 0.08411 0.14003 0.19584 0.25166 0.30751 0.36365 0.41924 0.47408 0.52994 0.56757 0.58581 0.60463 0.62193 0.63943 0.65919 0.67896 0.69487 0.71183 0.73347 0.70559 0.62873 0.55459 0.48269 0.40754 0.33231 0.25909 0.18556 0.11091 0.03692 0.00000 0.00000 0.00000 0.00000 0.00000 0.00000 0.00000 0.00000 0.00000 0.00000 0.02785 0.08356 0.13843 0.19387 0.25083 0.30629 0.35959 0.41561 0.47349 0.52887 0.52608 0.47166 0.41741 0.36163 0.30553 0.25019 0.19451 0.13877 0.08348 0.02787 0.02781 0.08334 0.13891 0.19506 0.25153
0.00000 0.00000 0.00000 0.00000 0.00000 0.00000 0.00000 0.00000 0.00000 0.00000 0.00000 0.00000 0.00000 0.00000 0.00000 0.00000 0.00000 0.00000 0.00000 0.00000 0.00000 0.00000 0.00000 0.00000 0.00000 0.03180 0.09514 0.15848 0.22172 0.28544 0.34933 0.41151 0.47337 0.53783 0.60289 0.63758 0.64632 0.65965 0.67031 0.68121 0.69336 0.70255 0.71212 0.72570 0.73727 0.70275 0.62833 0.55672 0.48181 0.40620 0.33279 0.25976 0.18500 0.11067 0.03702 0.00000 0.00000 0.00000 0.00000 0.00000 0.00000 0.00000 0.00000 0.00000 0.00000 0.03144 0.09428 0.15723 0.22038 0.28327 0.34582 0.40870 0.47202 0.53538 0.59789 0.59750 0.53475 0.47248 0.40945 0.34623 0.28332 0.22049 0.15734 0.09437 0.03156 0.03157 0.09440 0.15712 0.22128 0.28519
0.00000 0.00000 0.00000 0.00000 0.00000 0.00000 0.00000 0.00000 0.00000 0.00000 0.00000 0.00000 0.00000 0.00000 0.00000 0.00000 0.00000 0.00000 0.00000 0.00000 0.00000 0.00000 0.00000 0.00000 0.00000 0.03547 0.10642 0.17744 0.24801 0.31883 0.39009 0.45981 0.52987 0.60147 0.67241 0.70783 0.71059 0.71464 0.71890 0.72357 0.72494 0.72682 0.73286 0.73747 0.73809 0.70192 0.63075 0.55605 0.48016 0.40653 0.33377 0.25904 0.18440 0.11097 0.03705 0.00000 0.00000 0.00000 0.00000 0.00000 0.00000 0.00000 0.00000 0.00000 0.00000 0.03504 0.10513 0.17633 0.24653 0.31530 0.38557 0.45844 0.52831 0.59551 0.66665 0.66898 0.59839 0.52649 0.45665 0.38683 0.31672 0.24630 0.17585 0.10543 0.03519 0.03523 0.10574 0.17617 0.24627 0.31662
0.00000 0.00000 0.00000 0.00000 0.00000 0.00000 0.00000 0.00000 0.00000 0.00000 0.00000 0.00000 0.00000 0.00000 0.00000 0.00188 0.00563 0.00937 0.01314 0.01689 0.02058 0.02431 0.02815 0.03183 0.03542 0.07277 0.14397 0.21480 0.28537 0.35578 0.42578 0.49727 0.56936 0.63784 0.70655 0.74205 0.73937 0.73266 0.72852 0.72587 0.72047 0.71746 0.71494 0.70882 0.70402 0.66952 0.59887 0.52634 0.45623 0.38736 0.31655 0.24522 0.17548 0.10560 0.03511 0.00184 0.00555 0.00926 0.01289 0.01659 0.02039 0.02405 0.02766 0.03138 0.03513 0.07207 0.14236 0.21256 0.28266 0.35291 0.42339 0.49378 0.56385 0.63394 0.70417 0.70286 0.62902 0.55471 0.48056 0.40693 0.33310 0.25905 0.18514 0.11102 0.03697 0.03703 0.11140 0.18538 0.25916 0.33333
0.00000 0.00000 0.00000 0.00000 0.00000 0.00000 0.00000 0.00000 0.00000 0.00000 0.00000 0.00000 0.00000 0.00000 0.00000 0.00566 0.01691 0.02808 0.03940 0.05071 0.06178 0.07286 0.08428 0.09547 0.10647 0.14375 0.20720 0.27039 0.33428 0.39715 0.45938 0.52338 0.58822 0.64880 0.70979 0.73816 0.72728 0.71560 0.70270 0.69051 0.68063 0.67080 0.65725 0.64463 0.63583 0.59911 0.53375 0.47069 0.40945 0.34619 0.28216 0.21967 0.15738 0.09431 0.03133 0.00554 0.01665 0.02771 0.03871 0.04982 0.06095 0.07219 0.08317 0.09399 0.10507 0.14276 0.20555 0.26722 0.32992 0.39504 0.45751 0.51745 0.58085 0.64634 0.70890 0.70061 0.62757 0.55483 0.48094 0.40649 0.33253 0.25864 0.18510 0.11116 0.03699 0.03697 0.11107 0.18538 0.26005 0.33440
0.00000 0.00000 0.00000 0.00000 0.00000 0.00000 0.00000 0.00000 0.00000 0.00000 0.00000 0.00000 0.00000 0.00000 0.00000 0.00938 0.02821 0.04702 0.06557 0.08424 0.10321 0.12192 0.13997 0.15873 0.17804 0.21525 0.27019 0.32603 0.38197 0.43832 0.49461 0.54850 0.60327 0.66077 0.71849 0.73239 0.71265 0.69809 0.67768 0.65679 0.63988 0.62086 0.60103 0.58344 0.56560 0.52656 0.47063 0.41682 0.36112 0.30430 0.24907 0.19436 0.13874 0.08286 0.02767 0.00925 0.02768 0.04600 0.06470 0.08329 0.10121 0.11967 0.13864 0.15698 0.17528 0.21221 0.26771 0.32302 0.37858 0.43399 0.48931 0.54466 0.60004 0.65566 0.71130 0.70176 0.62771 0.55414 0.48050 0.40644 0.33238 0.25860 0.18480 0.11103 0.03703 0.03695 0.11077 0.18566 0.26006 0.33328
0.00000 0.00000 0.00000 0.00000 0.00000 0.00000 0.00000 0.00000 0.00000 0.00000 0.00000 0.00000 0.00000 0.00000 0.00000 0.01313 0.03942 0.06584 0.09192 0.11781 0.14431 0.17081 0.19628 0.22193 0.24856 0.28605 0.33444 0.38234 0.43007 0.47885 0.52864 0.57515 0.62093 0.67178 0.72093 0.72973 0.70200 0.67715 0.65104 0.62636 0.59873 0.57101 0.54636 0.52133 0.49347 0.45560 0.40932 0.36128 0.31169 0.26370 0.21647 0.16837 0.11971 0.07187 0.02404 0.01295 0.03865 0.06447 0.09057 0.11661 0.14187 0.16738 0.19362 0.22031 0.24577 0.28153 0.32953 0.37963 0.42733 0.47268 0.52121 0.57194 0.61971 0.66424 0.71298 0.70264 0.62840 0.55287 0.47946 0.40625 0.33252 0.25863 0.18461 0.11064 0.03698 0.03702 0.11101 0.18499 0.25897 0.33350
0.00000 0.00000 0.00000 0.00000 0.00000 0.00000 0.00000 0.00000 0.00000 0.00000 0.00000 0.00000 0.00000 0.00000 0.00000 0.01694 0.05066 0.08428 0.11830 0.15207 0.18518 0.21857 0.25302 0.28683 0.31927 0.35600 0.39745 0.43943 0.48001 0.51883 0.55959 0.60188 0.64414 0.68078 0.72097 0.72818 0.69440 0.65684 0.62353 0.59281 0.55733 0.52316 0.49124 0.45694 0.42280 0.38682 0.34643 0.30434 0.26360 0.22382 0.18319 0.14178 0.10130 0.06102 0.02033 0.01656 0.04974 0.08318 0.11615 0.14898 0.18268 0.21596 0.24875 0.28187 0.31544 0.35219 0.39289 0.43343 0.47400 0.51450 0.55525 0.59579 0.63652 0.67700 0.71749 0.70096 0.62747 0.55342 0.47952 0.40589 0.33238 0.25846 0.18448 0.11071 0.03689 0.03701 0.11128 0.18452 0.25830 0.33358
0.00000 0.00000 0.00000 0.00000 0.00000 0.00000 0.00000 0.00000 0.00000 0.00000 0.00000 0.00000 0.00000 0.00000 0.00000 0.02073 0.06204 0.10303 0.14439 0.18604 0.22665 0.26698 0.30863 0.35062 0.39072 0.42692 0.46045 0.49441 0.52908 0.56086 0.59287 0.62726 0.66218 0.69300 0.72444 0.72299 0.68112 0.64013 0.59922 0.55708 0.51616 0.47717 0.43483 0.39286 0.35347 0.31689 0.28224 0.24868 0.21642 0.18323 0.14921 0.11597 0.08315 0.04993 0.01656 0.02023 0.06093 0.10169 0.14166 0.18175 0.22324 0.26442 0.30422 0.34340 0.38471 0.42347 0.45656 0.48668 0.52049 0.55632 0.59005 0.61908 0.65305 0.68954 0.72279 0.69870 0.62573 0.55416 0.48016 0.40509 0.33158 0.25834 0.18460 0.11071 0.03689 0.03700 0.11092 0.18477 0.25902 0.33322
0.00000 0.00000 0.00000 0.00000 0.00000 0.00000 0.00000 0.00000 0.00000 0.00000 0.00000 0.00000 0.00000 0.00000 0.00000 0.02440 0.07334 0.12216 0.17049 0.21883 0.26814 0.31687 0.36472 0.41204 0.46137 0.49991 0.52540 0.54849 0.57488 0.60296 0.62905 0.65144 0.67701 0.70606 0.73287 0.71687 0.66751 0.62352 0.57361 0.52258 0.47542 0.42846 0.37882 0.33069 0.28333 0.24561 0.21935 0.19413 0.16845 0.14184 0.11593 0.09051 0.06471 0.03864 0.01287 0.02400 0.07202 0.11968 0.16739 0.21576 0.26362 0.31137 0.35906 0.40695 0.45525 0.49208 0.51760 0.54338 0.56954 0.59521 0.62086 0.64679 0.67272 0.69827 0.72419 0.70023 0.62665 0.55272 0.47915 0.40542 0.33174 0.25795 0.18454 0.11075 0.03689 0.03686 0.11052 0.18523 0.25966 0.33240
0.00000 0.00000 0.00000 0.00000 0.00000 0.00000 0.00000 0.00000 0.00000 0.00000 0.00000 0.00000 0.00000 0.00000 0.00000 0.02815 0.08448 0.14109 0.19714 0.25252 0.30886 0.36580 0.42120 0.47575 0.53201 0.56996 0.58891 0.60597 0.62352 0.64259 0.66244 0.67903 0.69605 0.71610 0.73394 0.71376 0.65860 0.60294 0.54576 0.49151 0.43566 0.37839 0.32340 0.26878 0.21237 0.17492 0.15717 0.13886 0.11977 0.10115 0.08309 0.06469 0.04605 0.02756 0.00922 0.02770 0.08290 0.13760 0.19346 0.24927 0.30402 0.35737 0.41369 0.47087 0.52599 0.55992 0.57869 0.60029 0.61878 0.63319 0.65241 0.67424 0.69323 0.70696 0.72613 0.70209 0.62874 0.55118 0.47787 0.40591 0.33222 0.25768 0.18407 0.11067 0.03690 0.03689 0.11064 0.18458 0.25859 0.33315
0.00000 0.00000 0.00000 0.00000 0.00000 0.00000 0.00000 0.00000 0.00000 0.00000 0.00000 0.00000 0.00000 0.00000 0.00000 0.03201 0.09575 0.15935 0.22344 0.28715 0.35010 0.41274 0.47676 0.54143 0.60448 0.63880 0.64987 0.66390 0.67471 0.68155 0.69264 0.70682 0.71774 0.72488 0.73486 0.71270 0.64939 0.58253 0.51872 0.45895 0.39449 0.33000 0.26805 0.20550 0.14206 0.10518 0.09439 0.08299 0.07175 0.06091 0.04992 0.03867 0.02755 0.01660 0.00554 0.03133 0.09360 0.15650 0.21952 0.28213 0.34347 0.40600 0.47005 0.53263 0.59398 0.63092 0.64288 0.65368 0.66419 0.67546 0.68692 0.69755 0.70841 0.71979 0.73108 0.69931 0.62576 0.55229 0.47871 0.40479 0.33146 0.25794 0.18403 0.11032 0.03691 0.03695 0.11058 0.18401 0.25819 0.33347
0.00000 0.00000 0.00000 0.00000 0.00000 0.00000 0.00000 0.00000 0.00000 0.00000 0.00000 0.00000 0.00000 0.00000 0.00000 0.03581 0.10726 0.17799 0.24916 0.32097 0.39193 0.46190 0.53237 0.60405 0.67535 0.71116 0.71390 0.71772 0.72251 0.72460 0.72718 0.73136 0.73471 0.73681 0.74076 0.70799 0.63546 0.56466 0.49532 0.42387 0.35263 0.28391 0.21282 0.14177 0.07201 0.03517 0.03137 0.02758 0.02399 0.02033 0.01659 0.01286 0.00921 0.00554 0.00184 0.03488 0.10481 0.17517 0.24524 0.31362 0.38376 0.45568 0.52564 0.59236 0.66274 0.70284 0.70660 0.70645 0.70960 0.71775 0.72174 0.72123 0.72454 0.73378 0.73718 0.69771 0.62385 0.55432 0.48021 0.40387 0.33056 0.25833 0.18409 0.11032 0.03685 0.03690 0.11058 0.18432 0.25859 0.33278
0.00000 0.00000 0.00000 0.00000 0.00000 0.00000 0.00000 0.00000 0.00000 0.00000 0.00000 0.00000 0.00000 0.00000 0.00000 0.03571 0.10712 0.17856 0.24942 0.32012 0.39145 0.46296 0.53359 0.60221 0.67309 0.71141 0.71078 0.70660 0.70660 0.70993 0.70908 0.70536 0.70486 0.70745 0.70747 0.66827 0.59712 0.52930 0.45863 0.38571 0.31522 0.24677 0.17557 0.10497 0.03513 0.00185 0.00552 0.00921 0.01295 0.01659 0.02019 0.02395 0.02770 0.03134 0.03482 0.07171 0.14203 0.21209 0.28049 0.35037 0.42227 0.49203 0.55964 0.62970 0.70177 0.73437 0.72943 0.72604 0.72330 0.71905 0.71489 0.71170 0.70843 0.70420 0.70031 0.66384 0.59420 0.52409 0.45405 0.38427 0.31453 0.24466 0.17481 0.10491 0.03495 0.03500 0.10510 0.17558 0.24536 0.31565
0.00000 0.00000 0.00000 0.00000 0.00000 0.00000 0.00000 0.00000 0.00000 0.00000 0.00000 0.00000 0.00000 0.00000 0.00000 0.03192 0.09571 0.15985 0.22366 0.28683 0.34973 0.41351 0.47760 0.54048 0.60248 0.63425 0.63514 0.63411 0.63334 0.63316 0.63303 0.63197 0.63218 0.63226 0.63054 0.59787 0.53655 0.47308 0.40846 0.34603 0.28357 0.21986 0.15669 0.09446 0.03143 0.00552 0.01659 0.02771 0.03878 0.04960 0.06077 0.07190 0.08302 0.09367 0.10471 0.14179 0.20466 0.26629 0.32810 0.39214 0.45509 0.51555 0.57730 0.64302 0.70597 0.72838 0.71624 0.70937 0.69939 0.68361 0.67221 0.66588 0.65508 0.63970 0.62860 0.59623 0.53338 0.46723 0.40488 0.34501 0.28174 0.21821 0.15607 0.09395 0.03133 0.03130 0.09380 0.15638 0.21923 0.28267
0.00000 0.00000 0.00000 0.00000 0.00000 0.00000 0.00000 0.00000 0.00000 0.00000 0.00000 0.00000 0.00000 0.00000 0.00000 0.02825 0.08468 0.14077 0.19690 0.25340 0.30928 0.36435 0.42031 0.47772 0.53320 0.55841 0.55871 0.56134 0.56018 0.55723 0.55722 0.55909 0.55846 0.55619 0.55568 0.52946 0.47385 0.41597 0.36024 0.30589 0.24997 0.19345 0.13839 0.08334 0.02765 0.00920 0.02774 0.04618 0.06427 0.08279 0.10162 0.11989 0.13740 0.15614 0.17526 0.21202 0.26544 0.32068 0.37775 0.43292 0.48541 0.54069 0.59888 0.65336 0.70608 0.72512 0.70835 0.68924 0.66997 0.65225 0.63439 0.61534 0.59664 0.57872 0.56057 0.52351 0.46822 0.41323 0.35829 0.30305 0.24794 0.19292 0.13773 0.08259 0.02762 0.02765 0.08275 0.13790 0.19372 0.24944
0.00000 0.00000 0.00000 0.00000 0.00000 0.00000 0.00000 0.00000 0.00000 0.00000 0.00000 0.00000 0.00000 0.00000 0.00000 0.02452 0.07348 0.12199 0.17046 0.21927 0.26829 0.31676 0.36418 0.41255 0.46174 0.48550 0.48496 0.48453 0.48442 0.48385 0.48442 0.48396 0.48265 0.48200 0.48317 0.45898 0.40865 0.36021 0.31342 0.26481 0.21577 0.16814 0.12036 0.07197 0.02392 0.01292 0.03882 0.06437 0.09006 0.11606 0.14209 0.16723 0.19282 0.21885 0.24499 0.28121 0.32802 0.37671 0.42526 0.47213 0.51832 0.56806 0.61680 0.66224 0.70860 0.72336 0.69792 0.66889 0.64248 0.62042 0.59528 0.56548 0.53975 0.51800 0.49205 0.45212 0.40428 0.35946 0.31114 0.26158 0.21430 0.16746 0.11963 0.07147 0.02384 0.02392 0.07179 0.11969 0.16764 0.21575
0.00000 0.00000 0.00000 0.00000 0.00000 0.00000 0.00000 0.00000 0.00000 0.00000 0.00000 0.00000 0.00000 0.00000 0.00000 0.02071 0.06192 0.10336 0.14473 0.18550 0.22642 0.26821 0.30902 0.34866 0.38982 0.41188 0.41088 0.40903 0.40928 0.41058 0.40980 0.40813 0.40832 0.40874 0.40850 0.38698 0.34601 0.30592 0.26502 0.22343 0.18279 0.14252 0.10158 0.06075 0.02031 0.01663 0.04966 0.08278 0.11638 0.14953 0.18132 0.21485 0.24894 0.28199 0.31278 0.34964 0.39279 0.43288 0.47054 0.51065 0.55421 0.59439 0.63162 0.67273 0.71616 0.71833 0.68344 0.65169 0.61938 0.58534 0.55189 0.51965 0.48676 0.45317 0.42001 0.38359 0.34332 0.30279 0.26224 0.22201 0.18174 0.14131 0.10093 0.06069 0.02020 0.02019 0.06065 0.10135 0.14175 0.18237
0.00000 0.00000 0.00000 0.00000 0.00000 0.00000 0.00000 0.00000 0.00000 0.00000 0.00000 0.00000 0.00000 0.00000 0.00000 0.01690 0.05071 0.08454 0.11850 0.15210 0.18526 0.21868 0.25270 0.28619 0.31947 0.33575 0.33566 0.33535 0.33595 0.33540 0.33415 0.33407 0.33511 0.33476 0.33315 0.31614 0.28413 0.25051 0.21588 0.18260 0.15003 0.11652 0.08280 0.04976 0.01666 0.02028 0.06061 0.10121 0.14222 0.18218 0.22190 0.26273 0.30363 0.34397 0.38332 0.42008 0.45415 0.48733 0.51866 0.55215 0.58649 0.61882 0.65022 0.68508 0.71904 0.71276 0.67168 0.63460 0.59407 0.55060 0.51002 0.47313 0.43278 0.38937 0.34927 0.31479 0.28174 0.24664 0.21395 0.18211 0.14896 0.11522 0.08231 0.04962 0.01656 0.01650 0.04947 0.08258 0.11592 0.14901
0.00000 0.00000 0.00000 0.00000 0.00000 0.00000 0.00000 0.00000 0.00000 0.00000 0.00000 0.00000 0.00000 0.00000 0.00000 0.01315 0.03959 0.06584 0.09184 0.11823 0.14449 0.17014 0.19614 0.22319 0.24868 0.26052 0.26087 0.26142 0.26091 0.25995 0.26031 0.26027 0.26002 0.25965 0.25959 0.24653 0.22042 0.19419 0.16824 0.14250 0.11645 0.09036 0.06459 0.03879 0.01290 0.02393 0.07196 0.11983 0.16705 0.21497 0.26360 0.31171 0.35702 0.40485 0.45503 0.49172 0.51428 0.53911 0.56900 0.59430 0.61673 0.64223 0.67156 0.69642 0.71881 0.70983 0.66377 0.61405 0.56571 0.51956 0.47186 0.42304 0.37552 0.32856 0.28069 0.24365 0.21800 0.19268 0.16694 0.14098 0.11539 0.09008 0.06419 0.03845 0.01284 0.01288 0.03855 0.06412 0.08998 0.11631
0.00000 0.00000 0.00000 0.00000 0.00000 0.00000 0.00000 0.00000 0.00000 0.00000 0.00000 0.00000 0.00000 0.00000 0.00000 0.00942 0.02822 0.04701 0.06565 0.08430 0.10310 0.12184 0.14042 0.15875 0.17727 0.18654 0.18689 0.18655 0.18579 0.18579 0.18649 0.18628 0.18508 0.18512 0.18589 0.17644 0.15693 0.13832 0.12059 0.10189 0.08291 0.06444 0.04629 0.02772 0.00918 0.02759 0.08319 0.13825 0.19262 0.24791 0.30374 0.35906 0.41274 0.46739 0.52315 0.56108 0.57811 0.59512 0.61478 0.63414 0.65108 0.66890 0.68834 0.70615 0.72356 0.70697 0.65195 0.59452 0.53905 0.48718 0.43196 0.37443 0.31953 0.26675 0.21129 0.17347 0.15512 0.13788 0.11934 0.10043 0.08221 0.06420 0.04589 0.02746 0.00915 0.00916 0.02755 0.04589 0.06413 0.08236
0.00000 0.00000 0.00000 0.00000 0.00000 0.00000 0.00000 0.00000 0.00000 0.00000 0.00000 0.00000 0.00000 0.00000 0.00000 0.00567 0.01689 0.02813 0.03952 0.05069 0.06175 0.07312 0.08433 0.09517 0.10632 0.11210 0.11195 0.11159 0.11177 0.11161 0.11149 0.11150 0.11149 0.11125 0.11115 0.10562 0.09446 0.08328 0.07209 0.06095 0.04986 0.03879 0.02767 0.01658 0.00553 0.03131 0.09381 0.15641 0.21924 0.28155 0.34289 0.40520 0.46962 0.53226 0.59161 0.62673 0.64173 0.65343 0.66072 0.67068 0.68594 0.69629 0.70404 0.71595 0.73009 0.70204 0.63795 0.57844 0.51591 0.45135 0.38970 0.32873 0.26590 0.20293 0.14092 0.10465 0.09351 0.08228 0.07133 0.06064 0.04950 0.03837 0.02746 0.01654 0.00549 0.00548 0.01651 0.02758 0.03858 0.04955
0.00000 0.00000 0.00000 0.00000 0.00000 0.00000 0.00000 0.00000 0.00000 0.00000 0.00000 0.00000 0.00000 0.00000 0.00000 0.00188 0.00565 0.00939 0.01314 0.01691 0.02064 0.02432 0.02801 0.03176 0.03555 0.03739 0.03719 0.03720 0.03733 0.03730 0.03706 0.03706 0.03725 0.03721 0.03696 0.03509 0.03157 0.02783 0.02396 0.02026 0.01668 0.01295 0.00920 0.00552 0.00185 0.03509 0.10452 0.17445 0.24503 0.31527 0.38351 0.45253 0.52277 0.59482 0.66360 0.69735 0.70158 0.70763 0.71078 0.71168 0.71614 0.72154 0.72521 0.72741 0.73074 0.69757 0.62853 0.56006 0.48961 0.41818 0.34904 0.28115 0.21096 0.14046 0.07117 0.03490 0.03117 0.02736 0.02374 0.02015 0.01649 0.01280 0.00915 0.00549 0.00183 0.00184 0.00549 0.00914 0.01282 0.01652
0.00000 0.00000 0.00000 0.00000 0.00000 0.00000 0.00000 0.00000 0.00000 0.00000 0.00000 0.00000 0.00000 0.00000 0.00000 0.00000 0.00000 0.00000 0.00000 0.00000 0.00000 0.00000 0.00000 0.00000 0.00000 0.00000 0.00000 0.00000 0.00000 0.00000 0.00000 0.00000 0.00000 0.00000 0.00000 0.00185 0.00555 0.00925 0.01295 0.01663 0.02030 0.02398 0.02766 0.03131 0.03500 0.07190 0.14177 0.21124 0.28113 0.35123 0.42135 0.49076 0.55916 0.62826 0.70041 0.73353 0.72693 0.72213 0.72164 0.71852 0.71147 0.70771 0.70737 0.70254 0.69581 0.66247 0.59316 0.52052 0.45132 0.38375 0.31348 0.24270 0.17369 0.10471 0.03481 0.00183 0.00548 0.00918 0.01284 0.01642 0.02008 0.02388 0.02746 0.03099 0.03480 0.03487 0.03112 0.02740 0.02381 0.02023
0.00000 0.00000 0.00000 0.00000 0.00000 0.00000 0.00000 0.00000 0.00000 0.00000 0.00000 0.00000 0.00000 0.00000 0.00000 0.00000 0.00000 0.00000 0.00000 0.00000 0.00000 0.00000 0.00000 0.00000 0.00000 0.00000 0.00000 0.00000 0.00000 0.00000 0.00000 0.00000 0.00000 0.00000 0.00000 0.00557 0.01661 0.02765 0.03896 0.05001 0.06074 0.07177 0.08325 0.09424 0.10455 0.14140 0.20471 0.26749 0.32855 0.39049 0.45332 0.51774 0.57938 0.63876 0.70143 0.73075 0.71865 0.70383 0.69321 0.68492 0.67420 0.66028 0.64862 0.63987 0.62966 0.59205 0.52826 0.46598 0.40470 0.34328 0.28002 0.21701 0.15533 0.09363 0.03112 0.00547 0.01644 0.02749 0.03843 0.04933 0.06036 0.07120 0.08231 0.09359 0.10428 0.10405 0.09328 0.08264 0.07153 0.06049
0.00000 0.00000 0.00000 0.00000 0.00000 0.00000 0.00000 0.00000 0.00000 0.00000 0.00000 0.00000 0.00000 0.00000 0.00000 0.00000 0.00000 0.00000 0.00000 0.00000 0.00000 0.00000 0.00000 0.00000 0.00000 0.00000 0.00000 0.00000 0.00000 0.00000 0.00000 0.00000 0.00000 0.00000 0.00000 0.00927 0.02779 0.04623 0.06461 0.08310 0.10154 0.11987 0.13824 0.15678 0.17494 0.21123 0.26678 0.32255 0.37691 0.43119 0.48640 0.54169 0.59700 0.65188 0.70568 0.72320 0.70657 0.68842 0.66795 0.64912 0.63289 0.61452 0.59356 0.57687 0.56052 0.52122 0.46550 0.41265 0.35750 0.30071 0.24655 0.19280 0.13734 0.08198 0.02739 0.00917 0.02750 0.04553 0.06376 0.08259 0.10071 0.11840 0.13704 0.15582 0.17359 0.17306 0.15552 0.13752 0.11891 0.10042
0.00000 0.00000 0.00000 0.00000 0.00000 0.00000 0.00000 0.00000 0.00000 0.00000 0.00000 0.00000 0.00000 0.00000 0.00000 0.00000 0.00000 0.00000 0.00000 0.00000 0.00000 0.00000 0.00000 0.00000 0.00000 0.00000 0.00000 0.00000 0.00000 0.00000 0.00000 0.00000 0.00000 0.00000 0.00000 0.01293 0.03899 0.06490 0.09029 0.11599 0.14261 0.16826 0.19297 0.21865 0.24562 0.28242 0.32853 0.37591 0.42452 0.47353 0.52061 0.56545 0.61311 0.66363 0.71184 0.71926 0.69311 0.67078 0.64465 0.61565 0.58971 0.56704 0.54185 0.51386 0.48729 0.45185 0.40511 0.35746 0.30861 0.26079 0.21415 0.16698 0.11879 0.07103 0.02377 0.01283 0.03836 0.06382 0.08966 0.11494 0.14059 0.16677 0.19208 0.21678 0.24286 0.24404 0.21781 0.19138 0.16591 0.14108
0.00000 0.00000 0.00000 0.00000 0.00000 0.00000 0.00000 0.00000 0.00000 0.00000 0.00000 0.00000 0.00000 0.00000 0.00000 0.00000 0.00000 0.00000 0.00000 0.00000 0.00000 0.00000 0.00000 0.00000 0.00000 0.00000 0.00000 0.00000 0.00000 0.00000 0.00000 0.00000 0.00000 0.00000 0.00000 0.01665 0.04986 0.08321 0.11650 0.14954 0.18251 0.21586 0.24883 0.28138 0.31477 0.35260 0.39168 0.43096 0.47210 0.51344 0.55278 0.59229 0.63260 0.67259 0.71346 0.71742 0.68317 0.64939 0.61770 0.58491 0.55003 0.51760 0.48618 0.45199 0.41780 0.38289 0.34308 0.30102 0.26086 0.22191 0.18127 0.14020 0.10035 0.06050 0.02014 0.01637 0.04918 0.08249 0.11533 0.14745 0.18040 0.21431 0.24670 0.27827 0.31243 0.31280 0.27935 0.24590 0.21359 0.18094
0.00000 0.00000 0.00000 0.00000 0.00000 0.00000 0.00000 0.00000 0.00000 0.00000 0.00000 0.00000 0.00000 0.00000 0.00000 0.00000 0.00000 0.00000 0.00000 0.00000 0.00000 0.00000 0.00000 0.00000 0.00000 0.00000 0.00000 0.00000 0.00000 0.00000 0.00000 0.00000 0.00000 0.00000 0.00000 0.02042 0.06087 0.10138 0.14275 0.18334 0.22252 0.26285 0.30491 0.34536 0.38345 0.41979 0.45469 0.48862 0.52037 0.55084 0.58434 0.62059 0.65333 0.68168 0.71423 0.71518 0.67463 0.62962 0.58945 0.55299 0.51237 0.46883 0.42848 0.39034 0.35062 0.31278 0.27890 0.24636 0.21432 0.18144 0.14777 0.11471 0.08234 0.04945 0.01642 0.02003 0.06039 0.10039 0.14040 0.18095 0.22139 0.26032 0.30070 0.34284 0.38236 0.38061 0.34114 0.30251 0.26215 0.22084
0.00000 0.00000 0.00000 0.00000 0.00000 0.00000 0.00000 0.00000 0.00000 0.00000 0.00000 0.00000 0.00000 0.00000 0.00000 0.00000 0.00000 0.00000 0.00000 0.00000 0.00000 0.00000 0.00000 0.00000 0.00000 0.00000 0.00000 0.00000 0.00000 0.00000 0.00000 0.00000 0.00000 0.00000 0.00000 0.02408 0.07225 0.12010 0.16778 0.21600 0.26396 0.31118 0.35899 0.40802 0.45462 0.48982 0.51631 0.54376 0.56772 0.59150 0.61801 0.64425 0.66955 0.69488 0.72017 0.70801 0.66113 0.61416 0.56557 0.51743 0.47065 0.42274 0.37393 0.32756 0.28088 0.24276 0.21679 0.19235 0.16671 0.14026 0.11481 0.08981 0.06406 0.03820 0.01275 0.02379 0.07141 0.11826 0.16540 0.21408 0.26144 0.30738 0.35544 0.40412 0.45077 0.44896 0.40276 0.35512 0.30761 0.25944
0.00000 0.00000 0.00000 0.00000 0.00000 0.00000 0.00000 0.00000 0.00000 0.00000 0.00000 0.00000 0.00000 0.00000 0.00000 0.00000 0.00000 0.00000 0.00000 0.00000 0.00000 0.00000 0.00000 0.00000 0.00000 0.00000 0.00000 0.00000 0.00000 0.00000 0.00000 0.00000 0.00000 0.00000 0.00000 0.02769 0.08353 0.13905 0.19329 0.24837 0.30533 0.36063 0.41276 0.46760 0.52532 0.56264 0.57863 0.59456 0.61475 0.63510 0.65324 0.66728 0.68486 0.70806 0.72632 0.70256 0.64743 0.59704 0.54200 0.48303 0.42832 0.37609 0.32119 0.26439 0.20951 0.17367 0.15577 0.13721 0.11846 0.10017 0.08236 0.06408 0.04556 0.02730 0.00915 0.02740 0.08199 0.13676 0.19216 0.24565 0.30027 0.35658 0.41149 0.46345 0.51874 0.52141 0.46657 0.40922 0.35481 0.30197
0.00000 0.00000 0.00000 0.00000 0.00000 0.00000 0.00000 0.00000 0.00000 0.00000 0.00000 0.00000 0.00000 0.00000 0.00000 0.00000 0.00000 0.00000 0.00000 0.00000 0.00000 0.00000 0.00000 0.00000 0.00000 0.00000 0.00000 0.00000 0.00000 0.00000 0.00000 0.00000 0.00000 0.00000 0.00000 0.03142 0.09407 0.15710 0.22002 0.28217 0.34430 0.40802 0.46997 0.53066 0.59362 0.63279 0.64189 0.64971 0.66192 0.67476 0.68469 0.69408 0.70529 0.71566 0.72696 0.70198 0.63962 0.57595 0.51368 0.45194 0.38941 0.32746 0.26547 0.20266 0.14031 0.10433 0.09349 0.08199 0.07097 0.06041 0.04942 0.03821 0.02730 0.01646 0.00549 0.03092 0.09258 0.15538 0.21758 0.27827 0.33996 0.40375 0.46559 0.52526 0.58784 0.58845 0.52667 0.46275 0.40091 0.33802
0.00000 0.00000 0.00000 0.00000 0.00000 0.00000 0.00000 0.00000 0.00000 0.00000 0.00000 0.00000 0.00000 0.00000 0.00000 0.00000 0.00000 0.00000 0.00000 0.00000 0.00000 0.00000 0.00000 0.00000 0.00000 0.00000 0.00000 0.00000 0.00000 0.00000 0.00000 0.00000 0.00000 0.00000 0.00000 0.03525 0.10512 0.17507 0.24636 0.31661 0.38412 0.45350 0.52607 0.59635 0.66263 0.69753 0.70418 0.70897 0.71127 0.71143 0.71557 0.72246 0.72566 0.72538 0.72797 0.69913 0.62981 0.55642 0.48677 0.41991 0.35042 0.27851 0.20946 0.14096 0.07145 0.03466 0.03095 0.02736 0.02379 0.02011 0.01638 0.01274 0.00914 0.00548 0.00182 0.03460 0.10431 0.17301 0.24187 0.31197 0.38218 0.44860 0.51768 0.58987 0.65932 0.65592 0.58653 0.52068 0.45133 0.38130
0.00000 0.00000 0.00000 0.00000 0.00000 0.00000 0.00000 0.00000 0.00000 0.00000 0.00000 0.00000 0.00000 0.00000 0.00000 0.00000 0.00000 0.00000 0.00000 0.00000 0.00000 0.00000 0.00000 0.00000 0.00000 0.00186 0.00558 0.00935 0.01308 0.01669 0.02040 0.02420 0.02793 0.03140 0.03510 0.07220 0.14262 0.21231 0.28178 0.35271 0.42260 0.49123 0.56080 0.63353 0.70158 0.73063 0.72814 0.72732 0.72237 0.71431 0.71213 0.70955 0.70551 0.70184 0.69823 0.65980 0.59013 0.52151 0.45239 0.38244 0.31215 0.24271 0.17335 0.10433 0.03480 0.00182 0.00545 0.00915 0.01281 0.01637 0.02000 0.02377 0.02744 0.03091 0.03451 0.07127 0.14079 0.20909 0.27777 0.34860 0.41813 0.48526 0.55384 0.62511 0.69485 0.69194 0.62272 0.55316 0.48446 0.41403
0.00000 0.00000 0.00000 0.00000 0.00000 0.00000 0.00000 0.00000 0.00000 0.00000 0.00000 0.00000 0.00000 0.00000 0.00000 0.00000 0.00000 0.00000 0.00000 0.00000 0.00000 0.00000 0.00000 0.00000 0.00000 0.00559 0.01683 0.02801 0.03903 0.05022 0.06136 0.07243 0.08362 0.09466 0.10530 0.14225 0.20589 0.26877 0.32945 0.39190 0.45654 0.51956 0.57860 0.63948 0.70537 0.73179 0.71792 0.70458 0.69565 0.68558 0.67371 0.66050 0.64889 0.64015 0.62915 0.58996 0.52689 0.46714 0.40518 0.34077 0.27858 0.21801 0.15562 0.09274 0.03093 0.00548 0.01647 0.02736 0.03819 0.04921 0.06036 0.07115 0.08179 0.09290 0.10423 0.14025 0.20164 0.26425 0.32722 0.38713 0.44826 0.51222 0.57528 0.63338 0.69495 0.69814 0.63630 0.57264 0.51078 0.45037
0.00000 0.00000 0.00000 0.00000 0.00000 0.00000 0.00000 0.00000 0.00000 0.00000 0.00000 0.00000 0.00000 0.00000 0.00000 0.00000 0.00000 0.00000 0.00000 0.00000 0.00000 0.00000 0.00000 0.00000 0.00000 0.00935 0.02806 0.04653 0.06499 0.08400 0.10249 0.12024 0.13885 0.15772 0.17635 0.21243 0.26725 0.32340 0.37879 0.43305 0.48770 0.54522 0.59899 0.65139 0.70683 0.72837 0.70862 0.68527 0.66843 0.65223 0.63313 0.61301 0.59501 0.57589 0.55730 0.52193 0.46744 0.41159 0.35532 0.30098 0.24692 0.19228 0.13690 0.08191 0.02730 0.00915 0.02745 0.04549 0.06360 0.08226 0.10056 0.11818 0.13625 0.15521 0.17360 0.20912 0.26321 0.31932 0.37436 0.42714 0.48055 0.53779 0.59271 0.64485 0.69844 0.69973 0.64643 0.58983 0.53334 0.47867
0.00000 0.00000 0.00000 0.00000 0.00000 0.00000 0.00000 0.00000 0.00000 0.00000 0.00000 0.00000 0.00000 0.00000 0.00000 0.00000 0.00000 0.00000 0.00000 0.00000 0.00000 0.00000 0.00000 0.00000 0.00000 0.01311 0.03908 0.06512 0.09134 0.11739 0.14289 0.16885 0.19445 0.22055 0.24703 0.28369 0.32982 0.37801 0.42734 0.47575 0.52039 0.56744 0.61777 0.66617 0.71112 0.71950 0.69691 0.67117 0.64329 0.61703 0.59331 0.56660 0.53980 0.51409 0.48819 0.45213 0.40457 0.35591 0.30799 0.26178 0.21401 0.16565 0.11836 0.07136 0.02377 0.01274 0.03820 0.06388 0.08956 0.11478 0.13979 0.16589 0.19185 0.21663 0.24155 0.27886 0.32702 0.37271 0.41910 0.46812 0.51671 0.56090 0.60696 0.65695 0.70501 0.70263 0.65411 0.61069 0.56411 0.51606
0.00000 0.00000 0.00000 0.00000 0.00000 0.00000 0.00000 0.00000 0.00000 0.00000 0.00000 0.00000 0.00000 0.00000 0.00000 0.00000 0.00000 0.00000 0.00000 0.00000 0.00000 0.00000 0.00000 0.00000 0.00000 0.01680 0.05029 0.08397 0.11750 0.15051 0.18358 0.21764 0.25100 0.28304 0.31588 0.35346 0.39426 0.43383 0.47328 0.51546 0.55528 0.59379 0.63446 0.67778 0.71646 0.71555 0.68397 0.65327 0.61937 0.58311 0.55084 0.51833 0.48497 0.45265 0.41964 0.38192 0.34060 0.30110 0.26189 0.22159 0.18019 0.14006 0.10036 0.06040 0.02009 0.01637 0.04909 0.08224 0.11524 0.14732 0.17987 0.21358 0.24670 0.27830 0.31054 0.34848 0.38919 0.42710 0.46622 0.50878 0.54936 0.58659 0.62514 0.66797 0.70841 0.70628 0.66399 0.62517 0.58701 0.54683
0.00000 0.00000 0.00000 0.00000 0.00000 0.00000 0.00000 0.00000 0.00000 0.00000 0.00000 0.00000 0.00000 0.00000 0.00000 0.00000 0.00000 0.00000 0.00000 0.00000 0.00000 0.00000 0.00000 0.00000 0.00000 0.02051 0.06165 0.10276 0.14308 0.18386 0.22486 0.26582 0.30667 0.34653 0.38593 0.42349 0.45763 0.49126 0.52073 0.55348 0.58885 0.62326 0.65307 0.68345 0.71954 0.71646 0.67376 0.63151 0.59416 0.55248 0.51022 0.47060 0.43125 0.38996 0.34909 0.31256 0.27944 0.24695 0.21385 0.18045 0.14767 0.11537 0.08220 0.04909 0.01639 0.02011 0.06032 0.10007 0.13986 0.18062 0.22111 0.26005 0.29944 0.34115 0.38184 0.41609 0.44799 0.48287 0.51690 0.54668 0.57781 0.61312 0.64650 0.67688 0.70818 0.71106 0.67948 0.64527 0.61146 0.57953
0.00000 0.00000 0.00000 0.00000 0.00000 0.00000 0.00000 0.00000 0.00000 0.00000 0.00000 0.00000 0.00000 0.00000 0.00000 0.00000 0.00000 0.00000 0.00000 0.00000 0.00000 0.00000 0.00000 0.00000 0.00000 0.02430 0.07290 0.12113 0.16910 0.21789 0.26616 0.31357 0.36105 0.40968 0.45806 0.49414 0.51844 0.54506 0.57079 0.59503 0.62083 0.64885 0.67259 0.69453 0.72213 0.71331 0.66439 0.61276 0.56610 0.51946 0.47124 0.42343 0.37553 0.32717 0.27908 0.24314 0.21811 0.19207 0.16550 0.14014 0.11522 0.08973 0.06375 0.03817 0.01274 0.02378 0.07132 0.11816 0.16537 0.21357 0.26132 0.30741 0.35426 0.40328 0.45120 0.48533 0.51038 0.53812 0.56443 0.58627 0.61107 0.63947 0.66539 0.68813 0.71095 0.71420 0.69043 0.66361 0.63587 0.61034
0.00000 0.00000 0.00000 0.00000 0.00000 0.00000 0.00000 0.00000 0.00000 0.00000 0.00000 0.00000 0.00000 0.00000 0.00000 0.00000 0.00000 0.00000 0.00000 0.00000 0.00000 0.00000 0.00000 0.00000 0.00000 0.02808 0.08392 0.13956 0.19563 0.25165 0.30679 0.36154 0.41689 0.47299 0.52922 0.56519 0.58030 0.59972 0.61924 0.63884 0.65345 0.66961 0.69060 0.71048 0.72667 0.70500 0.65270 0.59767 0.54076 0.48535 0.43197 0.37591 0.31978 0.26520 0.21067 0.17393 0.15539 0.13689 0.11856 0.10063 0.08220 0.06369 0.04556 0.02744 0.00913 0.02725 0.08184 0.13695 0.19196 0.24534 0.29971 0.35601 0.41137 0.46295 0.51720 0.55632 0.57516 0.59018 0.60737 0.62796 0.64692 0.66282 0.67929 0.69963 0.71767 0.71709 0.69678 0.68076 0.66389 0.64651
0.00000 0.00000 0.00000 0.00000 0.00000 0.00000 0.00000 0.00000 0.00000 0.00000 0.00000 0.00000 0.00000 0.00000 0.00000 0.00000 0.00000 0.00000 0.00000 0.00000 0.00000 0.00000 0.00000 0.00000 0.00000 0.03177 0.09499 0.15871 0.22201 0.28466 0.34701 0.41063 0.47375 0.53603 0.59763 0.63431 0.64557 0.65614 0.66653 0.67840 0.68748 0.69652 0.70923 0.72181 0.73107 0.70142 0.64090 0.57930 0.51603 0.45296 0.39046 0.32777 0.26537 0.20356 0.14126 0.10404 0.09292 0.08202 0.07143 0.06042 0.04913 0.03820 0.02737 0.01647 0.00547 0.03090 0.09275 0.15527 0.21747 0.27825 0.33985 0.40320 0.46539 0.52538 0.58714 0.62567 0.63735 0.64439 0.65533 0.66889 0.68055 0.68716 0.69716 0.71145 0.72305 0.72071 0.70637 0.69853 0.68931 0.68031
0.00000 0.00000 0.00000 0.00000 0.00000 0.00000 0.00000 0.00000 0.00000 0.00000 0.00000 0.00000 0.00000 0.00000 0.00000 0.00000 0.00000 0.00000 0.00000 0.00000 0.00000 0.00000 0.00000 0.00000 0.00000 0.03547 0.10642 0.17755 0.24807 0.31773 0.38830 0.45953 0.53025 0.59850 0.66711 0.70536 0.70919 0.71348 0.71299 0.71633 0.72090 0.72684 0.72771 0.72799 0.73363 0.70209 0.63050 0.55943 0.49080 0.42086 0.34965 0.27997 0.21108 0.14127 0.07128 0.03471 0.03100 0.02745 0.02379 0.02005 0.01641 0.01280 0.00913 0.00545 0.00182 0.03470 0.10410 0.17264 0.24173 0.31221 0.38190 0.44862 0.51759 0.58945 0.65905 0.69165 0.69498 0.70147 0.70511 0.70686 0.70892 0.71431 0.71798 0.72109 0.72264 0.72416 0.72069 0.71803 0.71306 0.71118
0.00000 0.00000 0.00000 0.00000 0.00000 0.00000 0.00000 0.00000 0.00000 0.00000 0.00000 0.00000 0.00000 0.00000 0.00000 0.00000 0.00000 0.00000 0.00000 0.00000 0.00000 0.00000 0.00000 0.00000 0.00000 0.03559 0.10666 0.17742 0.24738 0.31874 0.38932 0.45924 0.52893 0.59848 0.66917 0.70619 0.70915 0.71208 0.71383 0.71794 0.72180 0.72678 0.72710 0.72876 0.73441 0.70289 0.63091 0.56028 0.49032 0.42078 0.35035 0.28104 0.21132 0.14070 0.07131 0.03477 0.03118 0.02741 0.02367 0.02003 0.01646 0.01281 0.00910 0.00545 0.00182 0.03472 0.10408 0.17268 0.24178 0.31201 0.38142 0.44897 0.51822 0.58907 0.65882 0.69156 0.69568 0.70199 0.70641 0.70499 0.70841 0.71566 0.71957 0.71951 0.72062 0.72548 0.72218 0.71848 0.71321 0.71087
0.00000 0.00000 0.00000 0.00000 0.00000 0.00000 0.00000 0.00000 0.00000 0.00000 0.00000 0.00000 0.00000 0.00000 0.00000 0.00000 0.00000 0.00000 0.00000 0.00000 0.00000 0.00000 0.00000 0.00000 0.00000 0.03189 0.09547 0.15860 0.22153 0.28563 0.34871 0.41029 0.47277 0.53660 0.59959 0.63604 0.64480 0.65608 0.66670 0.68026 0.68775 0.69845 0.70793 0.72287 0.73166 0.70494 0.64204 0.58099 0.51598 0.45320 0.39137 0.32924 0.26557 0.20294 0.14095 0.10451 0.09357 0.08211 0.07109 0.06031 0.04936 0.03822 0.02732 0.01644 0.00547 0.03090 0.09279 0.15508 0.21717 0.27807 0.33984 0.40326 0.46532 0.52485 0.58682 0.62513 0.63580 0.64520 0.65546 0.66731 0.67754 0.68941 0.69842 0.70956 0.71962 0.72155 0.70921 0.69897 0.68905 0.68049
0.00000 0.00000 0.00000 0.00000 0.00000 0.00000 0.00000 0.00000 0.00000 0.00000 0.00000 0.00000 0.00000 0.00000 0.00000 0.00000 0.00000 0.00000 0.00000 0.00000 0.00000 0.00000 0.00000 0.00000 0.00000 0.02817 0.08392 0.14042 0.19617 0.25203 0.30723 0.36247 0.41803 0.47364 0.52970 0.56478 0.58196 0.60174 0.61967 0.63966 0.65288 0.67419 0.69143 0.71379 0.72687 0.70861 0.65319 0.60002 0.54160 0.48823 0.43305 0.37658 0.32104 0.26605 0.21150 0.17370 0.15531 0.13680 0.11907 0.10058 0.08183 0.06367 0.04563 0.02741 0.00912 0.02726 0.08182 0.13683 0.19160 0.24527 0.29994 0.35553 0.41063 0.46276 0.51778 0.55609 0.57522 0.58887 0.60739 0.62833 0.64637 0.66180 0.67779 0.70048 0.71775 0.71795 0.69704 0.68334 0.66513 0.64758
0.00000 0.00000 0.00000 0.00000 0.00000 0.00000 0.00000 0.00000 0.00000 0.00000 0.00000 0.00000 0.00000 0.00000 0.00000 0.00000 0.00000 0.00000 0.00000 0.00000 0.00000 0.00000 0.00000 0.00000 0.00000 0.02440 0.07276 0.12192 0.17013 0.21822 0.26596 0.31470 0.36270 0.41021 0.45846 0.49469 0.51984 0.54764 0.57094 0.59731 0.61995 0.65186 0.67287 0.70144 0.72326 0.71581 0.66395 0.61774 0.56861 0.52229 0.47259 0.42408 0.37630 0.32896 0.28107 0.24293 0.21743 0.19191 0.16667 0.14042 0.11474 0.08941 0.06386 0.03822 0.01275 0.02369 0.07104 0.11827 0.16564 0.21305 0.26057 0.30726 0.35490 0.40226 0.44977 0.48538 0.51143 0.53594 0.56100 0.58828 0.61270 0.63697 0.66028 0.68995 0.71351 0.71393 0.68675 0.66486 0.63804 0.61415
0.00000 0.00000 0.00000 0.00000 0.00000 0.00000 0.00000 0.00000 0.00000 0.00000 0.00000 0.00000 0.00000 0.00000 0.00000 0.00000 0.00000 0.00000 0.00000 0.00000 0.00000 0.00000 0.00000 0.00000 0.00000 0.02071 0.06170 0.10334 0.14388 0.18492 0.22534 0.26640 0.30740 0.34683 0.38769 0.42453 0.45762 0.49269 0.52194 0.55745 0.58815 0.62822 0.65347 0.69272 0.72050 0.72224 0.67432 0.63619 0.59581 0.55517 0.51310 0.47240 0.43316 0.39143 0.35052 0.31254 0.28048 0.24667 0.21370 0.18032 0.14789 0.11514 0.08187 0.04909 0.01638 0.02006 0.06015 0.09991 0.14004 0.18025 0.22067 0.25948 0.30012 0.34050 0.38162 0.41491 0.44890 0.48177 0.51514 0.54697 0.57836 0.61221 0.64343 0.67935 0.70847 0.71194 0.67762 0.64737 0.61352 0.58281
