0.00000 0.00000 0.00000 0.00000 0.00000 0.00000 0.00000 0.00000 0.00000 0.00000 0.00000 0.00000 0.00000 0.00000 0.00000 0.00000 0.00000 0.00000 0.00000 0.00000 0.00000 0.00000 0.00000 0.00000 0.00000 0.00000 0.00000 0.00000 0.00000 0.00000 0.00000 0.00000 0.00000 0.00000 0.00000 0.00000 0.00000 0.00000 0.00000 0.00000 0.00000 0.00000 0.00000 0.00000 0.00000 0.00000 0.00000 0.00000 0.00000 0.00000 0.00000 0.00000 0.00000 0.00000 0.00000 0.00000 0.00000 0.00000 0.00000 0.00000
0.00000 0.00000 0.00000 0.00000 0.00000 0.00000 0.00000 0.00000 0.00000 0.00000 0.00000 0.00000 0.00000 0.00000 0.00000 0.00000 0.00000 0.00000 0.00000 0.00000 0.00000 0.00000 0.00000 0.00000 0.00000 0.00000 0.00000 0.00000 0.00000 0.00000 0.00000 0.00000 0.00000 0.00000 0.00000 0.00000 0.00000 0.00000 0.00000 0.00000 0.00000 0.00000 0.00000 0.00000 0.00000 0.00000 0.00000 0.00000 0.00000 0.00000 0.00000 0.00000 0.00000 0.00000 0.00000 0.00000 0.00000 0.00000 0.00000 0.00000
0.00000 0.00000 0.00000 0.00000 0.00000 0.00000 0.00000 0.00000 0.00000 0.00000 0.00000 0.00000 0.00000 0.00000 0.00000 0.00000 0.00000 0.00000 0.00000 0.00000 0.00000 0.00000 0.00000 0.00000 0.00000 0.00000 0.00000 0.00000 0.00000 0.00000 0.00000 0.00000 0.00000 0.00000 0.00000 0.00000 0.00000 0.00000 0.00000 0.00000 0.00000 0.00000 0.00000 0.00000 0.00000 0.00000 0.00000 0.00000 0.00000 0.00000 0.00000 0.00000 0.00000 0.00000 0.00000 0.00000 0.00000 0.00000 0.00000 0.00000
0.00000 0.00000 0.00000 0.00000 0.00000 0.00000 0.00000 0.00000 0.00000 0.00000 0.00000 0.00000 0.00000 0.00000 0.00000 0.00000 0.00000 0.00000 0.00000 0.00000 0.00000 0.00000 0.00000 0.00000 0.00000 0.00000 0.00000 0.00000 0.00000 0.00000 0.00000 0.00000 0.00000 0.00000 0.00000 0.00000 0.00000 0.00000 0.00000 0.00000 0.00000 0.00000 0.00000 0.00000 0.00000 0.00000 0.00000 0.00000 0.00000 0.00000 0.00000 0.00000 0.00000 0.00000 0.00000 0.00000 0.00000 0.00000 0.00000 0.00000
0.00000 0.00000 0.00000 0.00000 0.00000 0.00000 0.00000 0.00000 0.00000 0.00000 0.00000 0.00000 0.00000 0.00000 0.00000 0.00000 0.00000 0.00000 0.00000 0.00000 0.00000 0.00000 0.00000 0.00000 0.00000 0.00000 0.00000 0.00000 0.00000 0.00000 0.00000 0.00000 0.00000 0.00000 0.00000 0.00000 0.00000 0.00000 0.00000 0.00000 0.00000 0.00000 0.00000 0.00000 0.00000 0.00000 0.00000 0.00000 0.00000 0.00000 0.00000 0.00000 0.00000 0.00000 0.00000 0.00000 0.00000 0.00000 0.00000 0.00000
0.00000 0.00000 0.00000 0.00000 0.00000 0.00000 0.00000 0.00000 0.00000 0.00000 0.00000 0.00000 0.00000 0.00000 0.00000 0.00000 0.00000 0.00000 0.00000 0.00000 0.00000 0.00000 0.00000 0.00000 0.00000 0.00000 0.00000 0.00000 0.00000 0.00000 0.00000 0.00000 0.00000 0.00000 0.00000 0.00000 0.00000 0.00000 0.00000 0.00000 0.00000 0.00000 0.00000 0.00000 0.00000 0.00000 0.00000 0.00000 0.00000 0.00000 0.00000 0.00000 0.00000 0.00000 0.00000 0.00000 0.00000 0.00000 0.00000 0.00000
0.00000 0.00000 0.00000 0.00000 0.00000 0.00000 0.00000 0.00000 0.00000 0.00000 0.00000 0.00000 0.00000 0.00000 0.00000 0.00000 0.00000 0.00000 0.00000 0.00000 0.00000 0.00000 0.00000 0.00000 0.00000 0.00000 0.00000 0.00000 0.00000 0.00000 0.00000 0.00000 0.00000 0.00000 0.00000 0.00000 0.00000 0.00000 0.00000 0.00000 0.00000 0.00000 0.00000 0.00000 0.00000 0.00000 0.00000 0.00000 0.00000 0.00000 0.00000 0.00000 0.00000 0.00000 0.00000 0.00000 0.00000 0.00000 0.00000 0.00000
0.00000 0.00000 0.00000 0.00000 0.00000 0.00000 0.00000 0.00000 0.00000 0.00000 0.00000 0.00000 0.00000 0.00000 0.00000 0.00000 0.00000 0.00000 0.00000 0.00000 0.00000 0.00000 0.00000 0.00000 0.00000 0.00000 0.00000 0.00000 0.00000 0.00000 0.00000 0.00000 0.00000 0.00000 0.00000 0.00000 0.00000 0.00000 0.00000 0.00000 0.00000 0.00000 0.00000 0.00000 0.00000 0.00000 0.00000 0.00000 0.00000 0.00000 0.00000 0.00000 0.00000 0.00000 0.00000 0.00000 0.00000 0.00000 0.00000 0.00000
0.00000 0.00000 0.00000 0.00000 0.00000 0.00000 0.00000 0.00000 0.00000 0.00000 0.00000 0.00000 0.00000 0.00000 0.00000 0.00000 0.00000 0.00000 0.00000 0.00000 0.00000 0.00000 0.00000 0.00000 0.00000 0.00000 0.00000 0.00000 0.00000 0.00000 0.00000 0.00000 0.00000 0.00000 0.00000 0.00000 0.00000 0.00000 0.00000 0.00000 0.00000 0.00000 0.00000 0.00000 0.00000 0.00000 0.00000 0.00000 0.00000 0.00000 0.00000 0.00000 0.00000 0.00000 0.00000 0.00000 0.00000 0.00000 0.00000 0.00000
0.00000 0.00000 0.00000 0.00000 0.00000 0.00000 0.00000 0.00000 0.00000 0.00000 0.00000 0.00000 0.00000 0.00000 0.00000 0.00000 0.00000 0.00000 0.00000 0.00000 0.00000 0.00000 0.00000 0.00000 0.00000 0.00000 0.00000 0.00000 0.00000 0.00000 0.00000 0.00000 0.00000 0.00000 0.00000 0.00000 0.00000 0.00000 0.00000 0.00000 0.00000 0.00000 0.00000 0.00000 0.00000 0.00000 0.00000 0.00000 0.00000 0.00000 0.00000 0.00000 0.00000 0.00000 0.00000 0.00000 0.00000 0.00000 0.00000 0.00000
0.00000 0.00000 0.00000 0.00000 0.00000 0.00000 0.00000 0.00000 0.00000 0.00000 0.00000 0.00000 0.00000 0.00000 0.00000 0.00000 0.00000 0.00000 0.00000 0.00000 0.00000 0.00000 0.00000 0.00000 0.00000 0.00000 0.00000 0.00000 0.00000 0.00000 0.00000 0.00000 0.00000 0.00000 0.00000 0.00000 0.00000 0.00000 0.00000 0.00000 0.00000 0.00000 0.00000 0.00000 0.00000 0.00000 0.00000 0.00000 0.00000 0.00000 0.00000 0.00000 0.00000 0.00000 0.00000 0.00000 0.00000 0.00000 0.00000 0.00000
0.00000 0.00000 0.00000 0.00000 0.00000 0.00000 0.00000 0.00000 0.00000 0.00000 0.00000 0.00000 0.00000 0.00000 0.00000 0.00000 0.00000 0.00000 0.00000 0.00000 0.00000 0.00000 0.00000 0.00000 0.00000 0.00000 0.00000 0.00000 0.00000 0.00000 0.00000 0.00000 0.00000 0.00000 0.00000 0.00000 0.00000 0.00000 0.00000 0.00000 0.00000 0.00000 0.00000 0.00000 0.00000 0.00000 0.00000 0.00000 0.00000 0.00000 0.00000 0.00000 0.00000 0.00000 0.00000 0.00000 0.00000 0.00000 0.00000 0.00000
0.00000 0.00000 0.00000 0.00000 0.00000 0.00000 0.00000 0.00000 0.00000 0.00000 0.00000 0.00000 0.00000 0.00000 0.00000 0.00000 0.00000 0.00000 0.00000 0.00000 0.00000 0.00000 0.00000 0.00000 0.00000 0.00000 0.00000 0.00000 0.00000 0.00000 0.00000 0.00000 0.00000 0.00000 0.00000 0.00000 0.00000 0.00000 0.00000 0.00000 0.00000 0.00000 0.00000 0.00000 0.00000 0.00000 0.00000 0.00000 0.00000 0.00000 0.00000 0.00000 0.00000 0.00000 0.00000 0.00000 0.00000 0.00000 0.00000 0.00000
0.00000 0.00000 0.00000 0.00000 0.00000 0.00000 0.00000 0.00000 0.00000 0.00000 0.00000 0.00000 0.00000 0.00000 0.00000 0.00000 0.00000 0.00000 0.00000 0.00000 0.00000 0.00000 0.00000 0.00000 0.00000 0.00000 0.00000 0.00000 0.00000 0.00000 0.00000 0.00000 0.00000 0.00000 0.00000 0.00000 0.00000 0.00000 0.00000 0.00000 0.00000 0.00000 0.00000 0.00000 0.00000 0.00000 0.00000 0.00000 0.00000 0.00000 0.00000 0.00000 0.00000 0.00000 0.00000 0.00000 0.00000 0.00000 0.00000 0.00000
0.00000 0.00000 0.00000 0.00000 0.00000 0.00000 0.00000 0.00000 0.00000 0.00000 0.00000 0.00000 0.00000 0.00000 0.00000 0.00000 0.00000 0.00000 0.00000 0.00000 0.00000 0.00000 0.00000 0.00000 0.00000 0.00000 0.00000 0.00000 0.00000 0.00000 0.00000 0.00000 0.00000 0.00000 0.00000 0.00000 0.00000 0.00000 0.00000 0.00000 0.00000 0.00000 0.00000 0.00000 0.00000 0.00000 0.00000 0.00000 0.00000 0.00000 0.00000 0.00000 0.00000 0.00000 0.00000 0.00000 0.00000 0.00000 0.00000 0.00000
0.00000 0.00000 0.00000 0.00000 0.00000 0.00000 0.00000 0.00000 0.00000 0.00000 0.00000 0.00000 0.00000 0.00000 0.00000 0.00010 0.00031 0.00054 0.00081 0.00109 0.00136 0.00168 0.00201 0.00240 0.00277 0.00287 0.00263 0.00240 0.00216 0.00186 0.00157 0.00127 0.00094 0.00058 0.00020 0.00000 0.00000 0.00000 0.00000 0.00000 0.00000 0.00000 0.00000 0.00000 0.00000 0.00000 0.00000 0.00000 0.00000 0.00000 0.00000 0.00000 0.00000 0.00000 0.00000 0.00000 0.00000 0.00000 0.00000 0.00000
0.00000 0.00000 0.00000 0.00000 0.00000 0.00000 0.00000 0.00000 0.00000 0.00000 0.00000 0.00000 0.00000 0.00000 0.00000 0.00030 0.00094 0.00164 0.00237 0.00326 0.00418 0.00490 0.00601 0.00719 0.00842 0.00853 0.00793 0.00725 0.00652 0.00564 0.00480 0.00382 0.00280 0.00174 0.00060 0.00000 0.00000 0.00000 0.00000 0.00000 0.00000 0.00000 0.00000 0.00000 0.00000 0.00000 0.00000 0.00000 0.00000 0.00000 0.00000 0.00000 0.00000 0.00000 0.00000 0.00000 0.00000 0.00000 0.00000 0.00000
0.00000 0.00000 0.00000 0.00000 0.00000 0.00000 0.00000 0.00000 0.00000 0.00000 0.00000 0.00000 0.00000 0.00000 0.00000 0.00049 0.00161 0.00281 0.00391 0.00534 0.00704 0.00861 0.01001 0.01186 0.01385 0.01442 0.01327 0.01203 0.01081 0.00951 0.00796 0.00636 0.00462 0.00292 0.00100 0.00000 0.00000 0.00000 0.00000 0.00000 0.00000 0.00000 0.00000 0.00000 0.00000 0.00000 0.00000 0.00000 0.00000 0.00000 0.00000 0.00000 0.00000 0.00000 0.00000 0.00000 0.00000 0.00000 0.00000 0.00000
0.00000 0.00000 0.00000 0.00000 0.00000 0.00000 0.00000 0.00000 0.00000 0.00000 0.00000 0.00000 0.00000 0.00000 0.00000 0.00070 0.00216 0.00386 0.00566 0.00740 0.00948 0.01218 0.01433 0.01630 0.01921 0.02004 0.01865 0.01675 0.01508 0.01316 0.01118 0.00882 0.00658 0.00406 0.00139 0.00000 0.00000 0.00000 0.00000 0.00000 0.00000 0.00000 0.00000 0.00000 0.00000 0.00000 0.00000 0.00000 0.00000 0.00000 0.00000 0.00000 0.00000 0.00000 0.00000 0.00000 0.00000 0.00000 0.00000 0.00000
0.00000 0.00000 0.00000 0.00000 0.00000 0.00000 0.00000 0.00000 0.00000 0.00000 0.00000 0.00000 0.00000 0.00000 0.00000 0.00092 0.00274 0.00487 0.00743 0.00992 0.01206 0.01522 0.01897 0.02157 0.02442 0.02579 0.02389 0.02160 0.01933 0.01696 0.01418 0.01154 0.00847 0.00517 0.00177 0.00000 0.00000 0.00000 0.00000 0.00000 0.00000 0.00000 0.00000 0.00000 0.00000 0.00000 0.00000 0.00000 0.00000 0.00000 0.00000 0.00000 0.00000 0.00000 0.00000 0.00000 0.00000 0.00000 0.00000 0.00000
0.00000 0.00000 0.00000 0.00000 0.00000 0.00000 0.00000 0.00000 0.00000 0.00000 0.00000 0.00000 0.00000 0.00000 0.00000 0.00110 0.00346 0.00598 0.00866 0.01196 0.01528 0.01810 0.02193 0.02666 0.03066 0.03122 0.02896 0.02672 0.02424 0.02074 0.01752 0.01409 0.01041 0.00633 0.00218 0.00000 0.00000 0.00000 0.00000 0.00000 0.00000 0.00000 0.00000 0.00000 0.00000 0.00000 0.00000 0.00000 0.00000 0.00000 0.00000 0.00000 0.00000 0.00000 0.00000 0.00000 0.00000 0.00000 0.00000 0.00000
0.00000 0.00000 0.00000 0.00000 0.00000 0.00000 0.00000 0.00000 0.00000 0.00000 0.00000 0.00000 0.00000 0.00000 0.00000 0.00127 0.00415 0.00724 0.01012 0.01400 0.01843 0.02194 0.02527 0.03127 0.03667 0.03657 0.03407 0.03189 0.02853 0.02461 0.02075 0.01664 0.01205 0.00758 0.00261 0.00000 0.00000 0.00000 0.00000 0.00000 0.00000 0.00000 0.00000 0.00000 0.00000 0.00000 0.00000 0.00000 0.00000 0.00000 0.00000 0.00000 0.00000 0.00000 0.00000 0.00000 0.00000 0.00000 0.00000 0.00000
0.00000 0.00000 0.00000 0.00000 0.00000 0.00000 0.00000 0.00000 0.00000 0.00000 0.00000 0.00000 0.00000 0.00000 0.00000 0.00149 0.00459 0.00816 0.01223 0.01607 0.01995 0.02549 0.03061 0.03545 0.04093 0.04284 0.04004 0.03651 0.03252 0.02837 0.02423 0.01910 0.01408 0.00872 0.00301 0.00000 0.00000 0.00000 0.00000 0.00000 0.00000 0.00000 0.00000 0.00000 0.00000 0.00000 0.00000 0.00000 0.00000 0.00000 0.00000 0.00000 0.00000 0.00000 0.00000 0.00000 0.00000 0.00000 0.00000 0.00000
0.00000 0.00000 0.00000 0.00000 0.00000 0.00000 0.00000 0.00000 0.00000 0.00000 0.00000 0.00000 0.00000 0.00000 0.00000 0.00171 0.00512 0.00930 0.01384 0.01832 0.02239 0.02895 0.03518 0.03979 0.04599 0.04937 0.04602 0.04066 0.03657 0.03285 0.02723 0.02169 0.01605 0.00988 0.00333 0.00000 0.00000 0.00000 0.00000 0.00000 0.00000 0.00000 0.00000 0.00000 0.00000 0.00000 0.00000 0.00000 0.00000 0.00000 0.00000 0.00000 0.00000 0.00000 0.00000 0.00000 0.00000 0.00000 0.00000 0.00000
0.00000 0.00000 0.00000 0.00000 0.00000 0.00000 0.00000 0.00000 0.00000 0.00000 0.00000 0.00000 0.00000 0.00000 0.00000 0.00186 0.00607 0.01044 0.01473 0.02033 0.02653 0.03221 0.03754 0.04479 0.05296 0.05506 0.05004 0.04542 0.04183 0.03658 0.03044 0.02433 0.01801 0.01105 0.00379 0.00000 0.00000 0.00000 0.00000 0.00000 0.00000 0.00000 0.00000 0.00000 0.00000 0.00000 0.00000 0.00000 0.00000 0.00000 0.00000 0.00000 0.00000 0.00000 0.00000 0.00000 0.00000 0.00000 0.00000 0.00000
0.00000 0.00000 0.00000 0.00000 0.00000 0.00000 0.00000 0.00000 0.00000 0.00000 0.00000 0.00000 0.00000 0.00000 0.00000 0.00198 0.00636 0.01096 0.01537 0.02163 0.02778 0.03338 0.03925 0.04828 0.05613 0.05648 0.05240 0.04931 0.04383 0.03777 0.03210 0.02584 0.01892 0.01170 0.00402 0.00000 0.00000 0.00000 0.00000 0.00000 0.00000 0.00000 0.00000 0.00000 0.00000 0.00000 0.00000 0.00000 0.00000 0.00000 0.00000 0.00000 0.00000 0.00000 0.00000 0.00000 0.00000 0.00000 0.00000 0.00000
0.00000 0.00000 0.00000 0.00000 0.00000 0.00000 0.00000 0.00000 0.00000 0.00000 0.00000 0.00000 0.00000 0.00000 0.00000 0.00201 0.00609 0.01083 0.01642 0.02181 0.02670 0.03331 0.04133 0.04838 0.05439 0.05623 0.05400 0.04924 0.04317 0.03759 0.03252 0.02603 0.01886 0.01169 0.00401 0.00000 0.00000 0.00000 0.00000 0.00000 0.00000 0.00000 0.00000 0.00000 0.00000 0.00000 0.00000 0.00000 0.00000 0.00000 0.00000 0.00000 0.00000 0.00000 0.00000 0.00000 0.00000 0.00000 0.00000 0.00000
0.00000 0.00000 0.00000 0.00000 0.00000 0.00000 0.00000 0.00000 0.00000 0.00000 0.00000 0.00000 0.00000 0.00000 0.00000 0.00200 0.00602 0.01098 0.01632 0.02145 0.02655 0.03395 0.04099 0.04734 0.05436 0.05797 0.05365 0.04842 0.04330 0.03834 0.03235 0.02577 0.01899 0.01165 0.00401 0.00000 0.00000 0.00000 0.00000 0.00000 0.00000 0.00000 0.00000 0.00000 0.00000 0.00000 0.00000 0.00000 0.00000 0.00000 0.00000 0.00000 0.00000 0.00000 0.00000 0.00000 0.00000 0.00000 0.00000 0.00000
0.00000 0.00000 0.00000 0.00000 0.00000 0.00000 0.00000 0.00000 0.00000 0.00000 0.00000 0.00000 0.00000 0.00000 0.00000 0.00197 0.00640 0.01110 0.01575 0.02134 0.02816 0.03435 0.03989 0.04697 0.05663 0.05841 0.05254 0.04794 0.04423 0.03885 0.03204 0.02564 0.01896 0.01172 0.00402 0.00000 0.00000 0.00000 0.00000 0.00000 0.00000 0.00000 0.00000 0.00000 0.00000 0.00000 0.00000 0.00000 0.00000 0.00000 0.00000 0.00000 0.00000 0.00000 0.00000 0.00000 0.00000 0.00000 0.00000 0.00000
0.00000 0.00000 0.00000 0.00000 0.00000 0.00000 0.00000 0.00000 0.00000 0.00000 0.00000 0.00000 0.00000 0.00000 0.00000 0.00199 0.00650 0.01102 0.01554 0.02160 0.02803 0.03388 0.03975 0.04789 0.05632 0.05769 0.05260 0.04854 0.04425 0.03850 0.03216 0.02564 0.01892 0.01178 0.00403 0.00000 0.00000 0.00000 0.00000 0.00000 0.00000 0.00000 0.00000 0.00000 0.00000 0.00000 0.00000 0.00000 0.00000 0.00000 0.00000 0.00000 0.00000 0.00000 0.00000 0.00000 0.00000 0.00000 0.00000 0.00000
0.00000 0.00000 0.00000 0.00000 0.00000 0.00000 0.00000 0.00000 0.00000 0.00000 0.00000 0.00000 0.00000 0.00000 0.00000 0.00202 0.00619 0.01094 0.01649 0.02187 0.02715 0.03350 0.04177 0.04864 0.05478 0.05684 0.05423 0.04946 0.04339 0.03800 0.03243 0.02589 0.01901 0.01172 0.00402 0.00000 0.00000 0.00000 0.00000 0.00000 0.00000 0.00000 0.00000 0.00000 0.00000 0.00000 0.00000 0.00000 0.00000 0.00000 0.00000 0.00000 0.00000 0.00000 0.00000 0.00000 0.00000 0.00000 0.00000 0.00000
0.00000 0.00000 0.00000 0.00000 0.00000 0.00000 0.00000 0.00000 0.00000 0.00000 0.00000 0.00000 0.00000 0.00000 0.00000 0.00203 0.00613 0.01098 0.01667 0.02186 0.02690 0.03387 0.04169 0.04843 0.05465 0.05727 0.05456 0.04937 0.04324 0.03784 0.03250 0.02615 0.01897 0.01169 0.00402 0.00000 0.00000 0.00000 0.00000 0.00000 0.00000 0.00000 0.00000 0.00000 0.00000 0.00000 0.00000 0.00000 0.00000 0.00000 0.00000 0.00000 0.00000 0.00000 0.00000 0.00000 0.00000 0.00000 0.00000 0.00000
0.00000 0.00000 0.00000 0.00000 0.00000 0.00000 0.00000 0.00000 0.00000 0.00000 0.00000 0.00000 0.00000 0.00000 0.00000 0.00206 0.00645 0.01111 0.01594 0.02168 0.02838 0.03439 0.04033 0.04762 0.05697 0.05836 0.05305 0.04879 0.04424 0.03845 0.03232 0.02582 0.01899 0.01173 0.00404 0.00000 0.00000 0.00000 0.00000 0.00000 0.00000 0.00000 0.00000 0.00000 0.00000 0.00000 0.00000 0.00000 0.00000 0.00000 0.00000 0.00000 0.00000 0.00000 0.00000 0.00000 0.00000 0.00000 0.00000 0.00000
0.00000 0.00000 0.00000 0.00000 0.00000 0.00000 0.00000 0.00000 0.00000 0.00000 0.00000 0.00000 0.00000 0.00000 0.00000 0.00199 0.00659 0.01124 0.01583 0.02161 0.02855 0.03458 0.04014 0.04784 0.05711 0.05868 0.05287 0.04848 0.04469 0.03898 0.03207 0.02567 0.01894 0.01180 0.00404 0.00000 0.00000 0.00000 0.00000 0.00000 0.00000 0.00000 0.00000 0.00000 0.00000 0.00000 0.00000 0.00000 0.00000 0.00000 0.00000 0.00000 0.00000 0.00000 0.00000 0.00000 0.00000 0.00000 0.00000 0.00000
0.00000 0.00000 0.00000 0.00000 0.00000 0.00000 0.00000 0.00000 0.00000 0.00000 0.00000 0.00000 0.00000 0.00000 0.00000 0.00197 0.00632 0.01145 0.01656 0.02186 0.02748 0.03429 0.04202 0.04855 0.05539 0.05808 0.05459 0.04901 0.04368 0.03856 0.03243 0.02574 0.01904 0.01178 0.00404 0.00000 0.00000 0.00000 0.00000 0.00000 0.00000 0.00000 0.00000 0.00000 0.00000 0.00000 0.00000 0.00000 0.00000 0.00000 0.00000 0.00000 0.00000 0.00000 0.00000 0.00000 0.00000 0.00000 0.00000 0.00000
0.00080 0.00095 0.00110 0.00111 0.00133 0.00130 0.00116 0.00109 0.00101 0.00079 0.00069 0.00060 0.00045 0.00027 0.00010 0.00197 0.00590 0.01046 0.01584 0.02116 0.02611 0.03229 0.04006 0.04668 0.05259 0.05482 0.05189 0.04733 0.04155 0.03615 0.03052 0.02468 0.01813 0.01119 0.00385 0.00021 0.00063 0.00109 0.00158 0.00206 0.00255 0.00313 0.00374 0.00430 0.00485 0.00527 0.00542 0.00551 0.00554 0.00567 0.00577 0.00592 0.00592 0.00594 0.00592 0.00619 0.00625 0.00613 0.00609 0.00601
0.00292 0.00316 0.00362 0.00364 0.00401 0.00404 0.00384 0.00338 0.00290 0.00246 0.00223 0.00188 0.00132 0.00079 0.00030 0.00183 0.00549 0.00934 0.01387 0.01910 0.02424 0.02914 0.03471 0.04172 0.04883 0.04922 0.04547 0.04245 0.03788 0.03231 0.02738 0.02203 0.01624 0.01007 0.00345 0.00062 0.00194 0.00330 0.00463 0.00618 0.00788 0.00948 0.01094 0.01278 0.01491 0.01596 0.01593 0.01621 0.01700 0.01726 0.01716 0.01718 0.01791 0.01834 0.01802 0.01761 0.01771 0.01777 0.01791 0.01748
0.00428 0.00480 0.00567 0.00628 0.00700 0.00697 0.00656 0.00526 0.00477 0.00443 0.00386 0.00286 0.00219 0.00143 0.00049 0.00152 0.00485 0.00861 0.01221 0.01635 0.02151 0.02639 0.03081 0.03623 0.04295 0.04440 0.04053 0.03678 0.03284 0.02885 0.02427 0.01942 0.01436 0.00891 0.00304 0.00105 0.00323 0.00548 0.00774 0.01040 0.01314 0.01572 0.01832 0.02151 0.02481 0.02650 0.02669 0.02745 0.02808 0.02864 0.02872 0.02909 0.02941 0.03041 0.03046 0.02999 0.02985 0.03062 0.03095 0.03064
0.00659 0.00709 0.00840 0.00964 0.01056 0.00971 0.00839 0.00785 0.00740 0.00633 0.00509 0.00403 0.00331 0.00208 0.00069 0.00129 0.00432 0.00764 0.01085 0.01419 0.01822 0.02315 0.02764 0.03142 0.03630 0.03895 0.03595 0.03160 0.02845 0.02501 0.02110 0.01695 0.01247 0.00771 0.00266 0.00147 0.00450 0.00765 0.01116 0.01463 0.01790 0.02192 0.02636 0.03041 0.03390 0.03655 0.03830 0.03891 0.03865 0.03898 0.04109 0.04167 0.04098 0.04062 0.04205 0.04225 0.04170 0.04041 0.03988 0.03867
0.00862 0.00972 0.01100 0.01218 0.01376 0.01264 0.01127 0.01074 0.00978 0.00765 0.00658 0.00564 0.00425 0.00254 0.00089 0.00117 0.00361 0.00622 0.00924 0.01247 0.01551 0.01903 0.02340 0.02739 0.03112 0.03231 0.02985 0.02710 0.02425 0.02112 0.01788 0.01439 0.01057 0.00655 0.00225 0.00190 0.00577 0.00999 0.01441 0.01874 0.02311 0.02832 0.03397 0.03902 0.04383 0.04752 0.04904 0.04990 0.04994 0.05094 0.05214 0.05324 0.05321 0.05303 0.05387 0.05557 0.05552 0.05344 0.05344 0.05372
0.01197 0.01324 0.01431 0.01411 0.01549 0.01683 0.01510 0.01305 0.01061 0.00970 0.00890 0.00703 0.00489 0.00303 0.00117 0.00098 0.00295 0.00500 0.00759 0.01044 0.01304 0.01555 0.01861 0.02300 0.02645 0.02617 0.02421 0.02230 0.01989 0.01739 0.01464 0.01175 0.00871 0.00540 0.00184 0.00232 0.00718 0.01216 0.01720 0.02295 0.02909 0.03496 0.04037 0.04722 0.05500 0.05887 0.05852 0.05962 0.06266 0.06344 0.06264 0.06284 0.06597 0.06668 0.06481 0.06388 0.06512 0.06409 0.06322 0.06133
0.01302 0.01509 0.01697 0.01748 0.01948 0.02065 0.01847 0.01485 0.01288 0.01239 0.01068 0.00799 0.00590 0.00384 0.00135 0.00075 0.00231 0.00407 0.00589 0.00786 0.01021 0.01246 0.01464 0.01734 0.02060 0.02065 0.01897 0.01737 0.01552 0.01355 0.01143 0.00921 0.00679 0.00419 0.00144 0.00276 0.00849 0.01451 0.02023 0.02699 0.03457 0.04151 0.04794 0.05586 0.06517 0.06981 0.06953 0.07110 0.07362 0.07498 0.07434 0.07516 0.07771 0.07873 0.07807 0.07657 0.07815 0.07942 0.07891 0.07634
0.01500 0.01673 0.01955 0.02286 0.02477 0.02251 0.01882 0.01854 0.01687 0.01428 0.01084 0.00922 0.00750 0.00456 0.00147 0.00051 0.00172 0.00299 0.00424 0.00553 0.00707 0.00910 0.01088 0.01225 0.01405 0.01498 0.01378 0.01243 0.01109 0.00968 0.00822 0.00662 0.00485 0.00300 0.00104 0.00316 0.00970 0.01688 0.02418 0.03136 0.03873 0.04786 0.05675 0.06558 0.07309 0.07923 0.08238 0.08365 0.08301 0.08422 0.08796 0.08898 0.08738 0.08756 0.08991 0.08967 0.08816 0.08748 0.08660 0.08431
0.01638 0.01894 0.02240 0.02701 0.02893 0.02433 0.02170 0.02241 0.01967 0.01529 0.01262 0.01123 0.00852 0.00516 0.00172 0.00032 0.00102 0.00179 0.00257 0.00339 0.00428 0.00534 0.00657 0.00747 0.00849 0.00901 0.00831 0.00745 0.00668 0.00588 0.00495 0.00396 0.00293 0.00182 0.00062 0.00361 0.01105 0.01888 0.02742 0.03617 0.04407 0.05349 0.06511 0.07505 0.08322 0.08934 0.09368 0.09557 0.09401 0.09558 0.10007 0.10088 0.09908 0.09974 0.10461 0.10407 0.10103 0.09843 0.10067 0.10040
0.02126 0.02439 0.02669 0.02679 0.02910 0.03109 0.02814 0.02412 0.01956 0.01816 0.01604 0.01264 0.00834 0.00546 0.00205 0.00011 0.00033 0.00057 0.00084 0.00117 0.00148 0.00175 0.00207 0.00255 0.00296 0.00299 0.00272 0.00250 0.00227 0.00197 0.00165 0.00133 0.00098 0.00060 0.00020 0.00407 0.01254 0.02094 0.03017 0.04083 0.05053 0.06077 0.07085 0.08314 0.09524 0.10234 0.10225 0.10475 0.10786 0.10982 0.10891 0.11009 0.11225 0.11388 0.11295 0.11241 0.11198 0.10990 0.11049 0.10974
0.02241 0.02572 0.02811 0.02693 0.03081 0.03514 0.03067 0.02311 0.01962 0.02192 0.01857 0.01384 0.01057 0.00764 0.00421 0.00224 0.00226 0.00229 0.00242 0.00260 0.00270 0.00273 0.00280 0.00298 0.00315 0.00316 0.00322 0.00343 0.00350 0.00356 0.00370 0.00384 0.00391 0.00402 0.00416 0.00829 0.01679 0.02598 0.03491 0.04450 0.05630 0.06684 0.07567 0.08695 0.10198 0.10913 0.10729 0.10911 0.11490 0.11689 0.11298 0.11583 0.12217 0.12054 0.11671 0.11864 0.12188 0.12183 0.11856 0.11440
0.02410 0.02556 0.02871 0.03185 0.03505 0.03355 0.02891 0.02690 0.02549 0.02255 0.01888 0.01623 0.01476 0.01175 0.00795 0.00628 0.00676 0.00732 0.00746 0.00753 0.00777 0.00842 0.00875 0.00886 0.00905 0.00965 0.01006 0.01022 0.01040 0.01074 0.01120 0.01147 0.01171 0.01217 0.01257 0.01622 0.02404 0.03329 0.04148 0.04982 0.05941 0.07039 0.07981 0.09059 0.10051 0.10764 0.10957 0.11242 0.11273 0.11417 0.11412 0.11840 0.11976 0.11842 0.11748 0.11823 0.12017 0.11898 0.11701 0.11351
0.02469 0.02658 0.03020 0.03456 0.03641 0.02918 0.02795 0.03135 0.02850 0.02110 0.01986 0.02158 0.01853 0.01500 0.01212 0.01068 0.01140 0.01220 0.01252 0.01267 0.01312 0.01408 0.01464 0.01488 0.01526 0.01619 0.01678 0.01695 0.01751 0.01844 0.01864 0.01904 0.01978 0.02034 0.02058 0.02465 0.03209 0.03917 0.04792 0.05635 0.06299 0.07231 0.08421 0.09352 0.10023 0.10636 0.11190 0.11403 0.11015 0.11419 0.11894 0.11925 0.11494 0.11935 0.12435 0.12085 0.11672 0.11696 0.11986 0.12033
0.02767 0.03016 0.03302 0.03370 0.03410 0.03247 0.03241 0.03130 0.02796 0.02420 0.02405 0.02397 0.02082 0.01723 0.01605 0.01672 0.01630 0.01624 0.01697 0.01847 0.01915 0.01929 0.01981 0.02121 0.02219 0.02238 0.02289 0.02410 0.02522 0.02570 0.02605 0.02683 0.02798 0.02816 0.02885 0.03320 0.03957 0.04598 0.05330 0.06232 0.06879 0.07681 0.08536 0.09400 0.10245 0.10909 0.11046 0.11183 0.11157 0.11612 0.11887 0.11744 0.11540 0.11931 0.12265 0.11963 0.11619 0.11533 0.11799 0.11888
0.03204 0.03335 0.03307 0.03217 0.03536 0.03807 0.03432 0.02747 0.02873 0.03010 0.02826 0.02440 0.02371 0.02232 0.02071 0.02056 0.02152 0.02122 0.02203 0.02401 0.02471 0.02504 0.02585 0.02757 0.02844 0.02897 0.02990 0.03146 0.03229 0.03286 0.03428 0.03527 0.03502 0.03666 0.03810 0.04082 0.04688 0.05384 0.05942 0.06577 0.07434 0.08183 0.08660 0.09473 0.10539 0.11050 0.10851 0.11186 0.11597 0.11755 0.11398 0.11903 0.12337 0.11936 0.11783 0.11943 0.12394 0.12110 0.11839 0.11588
0.03318 0.03258 0.03364 0.03317 0.03655 0.03741 0.03394 0.02993 0.03015 0.03225 0.02968 0.02600 0.02552 0.02850 0.02523 0.02354 0.02499 0.02820 0.02820 0.02834 0.02927 0.03129 0.03285 0.03304 0.03396 0.03601 0.03761 0.03799 0.03897 0.04112 0.04225 0.04202 0.04352 0.04495 0.04608 0.04935 0.05468 0.06073 0.06575 0.07147 0.07832 0.08439 0.09059 0.09847 0.10514 0.10874 0.10976 0.11387 0.11614 0.11564 0.11323 0.11910 0.12322 0.11945 0.11612 0.11897 0.12187 0.12055 0.11837 0.11631
0.03588 0.03623 0.03840 0.03943 0.03697 0.03375 0.03556 0.03551 0.03249 0.03014 0.03179 0.03159 0.03019 0.03030 0.03028 0.02865 0.02929 0.03269 0.03444 0.03369 0.03482 0.03784 0.03878 0.03936 0.04080 0.04318 0.04397 0.04520 0.04711 0.04885 0.04858 0.05072 0.05207 0.05272 0.05450 0.05838 0.06276 0.06662 0.07263 0.07852 0.08153 0.08745 0.09492 0.10106 0.10423 0.10883 0.11282 0.11493 0.11288 0.11722 0.12033 0.11867 0.11741 0.12100 0.12488 0.12001 0.11797 0.11707 0.11964 0.12040
0.03589 0.03662 0.03808 0.03758 0.03704 0.03427 0.03480 0.03668 0.03489 0.03190 0.03164 0.03539 0.03408 0.03165 0.03222 0.03645 0.03608 0.03587 0.03753 0.04033 0.04209 0.04256 0.04367 0.04654 0.04861 0.04864 0.05032 0.05325 0.05554 0.05592 0.05714 0.05764 0.05939 0.06185 0.06371 0.06617 0.06969 0.07489 0.07909 0.08286 0.08699 0.09281 0.09752 0.10129 0.10561 0.11105 0.11300 0.11331 0.11295 0.11808 0.12134 0.11874 0.11666 0.12071 0.12465 0.12065 0.11806 0.11768 0.11932 0.12065
0.04535 0.04285 0.03949 0.03783 0.03976 0.03926 0.03542 0.03395 0.03673 0.03698 0.03496 0.03648 0.03745 0.03668 0.03632 0.04010 0.04234 0.04106 0.04160 0.04673 0.04862 0.04822 0.04995 0.05365 0.05452 0.05569 0.05811 0.06099 0.06201 0.06404 0.06490 0.06540 0.06794 0.07085 0.07215 0.07405 0.07847 0.08262 0.08463 0.08797 0.09293 0.09735 0.09892 0.10290 0.10824 0.11177 0.11126 0.11428 0.11667 0.11792 0.11679 0.12125 0.12285 0.12000 0.11911 0.12003 0.12342 0.12008 0.11698 0.11273
0.04284 0.03873 0.03813 0.03667 0.03797 0.03865 0.03730 0.03511 0.03577 0.03952 0.03936 0.03760 0.03803 0.04298 0.04312 0.04276 0.04457 0.04862 0.05005 0.05103 0.05206 0.05549 0.05794 0.05790 0.06017 0.06422 0.06634 0.06640 0.06923 0.07111 0.07165 0.07467 0.07720 0.07807 0.07994 0.08422 0.08681 0.08846 0.09073 0.09516 0.09792 0.09967 0.10206 0.10659 0.10924 0.11042 0.11134 0.11567 0.11824 0.11758 0.11614 0.12084 0.12543 0.12126 0.11878 0.12088 0.12395 0.12119 0.11972 0.11760
0.04578 0.04379 0.04370 0.04191 0.03779 0.03663 0.03873 0.03883 0.03669 0.03813 0.04035 0.04048 0.04103 0.04413 0.04544 0.04532 0.04627 0.05147 0.05356 0.05305 0.05461 0.05957 0.06225 0.06166 0.06376 0.06796 0.06839 0.07061 0.07399 0.07498 0.07610 0.07935 0.08017 0.08234 0.08618 0.08889 0.08980 0.09196 0.09566 0.09863 0.09910 0.10151 0.10497 0.10814 0.10835 0.11073 0.11330 0.11619 0.11602 0.11883 0.12010 0.12000 0.11974 0.12244 0.12411 0.12063 0.11907 0.11717 0.11851 0.11501
0.04040 0.04054 0.04152 0.03893 0.03751 0.03579 0.03706 0.03882 0.03839 0.03691 0.03798 0.04244 0.04273 0.04253 0.04379 0.04829 0.04952 0.05004 0.05136 0.05514 0.05735 0.05820 0.05956 0.06406 0.06581 0.06523 0.06852 0.07255 0.07394 0.07497 0.07770 0.07796 0.08001 0.08421 0.08669 0.08769 0.08958 0.09377 0.09622 0.09747 0.09923 0.10324 0.10566 0.10694 0.10837 0.11213 0.11458 0.11539 0.11512 0.11929 0.12278 0.12115 0.11992 0.12240 0.12595 0.12265 0.12101 0.12108 0.12212 0.12184
0.04567 0.04285 0.04054 0.03906 0.04003 0.03932 0.03612 0.03645 0.03912 0.03963 0.03898 0.04107 0.04239 0.04302 0.04476 0.04775 0.04910 0.04969 0.05154 0.05562 0.05753 0.05804 0.05950 0.06391 0.06527 0.06677 0.06928 0.07233 0.07395 0.07604 0.07628 0.07822 0.08231 0.08461 0.08535 0.08779 0.09161 0.09430 0.09501 0.09748 0.10081 0.10405 0.10464 0.10690 0.10957 0.11315 0.11360 0.11548 0.11714 0.11967 0.11970 0.12160 0.12299 0.12208 0.12135 0.12143 0.12427 0.11920 0.11611 0.11051
0.04435 0.03848 0.03743 0.03703 0.03887 0.03790 0.03648 0.03570 0.03734 0.04006 0.03980 0.03962 0.04110 0.04527 0.04626 0.04639 0.04794 0.05213 0.05385 0.05444 0.05593 0.05986 0.06199 0.06217 0.06452 0.06831 0.07072 0.07131 0.07365 0.07544 0.07622 0.07994 0.08242 0.08335 0.08531 0.08927 0.09202 0.09331 0.09491 0.09869 0.10150 0.10305 0.10442 0.10793 0.11069 0.11227 0.11282 0.11621 0.11885 0.11976 0.11871 0.12204 0.12441 0.12375 0.12272 0.12406 0.12524 0.12353 0.12275 0.12283
0.04228 0.04118 0.04058 0.03882 0.03625 0.03588 0.03826 0.03875 0.03670 0.03774 0.04016 0.04128 0.04201 0.04406 0.04542 0.04671 0.04880 0.05156 0.05311 0.05447 0.05653 0.05984 0.06144 0.06290 0.06518 0.06850 0.06991 0.07184 0.07410 0.07537 0.07827 0.07998 0.08066 0.08334 0.08725 0.08981 0.09056 0.09307 0.09647 0.09956 0.10037 0.10273 0.10541 0.10912 0.10990 0.11182 0.11390 0.11748 0.11794 0.11919 0.12110 0.12288 0.12227 0.12246 0.12566 0.12311 0.12035 0.11880 0.11982 0.11567
0.04042 0.04010 0.04139 0.03665 0.03453 0.03490 0.03769 0.03768 0.03617 0.03685 0.03902 0.04219 0.04232 0.04263 0.04455 0.04876 0.05020 0.05008 0.05212 0.05625 0.05828 0.05843 0.06043 0.06449 0.06673 0.06699 0.06949 0.07324 0.07597 0.07615 0.07764 0.07943 0.08090 0.08429 0.08746 0.08895 0.09049 0.09387 0.09701 0.09891 0.09999 0.10334 0.10637 0.10845 0.10919 0.11240 0.11513 0.11712 0.11731 0.12012 0.12179 0.12332 0.12422 0.12506 0.12424 0.12516 0.12511 0.12687 0.12630 0.12625
0.03735 0.03702 0.03687 0.03632 0.03739 0.03673 0.03436 0.03447 0.03821 0.03933 0.03851 0.03984 0.04223 0.04411 0.04513 0.04750 0.04913 0.05099 0.05276 0.05566 0.05736 0.05887 0.06104 0.06443 0.06599 0.06723 0.06996 0.07389 0.07510 0.07628 0.07751 0.07862 0.08234 0.08507 0.08602 0.08836 0.09172 0.09483 0.09585 0.09815 0.10100 0.10454 0.10546 0.10762 0.10997 0.11367 0.11440 0.11607 0.11836 0.12137 0.12121 0.12154 0.12501 0.12733 0.12311 0.12233 0.12573 0.12280 0.11825 0.11468
0.03870 0.03434 0.03423 0.03511 0.03840 0.03516 0.03237 0.03452 0.03765 0.03884 0.03735 0.03917 0.04138 0.04508 0.04570 0.04610 0.04807 0.05238 0.05407 0.05410 0.05620 0.06035 0.06245 0.06280 0.06490 0.06899 0.07109 0.07189 0.07428 0.07734 0.07678 0.07938 0.08241 0.08470 0.08616 0.08892 0.09209 0.09447 0.09552 0.09865 0.10155 0.10421 0.10483 0.10818 0.11067 0.11349 0.11388 0.11691 0.11871 0.12133 0.12286 0.12405 0.12313 0.12586 0.12857 0.12897 0.12626 0.12679 0.12749 0.12942
0.03701 0.03491 0.03475 0.03337 0.03250 0.03209 0.03574 0.03577 0.03494 0.03500 0.03903 0.04125 0.04086 0.04316 0.04515 0.04799 0.04834 0.05134 0.05329 0.05517 0.05665 0.05971 0.06178 0.06306 0.06542 0.06864 0.07054 0.07189 0.07428 0.07733 0.07862 0.07977 0.08152 0.08357 0.08700 0.09011 0.09104 0.09331 0.09630 0.09981 0.10059 0.10301 0.10539 0.10933 0.10983 0.11199 0.11438 0.11791 0.11812 0.11933 0.12262 0.12610 0.12360 0.12403 0.12801 0.12964 0.12356 0.12366 0.12467 0.12285
0.03722 0.03600 0.03675 0.03153 0.03018 0.03219 0.03617 0.03491 0.03201 0.03562 0.03889 0.04129 0.04039 0.04249 0.04400 0.04863 0.04941 0.04993 0.05179 0.05624 0.05796 0.05816 0.06047 0.06450 0.06644 0.06703 0.06970 0.07333 0.07536 0.07562 0.07829 0.08092 0.08156 0.08402 0.08695 0.08979 0.09092 0.09396 0.09636 0.09962 0.10025 0.10373 0.10541 0.10922 0.10952 0.11298 0.11420 0.11809 0.11868 0.12137 0.12113 0.12496 0.12826 0.12836 0.12526 0.12848 0.13039 0.13149 0.13026 0.13139
0.03323 0.03110 0.03166 0.03005 0.03200 0.03065 0.03163 0.03028 0.03526 0.03652 0.03663 0.03902 0.04067 0.04458 0.04345 0.04772 0.04884 0.05193 0.05182 0.05537 0.05766 0.05863 0.06059 0.06383 0.06626 0.06674 0.06947 0.07326 0.07485 0.07643 0.07756 0.07924 0.08261 0.08504 0.08576 0.08848 0.09144 0.09502 0.09519 0.09840 0.10039 0.10482 0.10438 0.10779 0.10923 0.11410 0.11344 0.11585 0.11847 0.12243 0.12112 0.12326 0.12669 0.13163 0.12580 0.12937 0.13026 0.13388 0.13146 0.13444
0.03740 0.02964 0.03010 0.02960 0.03307 0.03007 0.02842 0.03082 0.03646 0.03623 0.03561 0.03910 0.04060 0.04483 0.04415 0.04680 0.04715 0.05241 0.05303 0.05399 0.05617 0.05982 0.06159 0.06230 0.06535 0.06843 0.07018 0.07130 0.07451 0.07682 0.07884 0.07966 0.08128 0.08527 0.08615 0.08914 0.09090 0.09490 0.09523 0.09917 0.09978 0.10457 0.10442 0.10891 0.10839 0.11403 0.11367 0.11753 0.11715 0.12207 0.12313 0.12627 0.12256 0.12929 0.13139 0.13237 0.12956 0.13431 0.13415 0.13601
0.03401 0.02869 0.02932 0.02515 0.02797 0.02613 0.03065 0.02920 0.03281 0.03384 0.03613 0.04056 0.03818 0.04503 0.04302 0.04917 0.04665 0.05221 0.05310 0.05493 0.05589 0.05925 0.06216 0.06182 0.06478 0.06816 0.07070 0.07090 0.07307 0.07778 0.07854 0.08005 0.08063 0.08392 0.08632 0.09033 0.08936 0.09401 0.09493 0.10025 0.09820 0.10373 0.10352 0.11014 0.10719 0.11247 0.11293 0.11872 0.11649 0.12027 0.12249 0.12790 0.12373 0.13040 0.13045 0.13771 0.13153 0.13841 0.13680 0.14387
0.03467 0.02828 0.03012 0.02533 0.02633 0.02486 0.03195 0.02895 0.03183 0.03298 0.03698 0.04042 0.03890 0.04519 0.04204 0.04882 0.04758 0.05158 0.05169 0.05553 0.05676 0.05822 0.06146 0.06294 0.06508 0.06695 0.07042 0.07188 0.07356 0.07579 0.07910 0.08075 0.08061 0.08469 0.08606 0.09024 0.08920 0.09456 0.09433 0.09995 0.09798 0.10443 0.10255 0.10983 0.10701 0.11341 0.11170 0.11829 0.11697 0.12165 0.12014 0.12705 0.12553 0.13180 0.12675 0.13695 0.13348 0.13910 0.13657 0.14281
0.02993 0.02193 0.02678 0.02091 0.02590 0.01973 0.02982 0.02544 0.03152 0.03141 0.03373 0.04130 0.03709 0.04669 0.04056 0.05058 0.04717 0.05281 0.05095 0.05591 0.05764 0.05787 0.06090 0.06295 0.06611 0.06600 0.06950 0.07226 0.07409 0.07591 0.07666 0.08135 0.08106 0.08574 0.08418 0.09009 0.08855 0.09542 0.09218 0.09954 0.09677 0.10506 0.10052 0.10941 0.10559 0.11434 0.11057 0.11625 0.11679 0.12135 0.12005 0.12631 0.12620 0.13486 0.12835 0.14022 0.13569 0.14489 0.13922 0.14792
