0.00000 0.00000 0.00000 0.00000 0.00000 0.00000 0.00000 0.00000 0.00000 0.00000 0.00000 0.00000 0.00000 0.00000 0.00000 0.00000 0.00000 0.00000 0.00000 0.00000 0.00000 0.00000 0.00000 0.00000 0.00000 0.01634 0.04897 0.08159 0.11498 0.14714 0.17970 0.21265 0.24686 0.27828 0.31148 0.33198 0.33989 0.34691 0.35441 0.36096 0.36807 0.37770 0.38425 0.39032 0.39732 0.38249 0.34197 0.30119 0.26065 0.22091 0.18100 0.14068 0.10037 0.06021 0.02005 0.00000 0.00000 0.00000 0.00000 0.00000 0.00000 0.00000 0.00000 0.00000 0.00000 0.00000 0.00000 0.00000 0.00000 0.00000 0.00000 0.00000 0.00000 0.00000 0.00000 0.00000 0.00000 0.00000 0.00000 0.00000 0.00000 0.00000 0.00000 0.00000 0.00000 0.00000 0.00000 0.00000 0.00000 0.00000 0.00000 0.00000 0.00000 0.00000 0.00000 0.00000 0.00000 0.00000 0.00000 0.00000 0.00000 0.00000 0.00000 0.00000 0.00000 0.00000 0.00000 0.00000 0.00000 0.00000
0.00000 0.00000 0.00000 0.00000 0.00000 0.00000 0.00000 0.00000 0.00000 0.00000 0.00000 0.00000 0.00000 0.00000 0.00000 0.00000 0.00000 0.00000 0.00000 0.00000 0.00000 0.00000 0.00000 0.00000 0.00000 0.01271 0.03813 0.06355 0.08914 0.11452 0.13990 0.16527 0.19139 0.21716 0.24236 0.26543 0.28813 0.31183 0.33273 0.35336 0.37525 0.39974 0.42124 0.44087 0.46301 0.45201 0.40469 0.35513 0.30782 0.26179 0.21428 0.16599 0.11829 0.07128 0.02377 0.00000 0.00000 0.00000 0.00000 0.00000 0.00000 0.00000 0.00000 0.00000 0.00000 0.00000 0.00000 0.00000 0.00000 0.00000 0.00000 0.00000 0.00000 0.00000 0.00000 0.00000 0.00000 0.00000 0.00000 0.00000 0.00000 0.00000 0.00000 0.00000 0.00000 0.00000 0.00000 0.00000 0.00000 0.00000 0.00000 0.00000 0.00000 0.00000 0.00000 0.00000 0.00000 0.00000 0.00000 0.00000 0.00000 0.00000 0.00000 0.00000 0.00000 0.00000 0.00000 0.00000 0.00000 0.00000
0.00000 0.00000 0.00000 0.00000 0.00000 0.00000 0.00000 0.00000 0.00000 0.00000 0.00000 0.00000 0.00000 0.00000 0.00000 0.00000 0.00000 0.00000 0.00000 0.00000 0.00000 0.00000 0.00000 0.00000 0.00000 0.00908 0.02731 0.04544 0.06346 0.08183 0.10036 0.11807 0.13616 0.15518 0.17346 0.20005 0.23666 0.27521 0.31091 0.34632 0.38293 0.42160 0.45737 0.49234 0.52899 0.52159 0.46650 0.41019 0.35497 0.30207 0.24713 0.19136 0.13644 0.08235 0.02743 0.00000 0.00000 0.00000 0.00000 0.00000 0.00000 0.00000 0.00000 0.00000 0.00000 0.00000 0.00000 0.00000 0.00000 0.00000 0.00000 0.00000 0.00000 0.00000 0.00000 0.00000 0.00000 0.00000 0.00000 0.00000 0.00000 0.00000 0.00000 0.00000 0.00000 0.00000 0.00000 0.00000 0.00000 0.00000 0.00000 0.00000 0.00000 0.00000 0.00000 0.00000 0.00000 0.00000 0.00000 0.00000 0.00000 0.00000 0.00000 0.00000 0.00000 0.00000 0.00000 0.00000 0.00000 0.00000
0.00000 0.00000 0.00000 0.00000 0.00000 0.00000 0.00000 0.00000 0.00000 0.00000 0.00000 0.00000 0.00000 0.00000 0.00000 0.00000 0.00000 0.00000 0.00000 0.00000 0.00000 0.00000 0.00000 0.00000 0.00000 0.00545 0.01640 0.02731 0.03815 0.04910 0.06024 0.07118 0.08171 0.09281 0.10405 0.13543 0.18594 0.23661 0.28858 0.34118 0.39131 0.44081 0.49293 0.54599 0.59716 0.58882 0.52734 0.46620 0.40492 0.34175 0.27906 0.21720 0.15558 0.09329 0.03098 0.00000 0.00000 0.00000 0.00000 0.00000 0.00000 0.00000 0.00000 0.00000 0.00000 0.00000 0.00000 0.00000 0.00000 0.00000 0.00000 0.00000 0.00000 0.00000 0.00000 0.00000 0.00000 0.00000 0.00000 0.00000 0.00000 0.00000 0.00000 0.00000 0.00000 0.00000 0.00000 0.00000 0.00000 0.00000 0.00000 0.00000 0.00000 0.00000 0.00000 0.00000 0.00000 0.00000 0.00000 0.00000 0.00000 0.00000 0.00000 0.00000 0.00000 0.00000 0.00000 0.00000 0.00000 0.00000
0.00000 0.00000 0.00000 0.00000 0.00000 0.00000 0.00000 0.00000 0.00000 0.00000 0.00000 0.00000 0.00000 0.00000 0.00000 0.00000 0.00000 0.00000 0.00000 0.00000 0.00000 0.00000 0.00000 0.00000 0.00000 0.00182 0.00546 0.00911 0.01278 0.01639 0.02004 0.02375 0.02742 0.03093 0.03461 0.06961 0.13541 0.20016 0.26597 0.33382 0.39937 0.46282 0.52883 0.59767 0.66353 0.65780 0.58776 0.52185 0.45274 0.38132 0.31141 0.24327 0.17415 0.10404 0.03460 0.00000 0.00000 0.00000 0.00000 0.00000 0.00000 0.00000 0.00000 0.00000 0.00000 0.00000 0.00000 0.00000 0.00000 0.00000 0.00000 0.00000 0.00000 0.00000 0.00000 0.00000 0.00000 0.00000 0.00000 0.00000 0.00000 0.00000 0.00000 0.00000 0.00000 0.00000 0.00000 0.00000 0.00000 0.00000 0.00000 0.00000 0.00000 0.00000 0.00000 0.00000 0.00000 0.00000 0.00000 0.00000 0.00000 0.00000 0.00000 0.00000 0.00000 0.00000 0.00000 0.00000 0.00000 0.00000
0.00000 0.00000 0.00000 0.00000 0.00000 0.00000 0.00000 0.00000 0.00000 0.00000 0.00000 0.00000 0.00000 0.00000 0.00000 0.00000 0.00000 0.00000 0.00000 0.00000 0.00000 0.00000 0.00000 0.00000 0.00000 0.00183 0.00547 0.00911 0.01280 0.01645 0.02005 0.02371 0.02745 0.03114 0.03464 0.06928 0.13541 0.20170 0.26674 0.33182 0.39886 0.46543 0.53078 0.59507 0.66181 0.66051 0.59161 0.52107 0.45144 0.38159 0.31290 0.24370 0.17353 0.10401 0.03472 0.00000 0.00000 0.00000 0.00000 0.00000 0.00000 0.00000 0.00000 0.00000 0.00000 0.00000 0.00000 0.00000 0.00000 0.00000 0.00000 0.00000 0.00000 0.00000 0.00000 0.00000 0.00000 0.00000 0.00000 0.00000 0.00000 0.00000 0.00000 0.00000 0.00000 0.00000 0.00000 0.00000 0.00000 0.00000 0.00000 0.00000 0.00000 0.00000 0.00000 0.00000 0.00000 0.00000 0.00000 0.00000 0.00000 0.00000 0.00000 0.00000 0.00000 0.00000 0.00000 0.00000 0.00000 0.00000
0.00000 0.00000 0.00000 0.00000 0.00000 0.00000 0.00000 0.00000 0.00000 0.00000 0.00000 0.00000 0.00000 0.00000 0.00000 0.00000 0.00000 0.00000 0.00000 0.00000 0.00000 0.00000 0.00000 0.00000 0.00000 0.00548 0.01646 0.02743 0.03839 0.04939 0.06041 0.07126 0.08224 0.09346 0.10447 0.13497 0.18611 0.23862 0.28980 0.33932 0.39031 0.44435 0.49502 0.54377 0.59433 0.59201 0.53066 0.46559 0.40339 0.34212 0.28091 0.21743 0.15503 0.09315 0.03117 0.00000 0.00000 0.00000 0.00000 0.00000 0.00000 0.00000 0.00000 0.00000 0.00000 0.00000 0.00000 0.00000 0.00000 0.00000 0.00000 0.00000 0.00000 0.00000 0.00000 0.00000 0.00000 0.00000 0.00000 0.00000 0.00000 0.00000 0.00000 0.00000 0.00000 0.00000 0.00000 0.00000 0.00000 0.00000 0.00000 0.00000 0.00000 0.00000 0.00000 0.00000 0.00000 0.00000 0.00000 0.00000 0.00000 0.00000 0.00000 0.00000 0.00000 0.00000 0.00000 0.00000 0.00000 0.00000
0.00000 0.00000 0.00000 0.00000 0.00000 0.00000 0.00000 0.00000 0.00000 0.00000 0.00000 0.00000 0.00000 0.00000 0.00000 0.00000 0.00000 0.00000 0.00000 0.00000 0.00000 0.00000 0.00000 0.00000 0.00000 0.00914 0.02750 0.04582 0.06400 0.08222 0.10088 0.11925 0.13716 0.15528 0.17413 0.20206 0.23781 0.27386 0.31151 0.34856 0.38448 0.42027 0.45774 0.49460 0.53100 0.52132 0.46664 0.41126 0.35680 0.30255 0.24699 0.19163 0.13708 0.08250 0.02745 0.00000 0.00000 0.00000 0.00000 0.00000 0.00000 0.00000 0.00000 0.00000 0.00000 0.00000 0.00000 0.00000 0.00000 0.00000 0.00000 0.00000 0.00000 0.00000 0.00000 0.00000 0.00000 0.00000 0.00000 0.00000 0.00000 0.00000 0.00000 0.00000 0.00000 0.00000 0.00000 0.00000 0.00000 0.00000 0.00000 0.00000 0.00000 0.00000 0.00000 0.00000 0.00000 0.00000 0.00000 0.00000 0.00000 0.00000 0.00000 0.00000 0.00000 0.00000 0.00000 0.00000 0.00000 0.00000
0.00000 0.00000 0.00000 0.00000 0.00000 0.00000 0.00000 0.00000 0.00000 0.00000 0.00000 0.00000 0.00000 0.00000 0.00000 0.00000 0.00000 0.00000 0.00000 0.00000 0.00000 0.00000 0.00000 0.00000 0.00000 0.01285 0.03855 0.06412 0.08984 0.11556 0.14115 0.16688 0.19275 0.21790 0.24331 0.26824 0.29047 0.31061 0.33220 0.35683 0.37822 0.39834 0.41961 0.44418 0.46636 0.45157 0.40391 0.35707 0.31068 0.26153 0.21376 0.16621 0.11926 0.07142 0.02375 0.00000 0.00000 0.00000 0.00000 0.00000 0.00000 0.00000 0.00000 0.00000 0.00000 0.00000 0.00000 0.00000 0.00000 0.00000 0.00000 0.00000 0.00000 0.00000 0.00000 0.00000 0.00000 0.00000 0.00000 0.00000 0.00000 0.00000 0.00000 0.00000 0.00000 0.00000 0.00000 0.00000 0.00000 0.00000 0.00000 0.00000 0.00000 0.00000 0.00000 0.00000 0.00000 0.00000 0.00000 0.00000 0.00000 0.00000 0.00000 0.00000 0.00000 0.00000 0.00000 0.00000 0.00000 0.00000
0.00000 0.00000 0.00000 0.00000 0.00000 0.00000 0.00000 0.00000 0.00000 0.00000 0.00000 0.00000 0.00000 0.00000 0.00000 0.00000 0.00000 0.00000 0.00000 0.00000 0.00000 0.00000 0.00000 0.00000 0.00000 0.01655 0.04951 0.08241 0.11584 0.14898 0.18144 0.21393 0.24784 0.28171 0.31359 0.33257 0.34106 0.34944 0.35573 0.36226 0.37032 0.37787 0.38471 0.39173 0.39949 0.38268 0.34225 0.30267 0.26207 0.22100 0.18102 0.14129 0.10078 0.06028 0.02011 0.00000 0.00000 0.00000 0.00000 0.00000 0.00000 0.00000 0.00000 0.00000 0.00000 0.00000 0.00000 0.00000 0.00000 0.00000 0.00000 0.00000 0.00000 0.00000 0.00000 0.00000 0.00000 0.00000 0.00000 0.00000 0.00000 0.00000 0.00000 0.00000 0.00000 0.00000 0.00000 0.00000 0.00000 0.00000 0.00000 0.00000 0.00000 0.00000 0.00000 0.00000 0.00000 0.00000 0.00000 0.00000 0.00000 0.00000 0.00000 0.00000 0.00000 0.00000 0.00000 0.00000 0.00000 0.00000
0.00000 0.00000 0.00000 0.00000 0.00000 0.00000 0.00000 0.00000 0.00000 0.00000 0.00000 0.00000 0.00000 0.00000 0.00000 0.00000 0.00000 0.00000 0.00000 0.00000 0.00000 0.00000 0.00000 0.00000 0.00000 0.02017 0.06055 0.10127 0.14163 0.18150 0.22222 0.26279 0.30268 0.34352 0.38461 0.39950 0.39110 0.38685 0.37921 0.36929 0.36182 0.35663 0.34945 0.34034 0.33280 0.31355 0.28131 0.24720 0.21399 0.18097 0.14860 0.11550 0.08232 0.04928 0.01650 0.00000 0.00000 0.00000 0.00000 0.00000 0.00000 0.00000 0.00000 0.00000 0.00000 0.00000 0.00000 0.00000 0.00000 0.00000 0.00000 0.00000 0.00000 0.00000 0.00000 0.00000 0.00000 0.00000 0.00000 0.00000 0.00000 0.00000 0.00000 0.00000 0.00000 0.00000 0.00000 0.00000 0.00000 0.00000 0.00000 0.00000 0.00000 0.00000 0.00000 0.00000 0.00000 0.00000 0.00000 0.00000 0.00000 0.00000 0.00000 0.00000 0.00000 0.00000 0.00000 0.00000 0.00000 0.00000
0.00000 0.00000 0.00000 0.00000 0.00000 0.00000 0.00000 0.00000 0.00000 0.00000 0.00000 0.00000 0.00000 0.00000 0.00000 0.00000 0.00000 0.00000 0.00000 0.00000 0.00000 0.00000 0.00000 0.00000 0.00000 0.02387 0.07185 0.11986 0.16704 0.21420 0.26298 0.31199 0.35831 0.40401 0.45299 0.46836 0.44470 0.42103 0.39974 0.37849 0.35571 0.33344 0.31198 0.28966 0.26726 0.24404 0.21855 0.19213 0.16645 0.14135 0.11556 0.08955 0.06403 0.03852 0.01283 0.00000 0.00000 0.00000 0.00000 0.00000 0.00000 0.00000 0.00000 0.00000 0.00000 0.00000 0.00000 0.00000 0.00000 0.00000 0.00000 0.00000 0.00000 0.00000 0.00000 0.00000 0.00000 0.00000 0.00000 0.00000 0.00000 0.00000 0.00000 0.00000 0.00000 0.00000 0.00000 0.00000 0.00000 0.00000 0.00000 0.00000 0.00000 0.00000 0.00000 0.00000 0.00000 0.00000 0.00000 0.00000 0.00000 0.00000 0.00000 0.00000 0.00000 0.00000 0.00000 0.00000 0.00000 0.00000
0.00000 0.00000 0.00000 0.00000 0.00000 0.00000 0.00000 0.00000 0.00000 0.00000 0.00000 0.00000 0.00000 0.00000 0.00000 0.00000 0.00000 0.00000 0.00000 0.00000 0.00000 0.00000 0.00000 0.00000 0.00000 0.02771 0.08302 0.13742 0.19271 0.24903 0.30364 0.35764 0.41365 0.46864 0.52249 0.53391 0.49733 0.45782 0.42088 0.38696 0.35035 0.31101 0.27457 0.23874 0.20245 0.17406 0.15555 0.13723 0.11923 0.10097 0.08240 0.06393 0.04582 0.02756 0.00915 0.00000 0.00000 0.00000 0.00000 0.00000 0.00000 0.00000 0.00000 0.00000 0.00000 0.00000 0.00000 0.00000 0.00000 0.00000 0.00000 0.00000 0.00000 0.00000 0.00000 0.00000 0.00000 0.00000 0.00000 0.00000 0.00000 0.00000 0.00000 0.00000 0.00000 0.00000 0.00000 0.00000 0.00000 0.00000 0.00000 0.00000 0.00000 0.00000 0.00000 0.00000 0.00000 0.00000 0.00000 0.00000 0.00000 0.00000 0.00000 0.00000 0.00000 0.00000 0.00000 0.00000 0.00000 0.00000
0.00000 0.00000 0.00000 0.00000 0.00000 0.00000 0.00000 0.00000 0.00000 0.00000 0.00000 0.00000 0.00000 0.00000 0.00000 0.00000 0.00000 0.00000 0.00000 0.00000 0.00000 0.00000 0.00000 0.00000 0.00000 0.03139 0.09376 0.15592 0.21904 0.28283 0.34403 0.40459 0.46793 0.53397 0.59499 0.59696 0.54596 0.49683 0.44440 0.39221 0.34167 0.28994 0.23798 0.18715 0.13621 0.10442 0.09328 0.08260 0.07163 0.06039 0.04938 0.03855 0.02752 0.01645 0.00549 0.00000 0.00000 0.00000 0.00000 0.00000 0.00000 0.00000 0.00000 0.00000 0.00000 0.00000 0.00000 0.00000 0.00000 0.00000 0.00000 0.00000 0.00000 0.00000 0.00000 0.00000 0.00000 0.00000 0.00000 0.00000 0.00000 0.00000 0.00000 0.00000 0.00000 0.00000 0.00000 0.00000 0.00000 0.00000 0.00000 0.00000 0.00000 0.00000 0.00000 0.00000 0.00000 0.00000 0.00000 0.00000 0.00000 0.00000 0.00000 0.00000 0.00000 0.00000 0.00000 0.00000 0.00000 0.00000
0.00000 0.00000 0.00000 0.00000 0.00000 0.00000 0.00000 0.00000 0.00000 0.00000 0.00000 0.00000 0.00000 0.00000 0.00000 0.00000 0.00000 0.00000 0.00000 0.00000 0.00000 0.00000 0.00000 0.00000 0.00000 0.03480 0.10445 0.17574 0.24551 0.31313 0.38358 0.45536 0.52434 0.59305 0.66380 0.66433 0.59765 0.53476 0.46831 0.39870 0.33319 0.26868 0.20260 0.13552 0.06958 0.03481 0.03120 0.02755 0.02381 0.02010 0.01650 0.01288 0.00916 0.00548 0.00183 0.00000 0.00000 0.00000 0.00000 0.00000 0.00000 0.00000 0.00000 0.00000 0.00000 0.00000 0.00000 0.00000 0.00000 0.00000 0.00000 0.00000 0.00000 0.00000 0.00000 0.00000 0.00000 0.00000 0.00000 0.00000 0.00000 0.00000 0.00000 0.00000 0.00000 0.00000 0.00000 0.00000 0.00000 0.00000 0.00000 0.00000 0.00000 0.00000 0.00000 0.00000 0.00000 0.00000 0.00000 0.00000 0.00000 0.00000 0.00000 0.00000 0.00000 0.00000 0.00000 0.00000 0.00000 0.00000
0.00000 0.00000 0.00000 0.00000 0.00000 0.00000 0.00000 0.00000 0.00000 0.00000 0.00000 0.00000 0.00000 0.00000 0.00000 0.00185 0.00554 0.00923 0.01289 0.01658 0.02032 0.02398 0.02759 0.03132 0.03501 0.07167 0.14165 0.21248 0.28168 0.34993 0.42052 0.49322 0.56222 0.62851 0.69824 0.70001 0.62596 0.54974 0.47696 0.40389 0.32974 0.25692 0.18428 0.11000 0.03658 0.00000 0.00000 0.00000 0.00000 0.00000 0.00000 0.00000 0.00000 0.00000 0.00000 0.00183 0.00550 0.00915 0.01281 0.01649 0.02014 0.02376 0.02746 0.03117 0.03475 0.03654 0.03665 0.03668 0.03652 0.03655 0.03670 0.03668 0.03657 0.03657 0.03663 0.03484 0.03115 0.02746 0.02378 0.02013 0.01650 0.01284 0.00916 0.00549 0.00183 0.00000 0.00000 0.00000 0.00000 0.00000 0.00000 0.00000 0.00000 0.00000 0.00000 0.00000 0.00000 0.00000 0.00000 0.00000 0.00000 0.00000 0.00000 0.00000 0.00000 0.00000 0.00000 0.00000 0.00000 0.00000
0.00000 0.00000 0.00000 0.00000 0.00000 0.00000 0.00000 0.00000 0.00000 0.00000 0.00000 0.00000 0.00000 0.00000 0.00000 0.00553 0.01664 0.02771 0.03874 0.04970 0.06070 0.07215 0.08341 0.09353 0.10439 0.14264 0.20545 0.26518 0.32787 0.39346 0.45574 0.51480 0.57793 0.64235 0.70434 0.69822 0.62482 0.54922 0.47679 0.40489 0.33116 0.25618 0.18322 0.11009 0.03671 0.00000 0.00000 0.00000 0.00000 0.00000 0.00000 0.00000 0.00000 0.00000 0.00000 0.00548 0.01650 0.02750 0.03844 0.04935 0.06038 0.07148 0.08244 0.09314 0.10421 0.10998 0.10996 0.10953 0.10962 0.11009 0.11000 0.10965 0.10955 0.10975 0.11009 0.10446 0.09303 0.08217 0.07166 0.06058 0.04937 0.03838 0.02748 0.01652 0.00550 0.00000 0.00000 0.00000 0.00000 0.00000 0.00000 0.00000 0.00000 0.00000 0.00000 0.00000 0.00000 0.00000 0.00000 0.00000 0.00000 0.00000 0.00000 0.00000 0.00000 0.00000 0.00000 0.00000 0.00000 0.00000
0.00000 0.00000 0.00000 0.00000 0.00000 0.00000 0.00000 0.00000 0.00000 0.00000 0.00000 0.00000 0.00000 0.00000 0.00000 0.00922 0.02765 0.04608 0.06470 0.08315 0.10115 0.11947 0.13847 0.15671 0.17454 0.21200 0.26727 0.32128 0.37660 0.43352 0.48802 0.54072 0.59602 0.65401 0.70944 0.69608 0.62260 0.55078 0.47698 0.40380 0.33104 0.25666 0.18303 0.11010 0.03680 0.00000 0.00000 0.00000 0.00000 0.00000 0.00000 0.00000 0.00000 0.00000 0.00000 0.00916 0.02743 0.04576 0.06411 0.08224 0.10060 0.11916 0.13723 0.15527 0.17391 0.18337 0.18259 0.18261 0.18333 0.18337 0.18249 0.18266 0.18337 0.18329 0.18297 0.17379 0.15538 0.13724 0.11911 0.10084 0.08229 0.06389 0.04576 0.02756 0.00917 0.00000 0.00000 0.00000 0.00000 0.00000 0.00000 0.00000 0.00000 0.00000 0.00000 0.00000 0.00000 0.00000 0.00000 0.00000 0.00000 0.00000 0.00000 0.00000 0.00000 0.00000 0.00000 0.00000 0.00000 0.00000
0.00000 0.00000 0.00000 0.00000 0.00000 0.00000 0.00000 0.00000 0.00000 0.00000 0.00000 0.00000 0.00000 0.00000 0.00000 0.01292 0.03866 0.06450 0.09054 0.11640 0.14210 0.16729 0.19299 0.22020 0.24620 0.28025 0.32782 0.37890 0.42659 0.47083 0.51863 0.56939 0.61742 0.66112 0.70874 0.69857 0.62475 0.55083 0.47704 0.40296 0.33019 0.25691 0.18343 0.11003 0.03666 0.00000 0.00000 0.00000 0.00000 0.00000 0.00000 0.00000 0.00000 0.00000 0.00000 0.01283 0.03832 0.06396 0.08981 0.11543 0.14088 0.16619 0.19198 0.21813 0.24359 0.25533 0.25577 0.25682 0.25649 0.25559 0.25563 0.25631 0.25661 0.25630 0.25531 0.24268 0.21835 0.19262 0.16607 0.14051 0.11552 0.08996 0.06403 0.03840 0.01282 0.00000 0.00000 0.00000 0.00000 0.00000 0.00000 0.00000 0.00000 0.00000 0.00000 0.00000 0.00000 0.00000 0.00000 0.00000 0.00000 0.00000 0.00000 0.00000 0.00000 0.00000 0.00000 0.00000 0.00000 0.00000
0.00000 0.00000 0.00000 0.00000 0.00000 0.00000 0.00000 0.00000 0.00000 0.00000 0.00000 0.00000 0.00000 0.00000 0.00000 0.01661 0.04987 0.08304 0.11594 0.14901 0.18289 0.21593 0.24791 0.28154 0.31554 0.35138 0.39119 0.43312 0.47310 0.51211 0.55260 0.59444 0.63474 0.67266 0.71304 0.69782 0.62441 0.55045 0.47708 0.40334 0.32977 0.25694 0.18372 0.10985 0.03656 0.00000 0.00000 0.00000 0.00000 0.00000 0.00000 0.00000 0.00000 0.00000 0.00000 0.01645 0.04948 0.08225 0.11509 0.14845 0.18126 0.21351 0.24689 0.28058 0.31243 0.32852 0.32970 0.32986 0.32828 0.32872 0.32990 0.32965 0.32884 0.32903 0.32910 0.31272 0.28015 0.24729 0.21366 0.18047 0.14833 0.11565 0.08233 0.04928 0.01643 0.00000 0.00000 0.00000 0.00000 0.00000 0.00000 0.00000 0.00000 0.00000 0.00000 0.00000 0.00000 0.00000 0.00000 0.00000 0.00000 0.00000 0.00000 0.00000 0.00000 0.00000 0.00000 0.00000 0.00000 0.00000
0.00000 0.00000 0.00000 0.00000 0.00000 0.00000 0.00000 0.00000 0.00000 0.00000 0.00000 0.00000 0.00000 0.00000 0.00000 0.02028 0.06115 0.10145 0.14144 0.18234 0.22324 0.26414 0.30430 0.34340 0.38404 0.42293 0.45612 0.48586 0.51866 0.55430 0.58774 0.61650 0.64969 0.68687 0.71885 0.69626 0.62227 0.55098 0.47753 0.40318 0.32967 0.25672 0.18353 0.10984 0.03660 0.00000 0.00000 0.00000 0.00000 0.00000 0.00000 0.00000 0.00000 0.00000 0.00000 0.02010 0.06062 0.10074 0.14046 0.18077 0.22149 0.26200 0.30196 0.34116 0.38183 0.40329 0.40275 0.40129 0.40184 0.40301 0.40270 0.40216 0.40152 0.40155 0.40303 0.38300 0.34079 0.30090 0.26221 0.22192 0.18080 0.14054 0.10066 0.06045 0.02011 0.00000 0.00000 0.00000 0.00000 0.00000 0.00000 0.00000 0.00000 0.00000 0.00000 0.00000 0.00000 0.00000 0.00000 0.00000 0.00000 0.00000 0.00000 0.00000 0.00000 0.00000 0.00000 0.00000 0.00000 0.00000
0.00000 0.00000 0.00000 0.00000 0.00000 0.00000 0.00000 0.00000 0.00000 0.00000 0.00000 0.00000 0.00000 0.00000 0.00000 0.02394 0.07190 0.11987 0.16799 0.21569 0.26259 0.31119 0.35997 0.40683 0.45337 0.49186 0.51734 0.54183 0.56734 0.59433 0.61963 0.64343 0.66945 0.69608 0.72162 0.69675 0.62315 0.55008 0.47674 0.40368 0.33005 0.25627 0.18311 0.11010 0.03663 0.00000 0.00000 0.00000 0.00000 0.00000 0.00000 0.00000 0.00000 0.00000 0.00000 0.02380 0.07117 0.11892 0.16674 0.21348 0.26120 0.30976 0.35662 0.40307 0.45166 0.47624 0.47469 0.47462 0.47585 0.47568 0.47447 0.47495 0.47541 0.47522 0.47550 0.45186 0.40325 0.35526 0.30938 0.26210 0.21365 0.16575 0.11870 0.07156 0.02382 0.00000 0.00000 0.00000 0.00000 0.00000 0.00000 0.00000 0.00000 0.00000 0.00000 0.00000 0.00000 0.00000 0.00000 0.00000 0.00000 0.00000 0.00000 0.00000 0.00000 0.00000 0.00000 0.00000 0.00000 0.00000
0.00000 0.00000 0.00000 0.00000 0.00000 0.00000 0.00000 0.00000 0.00000 0.00000 0.00000 0.00000 0.00000 0.00000 0.00000 0.02762 0.08260 0.13835 0.19407 0.24873 0.30330 0.35888 0.41445 0.47054 0.52494 0.55965 0.57825 0.59842 0.61650 0.63083 0.64928 0.67253 0.68951 0.70474 0.72241 0.69923 0.62484 0.54887 0.47529 0.40397 0.33081 0.25607 0.18277 0.11001 0.03670 0.00000 0.00000 0.00000 0.00000 0.00000 0.00000 0.00000 0.00000 0.00000 0.00000 0.02746 0.08189 0.13697 0.19252 0.24713 0.30142 0.35569 0.41120 0.46709 0.52142 0.54705 0.54787 0.54965 0.54866 0.54751 0.54778 0.54794 0.54878 0.54914 0.54723 0.51946 0.46673 0.41245 0.35577 0.30068 0.24694 0.19250 0.13695 0.08217 0.02745 0.00000 0.00000 0.00000 0.00000 0.00000 0.00000 0.00000 0.00000 0.00000 0.00000 0.00000 0.00000 0.00000 0.00000 0.00000 0.00000 0.00000 0.00000 0.00000 0.00000 0.00000 0.00000 0.00000 0.00000 0.00000
0.00000 0.00000 0.00000 0.00000 0.00000 0.00000 0.00000 0.00000 0.00000 0.00000 0.00000 0.00000 0.00000 0.00000 0.00000 0.03136 0.09397 0.15645 0.21906 0.28208 0.34478 0.40658 0.46792 0.53253 0.59516 0.62997 0.64034 0.65337 0.66395 0.67247 0.68411 0.69660 0.70685 0.71635 0.72729 0.69732 0.62387 0.54983 0.47612 0.40294 0.32993 0.25673 0.18302 0.10970 0.03663 0.00000 0.00000 0.00000 0.00000 0.00000 0.00000 0.00000 0.00000 0.00000 0.00000 0.03104 0.09350 0.15521 0.21717 0.28009 0.34224 0.40291 0.46567 0.52906 0.59032 0.62023 0.62129 0.62169 0.62074 0.62063 0.62121 0.62117 0.62132 0.62129 0.62007 0.58872 0.52875 0.46666 0.40292 0.34008 0.27953 0.21805 0.15546 0.09296 0.03097 0.00000 0.00000 0.00000 0.00000 0.00000 0.00000 0.00000 0.00000 0.00000 0.00000 0.00000 0.00000 0.00000 0.00000 0.00000 0.00000 0.00000 0.00000 0.00000 0.00000 0.00000 0.00000 0.00000 0.00000 0.00000
0.00000 0.00000 0.00000 0.00000 0.00000 0.00000 0.00000 0.00000 0.00000 0.00000 0.00000 0.00000 0.00000 0.00000 0.00000 0.03504 0.10532 0.17463 0.24418 0.31520 0.38554 0.45484 0.52380 0.59333 0.66397 0.70221 0.70429 0.70397 0.70887 0.71671 0.71854 0.71912 0.72250 0.73091 0.73348 0.69417 0.62085 0.55121 0.47762 0.40210 0.32881 0.25674 0.18357 0.10963 0.03651 0.00000 0.00000 0.00000 0.00000 0.00000 0.00000 0.00000 0.00000 0.00000 0.00000 0.03469 0.10467 0.17381 0.24247 0.31201 0.38212 0.45200 0.52093 0.58858 0.65900 0.69622 0.69453 0.69263 0.69361 0.69485 0.69435 0.69446 0.69348 0.69232 0.69448 0.66099 0.58921 0.51874 0.45131 0.38331 0.31203 0.24220 0.17363 0.10424 0.03465 0.00000 0.00000 0.00000 0.00000 0.00000 0.00000 0.00000 0.00000 0.00000 0.00000 0.00000 0.00000 0.00000 0.00000 0.00000 0.00000 0.00000 0.00000 0.00000 0.00000 0.00000 0.00000 0.00000 0.00000 0.00000
0.01644 0.01281 0.00914 0.00551 0.00184 0.00184 0.00550 0.00918 0.01291 0.01660 0.02018 0.02389 0.02772 0.03135 0.03494 0.06986 0.13654 0.20281 0.26888 0.33460 0.40062 0.46819 0.53468 0.59823 0.66381 0.69979 0.69978 0.69558 0.69665 0.69882 0.69773 0.69570 0.69598 0.69804 0.69745 0.66081 0.59122 0.52236 0.45286 0.38284 0.31277 0.24327 0.17404 0.10447 0.03471 0.00182 0.00550 0.00918 0.01277 0.01638 0.02016 0.02388 0.02733 0.03097 0.03483 0.07136 0.14033 0.21017 0.28007 0.34813 0.41768 0.48854 0.55783 0.62530 0.69492 0.72916 0.72584 0.72047 0.71681 0.71403 0.71097 0.70633 0.70157 0.69855 0.69658 0.65992 0.58833 0.51841 0.45140 0.38251 0.31211 0.24209 0.17290 0.10429 0.03481 0.00000 0.00000 0.00000 0.00000 0.00000 0.00000 0.00000 0.00000 0.00000 0.00000 0.00183 0.00550 0.00913 0.01276 0.01649 0.02018 0.02371 0.02735 0.03112 0.03476 0.03461 0.03096 0.02738 0.02370 0.02001
0.04945 0.03859 0.02760 0.01655 0.00551 0.00551 0.01654 0.02762 0.03860 0.04966 0.06081 0.07176 0.08256 0.09398 0.10531 0.13593 0.18700 0.23980 0.29171 0.34161 0.39274 0.44532 0.49753 0.54893 0.59861 0.62250 0.62433 0.62628 0.62446 0.62185 0.62248 0.62563 0.62456 0.62077 0.62121 0.59328 0.53044 0.46580 0.40353 0.34309 0.28091 0.21716 0.15496 0.09351 0.03121 0.00547 0.01641 0.02749 0.03846 0.04925 0.06033 0.07138 0.08204 0.09304 0.10452 0.14084 0.20214 0.26447 0.32772 0.38943 0.45079 0.51204 0.57458 0.63852 0.69976 0.72275 0.71318 0.70429 0.69195 0.68051 0.66946 0.65765 0.64792 0.63818 0.62563 0.58750 0.52738 0.46700 0.40314 0.33979 0.27923 0.21783 0.15495 0.09296 0.03108 0.00000 0.00000 0.00000 0.00000 0.00000 0.00000 0.00000 0.00000 0.00000 0.00000 0.00548 0.01651 0.02742 0.03826 0.04928 0.06053 0.07134 0.08195 0.09293 0.10431 0.10419 0.09275 0.08181 0.07109 0.06016
0.08232 0.06428 0.04595 0.02755 0.00916 0.00919 0.02765 0.04610 0.06414 0.08263 0.10162 0.11984 0.13758 0.15614 0.17550 0.20276 0.23891 0.27556 0.31310 0.35012 0.38647 0.42200 0.45866 0.49737 0.53447 0.54931 0.54994 0.55151 0.55122 0.54884 0.54914 0.55138 0.55063 0.54869 0.54900 0.52261 0.46757 0.41171 0.35645 0.30196 0.24744 0.19230 0.13690 0.08211 0.02748 0.00917 0.02735 0.04550 0.06410 0.08262 0.10029 0.11827 0.13731 0.15591 0.17302 0.20964 0.26539 0.31931 0.37350 0.42969 0.48465 0.53749 0.59191 0.64836 0.70432 0.72007 0.70056 0.68437 0.66787 0.64724 0.62786 0.61095 0.59400 0.57480 0.55499 0.51888 0.46591 0.41126 0.35524 0.30005 0.24588 0.19194 0.13714 0.08190 0.02729 0.00000 0.00000 0.00000 0.00000 0.00000 0.00000 0.00000 0.00000 0.00000 0.00000 0.00912 0.02729 0.04571 0.06408 0.08206 0.10017 0.11890 0.13718 0.15484 0.17298 0.17342 0.15492 0.13624 0.11812 0.10001
0.11576 0.08995 0.06417 0.03859 0.01288 0.01288 0.03859 0.06434 0.09018 0.11595 0.14142 0.16752 0.19378 0.21863 0.24371 0.26919 0.29181 0.31200 0.33365 0.35767 0.37990 0.40034 0.42197 0.44401 0.46708 0.47862 0.47718 0.47560 0.47654 0.47858 0.47732 0.47445 0.47535 0.47734 0.47700 0.45067 0.40319 0.35805 0.31042 0.26068 0.21311 0.16701 0.11937 0.07104 0.02366 0.01283 0.03851 0.06378 0.08934 0.11524 0.14076 0.16592 0.19191 0.21759 0.24232 0.27886 0.32737 0.37462 0.42060 0.46818 0.51535 0.56452 0.61220 0.65720 0.70505 0.71789 0.69171 0.66516 0.63978 0.61390 0.58891 0.56432 0.53778 0.51076 0.48663 0.45174 0.40297 0.35409 0.30798 0.26160 0.21326 0.16548 0.11857 0.07117 0.02366 0.00000 0.00000 0.00000 0.00000 0.00000 0.00000 0.00000 0.00000 0.00000 0.00000 0.01275 0.03820 0.06396 0.08983 0.11489 0.14010 0.16608 0.19225 0.21717 0.24167 0.24199 0.21720 0.19145 0.16533 0.13971
0.14841 0.11539 0.08237 0.04955 0.01659 0.01658 0.04952 0.08261 0.11632 0.14938 0.18151 0.21489 0.24914 0.28185 0.31388 0.33431 0.34284 0.34987 0.35635 0.36336 0.37130 0.37917 0.38624 0.39227 0.39971 0.40437 0.40463 0.40253 0.40263 0.40413 0.40390 0.40227 0.40249 0.40344 0.40341 0.38209 0.34162 0.30216 0.26217 0.22145 0.18063 0.14059 0.10078 0.06047 0.02005 0.01639 0.04942 0.08247 0.11489 0.14740 0.18099 0.21442 0.24593 0.27847 0.31264 0.34936 0.38777 0.42819 0.46979 0.50889 0.54771 0.58938 0.63064 0.66923 0.70682 0.71280 0.68250 0.64692 0.61230 0.58139 0.55003 0.51565 0.48168 0.44982 0.41818 0.38124 0.34011 0.30002 0.26061 0.22097 0.18059 0.13990 0.09995 0.06028 0.02012 0.00000 0.00000 0.00000 0.00000 0.00000 0.00000 0.00000 0.00000 0.00000 0.00000 0.01640 0.04936 0.08216 0.11462 0.14779 0.18082 0.21343 0.24575 0.27901 0.31142 0.31099 0.27817 0.24550 0.21249 0.17951
0.18176 0.14162 0.10113 0.06068 0.02021 0.02022 0.06069 0.10121 0.14139 0.18211 0.22304 0.26284 0.30292 0.34436 0.38555 0.40016 0.39238 0.38724 0.37990 0.37060 0.36303 0.35702 0.34962 0.34147 0.33389 0.32959 0.33013 0.33126 0.33043 0.32873 0.32912 0.33043 0.33025 0.32810 0.32834 0.31409 0.28102 0.24588 0.21301 0.18178 0.14874 0.11468 0.08183 0.04953 0.01652 0.02003 0.06007 0.10060 0.14089 0.18040 0.22059 0.26138 0.30121 0.34058 0.38132 0.41833 0.45010 0.48234 0.51548 0.54962 0.58288 0.61332 0.64528 0.68041 0.71394 0.70852 0.66824 0.62803 0.58841 0.54914 0.50826 0.46681 0.42780 0.38908 0.34805 0.31030 0.27843 0.24672 0.21325 0.17970 0.14744 0.11504 0.08191 0.04916 0.01641 0.00000 0.00000 0.00000 0.00000 0.00000 0.00000 0.00000 0.00000 0.00000 0.00000 0.02009 0.06031 0.10004 0.13986 0.18093 0.22130 0.26025 0.29953 0.34090 0.38171 0.38031 0.33903 0.29957 0.26008 0.22006
0.21366 0.16715 0.11959 0.07159 0.02385 0.02387 0.07204 0.11987 0.16685 0.21472 0.26379 0.31128 0.35776 0.40587 0.45507 0.46763 0.44406 0.42219 0.40112 0.37891 0.35614 0.33377 0.31197 0.29018 0.26828 0.25646 0.25629 0.25677 0.25707 0.25619 0.25619 0.25656 0.25669 0.25594 0.25575 0.24353 0.21814 0.19211 0.16602 0.14063 0.11542 0.08972 0.06380 0.03826 0.01281 0.02380 0.07110 0.11830 0.16627 0.21404 0.26048 0.30759 0.35617 0.40403 0.44954 0.48585 0.51315 0.53870 0.56189 0.58760 0.61558 0.64084 0.66290 0.68924 0.71806 0.70585 0.65507 0.60971 0.56421 0.51529 0.46664 0.42047 0.37408 0.32594 0.27789 0.24185 0.21689 0.19144 0.16559 0.13982 0.11447 0.08942 0.06392 0.03808 0.01271 0.00000 0.00000 0.00000 0.00000 0.00000 0.00000 0.00000 0.00000 0.00000 0.00000 0.02376 0.07089 0.11821 0.16600 0.21385 0.26017 0.30734 0.35490 0.40299 0.44933 0.44857 0.40085 0.35356 0.30652 0.25895
0.24801 0.19313 0.13803 0.08273 0.02755 0.02759 0.08262 0.13792 0.19338 0.24825 0.30301 0.35888 0.41499 0.46814 0.52241 0.53450 0.49796 0.45842 0.42145 0.38717 0.34983 0.31155 0.27504 0.23880 0.20186 0.18343 0.18360 0.18286 0.18285 0.18373 0.18356 0.18230 0.18234 0.18367 0.18365 0.17299 0.15482 0.13768 0.11929 0.10014 0.08190 0.06419 0.04585 0.02730 0.00910 0.02745 0.08239 0.13659 0.19111 0.24676 0.30139 0.35486 0.40979 0.46571 0.51978 0.55461 0.57355 0.59324 0.61074 0.62705 0.64508 0.66575 0.68429 0.70053 0.71827 0.70037 0.64621 0.59244 0.53704 0.48103 0.42723 0.37409 0.31870 0.26289 0.20898 0.17342 0.15487 0.13599 0.11811 0.10041 0.08196 0.06354 0.04546 0.02733 0.00909 0.00000 0.00000 0.00000 0.00000 0.00000 0.00000 0.00000 0.00000 0.00000 0.00000 0.02723 0.08185 0.13695 0.19147 0.24523 0.29954 0.35605 0.41016 0.46309 0.51650 0.51848 0.46380 0.40796 0.35302 0.29891
0.28008 0.21773 0.15558 0.09374 0.03135 0.03121 0.09351 0.15607 0.21957 0.28159 0.34291 0.40578 0.46985 0.53218 0.59232 0.59824 0.54828 0.49662 0.44393 0.39266 0.34179 0.28983 0.23846 0.18718 0.13563 0.10983 0.11005 0.11000 0.10987 0.10975 0.10989 0.10984 0.10974 0.10974 0.10991 0.10432 0.09307 0.08218 0.07141 0.06040 0.04922 0.03827 0.02744 0.01646 0.00547 0.03095 0.09316 0.15536 0.21672 0.27841 0.34140 0.40361 0.46395 0.52558 0.58936 0.62613 0.63440 0.64508 0.65855 0.66967 0.67701 0.68754 0.70321 0.71377 0.71963 0.69539 0.63666 0.57379 0.50978 0.44899 0.38823 0.32562 0.26310 0.20175 0.14029 0.10376 0.09262 0.08169 0.07093 0.06014 0.04915 0.03806 0.02720 0.01642 0.00547 0.00000 0.00000 0.00000 0.00000 0.00000 0.00000 0.00000 0.00000 0.00000 0.00000 0.03083 0.09301 0.15515 0.21626 0.27740 0.34023 0.40332 0.46380 0.52375 0.58562 0.58719 0.52497 0.46112 0.39913 0.33733
0.31429 0.24428 0.17450 0.10489 0.03494 0.03493 0.10483 0.17481 0.24407 0.31445 0.38519 0.45393 0.52284 0.59481 0.66534 0.66403 0.59724 0.53431 0.46754 0.39926 0.33364 0.26893 0.20200 0.13543 0.06976 0.03668 0.03658 0.03664 0.03674 0.03651 0.03646 0.03671 0.03671 0.03647 0.03645 0.03485 0.03116 0.02733 0.02369 0.02015 0.01648 0.01275 0.00910 0.00549 0.00183 0.03458 0.10368 0.17360 0.24302 0.31101 0.38007 0.45108 0.52002 0.58685 0.65645 0.69536 0.69800 0.69878 0.70343 0.70951 0.71213 0.71356 0.71780 0.72241 0.72560 0.69379 0.62407 0.55326 0.48470 0.41751 0.34766 0.27719 0.20866 0.14044 0.07102 0.03442 0.03084 0.02734 0.02368 0.01992 0.01633 0.01276 0.00910 0.00545 0.00182 0.00000 0.00000 0.00000 0.00000 0.00000 0.00000 0.00000 0.00000 0.00000 0.00000 0.03462 0.10350 0.17234 0.24181 0.31222 0.38012 0.44809 0.51719 0.58844 0.65549 0.65357 0.58472 0.51709 0.44755 0.37835
0.31365 0.24484 0.17475 0.10444 0.03483 0.03499 0.10519 0.17426 0.24372 0.31446 0.38508 0.45447 0.52266 0.59288 0.66411 0.66422 0.59251 0.52292 0.45392 0.38329 0.31353 0.24426 0.17437 0.10429 0.03481 0.00000 0.00000 0.00000 0.00000 0.00000 0.00000 0.00000 0.00000 0.00000 0.00000 0.00000 0.00000 0.00000 0.00000 0.00000 0.00000 0.00000 0.00000 0.00000 0.00000 0.03652 0.10921 0.18198 0.25552 0.32839 0.40003 0.47284 0.54722 0.62006 0.69032 0.72472 0.72374 0.72022 0.71316 0.70896 0.70919 0.70582 0.69753 0.69353 0.69445 0.65802 0.58563 0.51708 0.44956 0.38013 0.31016 0.24146 0.17288 0.10364 0.03446 0.00181 0.00546 0.00910 0.01271 0.01631 0.01997 0.02368 0.02729 0.03079 0.03442 0.03641 0.03644 0.03628 0.03621 0.03635 0.03644 0.03638 0.03620 0.03632 0.03647 0.06916 0.13423 0.19938 0.26564 0.33174 0.39625 0.45990 0.52569 0.59361 0.65818 0.65397 0.58907 0.52471 0.45973 0.39326
0.28142 0.21903 0.15625 0.09362 0.03123 0.03130 0.09364 0.15608 0.21924 0.28163 0.34335 0.40628 0.46961 0.53061 0.59186 0.59455 0.53197 0.46707 0.40504 0.34422 0.28108 0.21763 0.15598 0.09382 0.03113 0.00000 0.00000 0.00000 0.00000 0.00000 0.00000 0.00000 0.00000 0.00000 0.00000 0.00000 0.00000 0.00000 0.00000 0.00000 0.00000 0.00000 0.00000 0.00000 0.00000 0.03654 0.10958 0.18177 0.25437 0.32862 0.40144 0.47206 0.54471 0.62044 0.69268 0.71981 0.70992 0.70241 0.68984 0.67587 0.66661 0.65746 0.64498 0.63425 0.62378 0.58580 0.52400 0.46436 0.40207 0.33854 0.27719 0.21681 0.15468 0.09231 0.03079 0.00546 0.01638 0.02715 0.03804 0.04915 0.06006 0.07063 0.08156 0.09279 0.10364 0.10873 0.10878 0.10924 0.10918 0.10871 0.10873 0.10931 0.10941 0.10893 0.10860 0.13419 0.18546 0.23704 0.28684 0.33714 0.38838 0.44121 0.48985 0.53940 0.59107 0.59169 0.53897 0.48722 0.43702 0.38632
0.24732 0.19244 0.13752 0.08302 0.02763 0.02745 0.08245 0.13838 0.19344 0.24783 0.30249 0.35859 0.41401 0.46895 0.52270 0.52285 0.46855 0.41276 0.35760 0.30300 0.24779 0.19199 0.13742 0.08274 0.02751 0.00000 0.00000 0.00000 0.00000 0.00000 0.00000 0.00000 0.00000 0.00000 0.00000 0.00000 0.00000 0.00000 0.00000 0.00000 0.00000 0.00000 0.00000 0.00000 0.00000 0.03638 0.10952 0.18227 0.25433 0.32751 0.40128 0.47350 0.54440 0.61769 0.69271 0.71944 0.69820 0.67978 0.66485 0.64687 0.62541 0.60606 0.59129 0.57408 0.55306 0.51603 0.46336 0.40923 0.35371 0.29914 0.24523 0.19079 0.13597 0.08156 0.02726 0.00909 0.02718 0.04527 0.06360 0.08187 0.09974 0.11767 0.13612 0.15461 0.17250 0.18111 0.18125 0.18173 0.18167 0.18147 0.18120 0.18163 0.18184 0.18142 0.18121 0.19996 0.23644 0.27264 0.30881 0.34416 0.38057 0.41915 0.45488 0.48824 0.52433 0.52613 0.48995 0.45009 0.41418 0.37828
0.21474 0.16696 0.11954 0.07186 0.02388 0.02384 0.07169 0.11979 0.16716 0.21467 0.26313 0.31088 0.35785 0.40618 0.45435 0.45272 0.40502 0.35864 0.31058 0.26137 0.21463 0.16747 0.11909 0.07122 0.02385 0.00000 0.00000 0.00000 0.00000 0.00000 0.00000 0.00000 0.00000 0.00000 0.00000 0.00000 0.00000 0.00000 0.00000 0.00000 0.00000 0.00000 0.00000 0.00000 0.00000 0.03634 0.10903 0.18250 0.25532 0.32667 0.39915 0.47412 0.54690 0.61621 0.68882 0.71648 0.69005 0.66087 0.63662 0.61367 0.58669 0.56038 0.53599 0.50989 0.48378 0.44900 0.40187 0.35288 0.30584 0.26016 0.21276 0.16459 0.11757 0.07094 0.02365 0.01266 0.03798 0.06363 0.08911 0.11401 0.13934 0.16538 0.19081 0.21541 0.24077 0.25446 0.25449 0.25302 0.25333 0.25473 0.25491 0.25312 0.25324 0.25441 0.25468 0.26541 0.28664 0.30766 0.32981 0.35339 0.37380 0.39459 0.41724 0.43935 0.45928 0.45877 0.43833 0.41581 0.39278 0.37005
0.18210 0.14182 0.10104 0.06048 0.02017 0.02030 0.06077 0.10071 0.14118 0.18243 0.22266 0.26245 0.30253 0.34365 0.38398 0.38348 0.34307 0.30291 0.26230 0.22136 0.18150 0.14148 0.10079 0.06028 0.02014 0.00000 0.00000 0.00000 0.00000 0.00000 0.00000 0.00000 0.00000 0.00000 0.00000 0.00000 0.00000 0.00000 0.00000 0.00000 0.00000 0.00000 0.00000 0.00000 0.00000 0.03644 0.10889 0.18206 0.25541 0.32730 0.39877 0.47281 0.54690 0.61822 0.68814 0.70913 0.67949 0.64602 0.61071 0.57670 0.54707 0.51549 0.48065 0.44673 0.41541 0.37986 0.33925 0.29881 0.25925 0.21971 0.17953 0.13941 0.09976 0.05994 0.01992 0.01628 0.04901 0.08179 0.11402 0.14649 0.17977 0.21262 0.24447 0.27686 0.31043 0.32683 0.32603 0.32615 0.32682 0.32647 0.32598 0.32656 0.32699 0.32657 0.32615 0.32985 0.33810 0.34394 0.35113 0.36026 0.36760 0.37249 0.37959 0.38884 0.39645 0.39306 0.38581 0.37955 0.37248 0.36430
0.14958 0.11606 0.08258 0.04942 0.01653 0.01659 0.04961 0.08243 0.11570 0.14925 0.18191 0.21457 0.24815 0.28086 0.31367 0.31426 0.28108 0.24708 0.21466 0.18209 0.14844 0.11511 0.08254 0.04961 0.01646 0.00000 0.00000 0.00000 0.00000 0.00000 0.00000 0.00000 0.00000 0.00000 0.00000 0.00000 0.00000 0.00000 0.00000 0.00000 0.00000 0.00000 0.00000 0.00000 0.00000 0.03648 0.10931 0.18145 0.25408 0.32797 0.40084 0.47128 0.54339 0.61894 0.69222 0.70447 0.66430 0.62735 0.58736 0.54539 0.50595 0.46628 0.42571 0.38662 0.34699 0.30946 0.27677 0.24522 0.21257 0.17897 0.14638 0.11443 0.08177 0.04882 0.01626 0.01998 0.05996 0.09949 0.13919 0.17967 0.21969 0.25877 0.29842 0.33938 0.37933 0.39781 0.39768 0.39958 0.39982 0.39759 0.39758 0.39959 0.40010 0.39830 0.39813 0.39463 0.38718 0.38149 0.37395 0.36567 0.35908 0.35187 0.34355 0.33675 0.33029 0.32915 0.33535 0.34223 0.35012 0.35643
0.11541 0.08989 0.06434 0.03874 0.01287 0.01282 0.03853 0.06456 0.09011 0.11529 0.14127 0.16753 0.19283 0.21811 0.24404 0.24432 0.21807 0.19221 0.16696 0.14147 0.11533 0.08953 0.06416 0.03861 0.01281 0.00000 0.00000 0.00000 0.00000 0.00000 0.00000 0.00000 0.00000 0.00000 0.00000 0.00000 0.00000 0.00000 0.00000 0.00000 0.00000 0.00000 0.00000 0.00000 0.00000 0.03642 0.10949 0.18148 0.25355 0.32779 0.40106 0.47180 0.54263 0.61750 0.69210 0.70287 0.65313 0.60620 0.56188 0.51462 0.46581 0.41760 0.37159 0.32507 0.27752 0.24075 0.21540 0.19038 0.16503 0.13935 0.11403 0.08891 0.06342 0.03795 0.01268 0.02361 0.07056 0.11742 0.16502 0.21244 0.25849 0.30544 0.35388 0.40096 0.44646 0.47042 0.47235 0.47102 0.46982 0.47156 0.47253 0.47036 0.46952 0.47247 0.47255 0.45896 0.43700 0.41809 0.39632 0.37218 0.35019 0.33077 0.30892 0.28523 0.26334 0.26425 0.28630 0.30648 0.32772 0.34926
0.08264 0.06420 0.04606 0.02764 0.00918 0.00915 0.02752 0.04610 0.06435 0.08241 0.10095 0.11971 0.13773 0.15584 0.17442 0.17409 0.15603 0.13776 0.11908 0.10056 0.08259 0.06429 0.04569 0.02739 0.00917 0.00000 0.00000 0.00000 0.00000 0.00000 0.00000 0.00000 0.00000 0.00000 0.00000 0.00000 0.00000 0.00000 0.00000 0.00000 0.00000 0.00000 0.00000 0.00000 0.00000 0.03629 0.10920 0.18208 0.25472 0.32634 0.39863 0.47277 0.54617 0.61604 0.68706 0.69898 0.64640 0.58888 0.53327 0.48028 0.42647 0.37176 0.31736 0.26233 0.20799 0.17234 0.15430 0.13555 0.11741 0.09975 0.08170 0.06326 0.04513 0.02720 0.00907 0.02712 0.08128 0.13591 0.19042 0.24426 0.29819 0.35320 0.40781 0.46147 0.51499 0.54354 0.54409 0.54263 0.54182 0.54370 0.54476 0.54275 0.54212 0.54332 0.54413 0.52545 0.48876 0.45269 0.41716 0.37995 0.34319 0.30852 0.27251 0.23464 0.19846 0.19905 0.23562 0.27040 0.30559 0.34105
0.04972 0.03863 0.02751 0.01651 0.00551 0.00553 0.01653 0.02746 0.03856 0.04973 0.06058 0.07134 0.08261 0.09383 0.10436 0.10434 0.09366 0.08264 0.07131 0.06032 0.04955 0.03857 0.02742 0.01642 0.00550 0.00000 0.00000 0.00000 0.00000 0.00000 0.00000 0.00000 0.00000 0.00000 0.00000 0.00000 0.00000 0.00000 0.00000 0.00000 0.00000 0.00000 0.00000 0.00000 0.00000 0.03625 0.10860 0.18226 0.25518 0.32586 0.39772 0.47296 0.54627 0.61612 0.68645 0.69460 0.63452 0.57132 0.50841 0.44692 0.38621 0.32461 0.26281 0.20100 0.13926 0.10316 0.09246 0.08147 0.07047 0.05975 0.04893 0.03794 0.02711 0.01632 0.00543 0.03068 0.09225 0.15420 0.21513 0.27618 0.33863 0.40070 0.46037 0.52214 0.58580 0.61561 0.61346 0.61559 0.61757 0.61426 0.61332 0.61726 0.61770 0.61386 0.61339 0.59216 0.54128 0.48765 0.43678 0.38799 0.33726 0.28554 0.23475 0.18457 0.13381 0.13360 0.18383 0.23451 0.28499 0.33539
0.01660 0.01289 0.00917 0.00549 0.00184 0.00184 0.00551 0.00915 0.01284 0.01660 0.02021 0.02381 0.02751 0.03126 0.03489 0.03483 0.03112 0.02746 0.02388 0.02018 0.01644 0.01279 0.00917 0.00550 0.00182 0.00000 0.00000 0.00000 0.00000 0.00000 0.00000 0.00000 0.00000 0.00000 0.00000 0.00000 0.00000 0.00000 0.00000 0.00000 0.00000 0.00000 0.00000 0.00000 0.00000 0.03639 0.10879 0.18130 0.25423 0.32705 0.39987 0.47116 0.54258 0.61675 0.69118 0.69045 0.61927 0.55225 0.48519 0.41513 0.34521 0.27661 0.20815 0.13956 0.07068 0.03433 0.03071 0.02717 0.02359 0.01987 0.01623 0.01267 0.00907 0.00542 0.00180 0.03438 0.10324 0.17180 0.24022 0.30914 0.37832 0.44712 0.51483 0.58352 0.65343 0.68828 0.68603 0.68663 0.68844 0.68813 0.68617 0.68689 0.68861 0.68833 0.68643 0.65457 0.59113 0.52465 0.45819 0.39534 0.33037 0.26317 0.19831 0.13415 0.06894 0.06837 0.13318 0.19835 0.26368 0.32823
0.00000 0.00000 0.00000 0.00000 0.00000 0.00000 0.00000 0.00000 0.00000 0.00000 0.00000 0.00000 0.00000 0.00000 0.00000 0.00000 0.00000 0.00000 0.00000 0.00000 0.00000 0.00000 0.00000 0.00000 0.00000 0.00182 0.00549 0.00917 0.01276 0.01637 0.02010 0.02379 0.02731 0.03090 0.03471 0.03653 0.03629 0.03633 0.03653 0.03643 0.03623 0.03635 0.03649 0.03629 0.03619 0.06915 0.13484 0.19888 0.26388 0.33132 0.39681 0.45934 0.52353 0.59213 0.65791 0.65323 0.58331 0.51688 0.44803 0.37792 0.30954 0.24109 0.17177 0.10292 0.03443 0.00181 0.00542 0.00902 0.01268 0.01629 0.01985 0.02353 0.02717 0.03066 0.03428 0.07068 0.13940 0.20736 0.27629 0.34604 0.41397 0.48173 0.55131 0.62086 0.68755 0.72084 0.71886 0.71332 0.70836 0.70850 0.70538 0.69756 0.69414 0.69484 0.69090 0.65130 0.58285 0.51549 0.44676 0.37841 0.30942 0.24007 0.17133 0.10313 0.03437 0.03426 0.10268 0.17148 0.24012 0.30807
0.00000 0.00000 0.00000 0.00000 0.00000 0.00000 0.00000 0.00000 0.00000 0.00000 0.00000 0.00000 0.00000 0.00000 0.00000 0.00000 0.00000 0.00000 0.00000 0.00000 0.00000 0.00000 0.00000 0.00000 0.00000 0.00549 0.01640 0.02731 0.03831 0.04942 0.06034 0.07086 0.08183 0.09318 0.10412 0.10902 0.10887 0.10922 0.10952 0.10918 0.10864 0.10890 0.10941 0.10912 0.10855 0.13415 0.18555 0.23606 0.28630 0.33702 0.38790 0.43876 0.49015 0.53980 0.58881 0.58472 0.52460 0.46207 0.39878 0.33797 0.27719 0.21554 0.15370 0.09212 0.03073 0.00543 0.01629 0.02709 0.03788 0.04884 0.05980 0.07043 0.08116 0.09220 0.10310 0.13910 0.20041 0.26191 0.32356 0.38515 0.44602 0.50695 0.56929 0.63186 0.69142 0.71528 0.70684 0.69766 0.68409 0.67206 0.66379 0.65418 0.64116 0.62939 0.62042 0.58536 0.52136 0.46070 0.40027 0.33782 0.27586 0.21547 0.15394 0.09193 0.03063 0.03072 0.09229 0.15327 0.21402 0.27495
0.00000 0.00000 0.00000 0.00000 0.00000 0.00000 0.00000 0.00000 0.00000 0.00000 0.00000 0.00000 0.00000 0.00000 0.00000 0.00000 0.00000 0.00000 0.00000 0.00000 0.00000 0.00000 0.00000 0.00000 0.00000 0.00915 0.02732 0.04556 0.06401 0.08224 0.10012 0.11827 0.13687 0.15511 0.17256 0.18171 0.18254 0.18211 0.18118 0.18167 0.18234 0.18157 0.18099 0.18176 0.18214 0.19906 0.23493 0.27266 0.30931 0.34316 0.37906 0.41793 0.45428 0.48783 0.52301 0.51726 0.46271 0.40622 0.35241 0.29934 0.24408 0.18928 0.13579 0.08158 0.02706 0.00901 0.02717 0.04532 0.06307 0.08108 0.09961 0.11743 0.13510 0.15381 0.17204 0.20723 0.26123 0.31678 0.37111 0.42347 0.47769 0.53379 0.58773 0.64009 0.69438 0.71365 0.69525 0.67744 0.65922 0.63953 0.62244 0.60706 0.58753 0.56728 0.55070 0.51617 0.46054 0.40707 0.35292 0.29727 0.24309 0.19030 0.13587 0.08104 0.02700 0.02713 0.08139 0.13487 0.18881 0.24315
0.00000 0.00000 0.00000 0.00000 0.00000 0.00000 0.00000 0.00000 0.00000 0.00000 0.00000 0.00000 0.00000 0.00000 0.00000 0.00000 0.00000 0.00000 0.00000 0.00000 0.00000 0.00000 0.00000 0.00000 0.00000 0.01276 0.03838 0.06400 0.08948 0.11453 0.14000 0.16623 0.19190 0.21594 0.24130 0.25507 0.25549 0.25468 0.25353 0.25398 0.25523 0.25461 0.25316 0.25373 0.25484 0.26499 0.28566 0.30803 0.33052 0.35153 0.37280 0.39465 0.41652 0.43815 0.46026 0.44693 0.39909 0.35268 0.30602 0.25877 0.21125 0.16439 0.11753 0.07051 0.02348 0.01264 0.03795 0.06324 0.08846 0.11371 0.13903 0.16437 0.18948 0.21475 0.24016 0.27627 0.32302 0.37007 0.41703 0.46368 0.51073 0.55832 0.60465 0.65030 0.69847 0.71097 0.68399 0.65661 0.63347 0.60994 0.58355 0.55596 0.53217 0.50862 0.48288 0.44480 0.39844 0.35294 0.30550 0.25793 0.21126 0.16442 0.11725 0.07038 0.02349 0.02346 0.07022 0.11709 0.16419 0.21109
0.00000 0.00000 0.00000 0.00000 0.00000 0.00000 0.00000 0.00000 0.00000 0.00000 0.00000 0.00000 0.00000 0.00000 0.00000 0.00000 0.00000 0.00000 0.00000 0.00000 0.00000 0.00000 0.00000 0.00000 0.00000 0.01644 0.04942 0.08200 0.11458 0.14787 0.18072 0.21318 0.24560 0.27825 0.31148 0.32775 0.32627 0.32692 0.32795 0.32692 0.32592 0.32692 0.32778 0.32604 0.32529 0.33048 0.33823 0.34340 0.35015 0.35935 0.36692 0.37184 0.37859 0.38822 0.39551 0.37695 0.33730 0.29940 0.25863 0.21800 0.17911 0.13958 0.09914 0.05940 0.01992 0.01631 0.04860 0.08096 0.11407 0.14659 0.17809 0.21113 0.24441 0.27577 0.30760 0.34531 0.38556 0.42308 0.46238 0.50453 0.54476 0.58146 0.62069 0.66342 0.70375 0.70435 0.67123 0.64049 0.60951 0.57594 0.54192 0.50927 0.47945 0.44685 0.41257 0.37653 0.33855 0.29746 0.25749 0.21907 0.17921 0.13846 0.09894 0.05973 0.01990 0.01977 0.05934 0.09941 0.13911 0.17808
0.00000 0.00000 0.00000 0.00000 0.00000 0.00000 0.00000 0.00000 0.00000 0.00000 0.00000 0.00000 0.00000 0.00000 0.00000 0.00000 0.00000 0.00000 0.00000 0.00000 0.00000 0.00000 0.00000 0.00000 0.00000 0.02010 0.06009 0.10011 0.14016 0.18071 0.22104 0.25953 0.29937 0.34088 0.38130 0.40044 0.39848 0.39871 0.40087 0.40041 0.39788 0.39811 0.40036 0.39938 0.39746 0.39517 0.38883 0.38017 0.37187 0.36579 0.35927 0.35109 0.34319 0.33595 0.32954 0.30968 0.27658 0.24372 0.21134 0.17907 0.14636 0.11374 0.08121 0.04877 0.01626 0.01985 0.05948 0.09927 0.13922 0.17862 0.21783 0.25790 0.29817 0.33744 0.37634 0.41283 0.44593 0.47818 0.50993 0.54271 0.57560 0.60769 0.63989 0.67305 0.70539 0.70075 0.66146 0.62297 0.58335 0.54220 0.50219 0.46407 0.42525 0.38401 0.34372 0.30895 0.27714 0.24311 0.21054 0.17897 0.14640 0.11343 0.08111 0.04876 0.01622 0.01621 0.04870 0.08116 0.11338 0.14562
0.00000 0.00000 0.00000 0.00000 0.00000 0.00000 0.00000 0.00000 0.00000 0.00000 0.00000 0.00000 0.00000 0.00000 0.00000 0.00000 0.00000 0.00000 0.00000 0.00000 0.00000 0.00000 0.00000 0.00000 0.00000 0.02366 0.07089 0.11876 0.16625 0.21251 0.25979 0.30795 0.35503 0.40238 0.44979 0.47198 0.47241 0.47254 0.47163 0.47197 0.47233 0.47107 0.47015 0.47186 0.47282 0.45935 0.43680 0.41700 0.39581 0.37205 0.34965 0.32968 0.30833 0.28491 0.26305 0.24111 0.21526 0.18901 0.16448 0.13954 0.11352 0.08815 0.06334 0.03803 0.01259 0.02338 0.07058 0.11758 0.16355 0.21057 0.25876 0.30491 0.35036 0.39884 0.44683 0.48053 0.50496 0.53293 0.55884 0.58086 0.60559 0.63436 0.66009 0.68148 0.70605 0.69910 0.65290 0.60264 0.55511 0.51056 0.46503 0.41667 0.36849 0.32237 0.27692 0.24008 0.21393 0.18949 0.16464 0.13855 0.11327 0.08867 0.06327 0.03774 0.01258 0.01266 0.03795 0.06283 0.08801 0.11345
0.00000 0.00000 0.00000 0.00000 0.00000 0.00000 0.00000 0.00000 0.00000 0.00000 0.00000 0.00000 0.00000 0.00000 0.00000 0.00000 0.00000 0.00000 0.00000 0.00000 0.00000 0.00000 0.00000 0.00000 0.00000 0.02733 0.08220 0.13678 0.19110 0.24568 0.29988 0.35510 0.41045 0.46463 0.51657 0.54344 0.54639 0.54655 0.54243 0.54247 0.54586 0.54530 0.54189 0.54423 0.54508 0.52430 0.48712 0.45331 0.41739 0.37928 0.34237 0.30728 0.27195 0.23548 0.19827 0.17098 0.15383 0.13586 0.11726 0.09909 0.08123 0.06327 0.04513 0.02703 0.00901 0.02708 0.08130 0.13513 0.18884 0.24345 0.29835 0.35149 0.40437 0.45938 0.51472 0.54999 0.56655 0.58518 0.60438 0.62216 0.63905 0.65722 0.67610 0.69405 0.71131 0.69336 0.64026 0.58598 0.53067 0.47706 0.42473 0.37012 0.31435 0.26097 0.20814 0.17154 0.15263 0.13522 0.11758 0.09899 0.08085 0.06321 0.04512 0.02700 0.00901 0.00902 0.02700 0.04497 0.06302 0.08100
0.00000 0.00000 0.00000 0.00000 0.00000 0.00000 0.00000 0.00000 0.00000 0.00000 0.00000 0.00000 0.00000 0.00000 0.00000 0.00000 0.00000 0.00000 0.00000 0.00000 0.00000 0.00000 0.00000 0.00000 0.00000 0.03104 0.09324 0.15439 0.21593 0.27929 0.34111 0.40180 0.46361 0.52404 0.58614 0.61899 0.61810 0.61637 0.61578 0.61630 0.61743 0.61703 0.61589 0.61473 0.61457 0.59098 0.54037 0.48776 0.43671 0.38734 0.33709 0.28518 0.23443 0.18452 0.13375 0.10265 0.09212 0.08150 0.07028 0.05934 0.04883 0.03801 0.02698 0.01617 0.00543 0.03074 0.09162 0.15279 0.21519 0.27617 0.33569 0.39799 0.46101 0.52031 0.57984 0.61873 0.63070 0.63805 0.64819 0.66265 0.67390 0.68075 0.69113 0.70629 0.71721 0.68793 0.62640 0.56910 0.50765 0.44393 0.38256 0.32300 0.26187 0.19994 0.13839 0.10274 0.09219 0.08106 0.07006 0.05956 0.04883 0.03773 0.02693 0.01627 0.00542 0.00538 0.01616 0.02708 0.03789 0.04855
0.00000 0.00000 0.00000 0.00000 0.00000 0.00000 0.00000 0.00000 0.00000 0.00000 0.00000 0.00000 0.00000 0.00000 0.00000 0.00000 0.00000 0.00000 0.00000 0.00000 0.00000 0.00000 0.00000 0.00000 0.00000 0.03464 0.10356 0.17296 0.24274 0.31093 0.37909 0.45013 0.51880 0.58484 0.65623 0.69209 0.68838 0.68749 0.69120 0.69031 0.68600 0.68877 0.69045 0.68575 0.68549 0.65714 0.59163 0.52260 0.45755 0.39514 0.32994 0.26370 0.19793 0.13324 0.06882 0.03441 0.03060 0.02698 0.02349 0.01989 0.01622 0.01259 0.00901 0.00542 0.00180 0.03419 0.10247 0.17133 0.24029 0.30783 0.37524 0.44488 0.51482 0.58178 0.64814 0.68560 0.69105 0.69369 0.69553 0.69972 0.70463 0.70817 0.71054 0.71391 0.71876 0.68670 0.61692 0.54802 0.48149 0.41328 0.34305 0.27468 0.20781 0.13911 0.07002 0.03412 0.03075 0.02709 0.02334 0.01979 0.01626 0.01260 0.00899 0.00540 0.00180 0.00180 0.00540 0.00900 0.01257 0.01615
0.00000 0.00000 0.00000 0.00000 0.00000 0.00000 0.00000 0.00000 0.00000 0.00000 0.00000 0.00000 0.00000 0.00000 0.00000 0.00000 0.00000 0.00000 0.00000 0.00000 0.00000 0.00000 0.00000 0.00000 0.00000 0.03638 0.10889 0.18235 0.25568 0.32699 0.39883 0.47230 0.54596 0.61945 0.69062 0.72176 0.71892 0.71773 0.71457 0.70942 0.70236 0.69924 0.69908 0.69466 0.68918 0.65174 0.58398 0.51590 0.44638 0.37722 0.30931 0.24039 0.17124 0.10274 0.03436 0.00000 0.00000 0.00000 0.00000 0.00000 0.00000 0.00000 0.00000 0.00000 0.00000 0.03412 0.10300 0.17148 0.23862 0.30739 0.37759 0.44493 0.51115 0.58157 0.65199 0.68310 0.68164 0.68514 0.68607 0.68214 0.68170 0.68574 0.68594 0.68163 0.68166 0.65158 0.58286 0.51108 0.44336 0.37726 0.30822 0.23887 0.17080 0.10280 0.03424 0.00000 0.00000 0.00000 0.00000 0.00000 0.00000 0.00000 0.00000 0.00000 0.00000 0.00000 0.00000 0.00000 0.00000 0.00000
0.00000 0.00000 0.00000 0.00000 0.00000 0.00000 0.00000 0.00000 0.00000 0.00000 0.00000 0.00000 0.00000 0.00000 0.00000 0.00000 0.00000 0.00000 0.00000 0.00000 0.00000 0.00000 0.00000 0.00000 0.00000 0.03640 0.10964 0.18197 0.25386 0.32779 0.40135 0.47093 0.54339 0.61953 0.69125 0.71798 0.70907 0.69964 0.68617 0.67552 0.66648 0.65263 0.64061 0.63348 0.62240 0.58189 0.52058 0.46242 0.40065 0.33655 0.27523 0.21515 0.15393 0.09220 0.03056 0.00000 0.00000 0.00000 0.00000 0.00000 0.00000 0.00000 0.00000 0.00000 0.00000 0.03066 0.09205 0.15283 0.21353 0.27556 0.33765 0.39754 0.45730 0.51996 0.58284 0.61179 0.61001 0.61140 0.61271 0.61188 0.61074 0.61116 0.61208 0.61203 0.61110 0.58004 0.52034 0.45962 0.39694 0.33529 0.27583 0.21481 0.15253 0.09142 0.03069 0.00000 0.00000 0.00000 0.00000 0.00000 0.00000 0.00000 0.00000 0.00000 0.00000 0.00000 0.00000 0.00000 0.00000 0.00000
0.00000 0.00000 0.00000 0.00000 0.00000 0.00000 0.00000 0.00000 0.00000 0.00000 0.00000 0.00000 0.00000 0.00000 0.00000 0.00000 0.00000 0.00000 0.00000 0.00000 0.00000 0.00000 0.00000 0.00000 0.00000 0.03645 0.10962 0.18173 0.25370 0.32750 0.40104 0.47249 0.54404 0.61617 0.68932 0.71762 0.69953 0.67965 0.65923 0.64146 0.62690 0.60807 0.58669 0.56822 0.55224 0.51620 0.46036 0.40583 0.35273 0.29824 0.24293 0.18927 0.13580 0.08128 0.02697 0.00000 0.00000 0.00000 0.00000 0.00000 0.00000 0.00000 0.00000 0.00000 0.00000 0.02707 0.08070 0.13466 0.18957 0.24323 0.29573 0.35047 0.40611 0.45864 0.51073 0.53988 0.54132 0.53859 0.53767 0.54064 0.54124 0.53787 0.53766 0.54104 0.54119 0.51077 0.45708 0.40589 0.35107 0.29573 0.24276 0.18937 0.13479 0.08078 0.02700 0.00000 0.00000 0.00000 0.00000 0.00000 0.00000 0.00000 0.00000 0.00000 0.00000 0.00000 0.00000 0.00000 0.00000 0.00000
0.00000 0.00000 0.00000 0.00000 0.00000 0.00000 0.00000 0.00000 0.00000 0.00000 0.00000 0.00000 0.00000 0.00000 0.00000 0.00000 0.00000 0.00000 0.00000 0.00000 0.00000 0.00000 0.00000 0.00000 0.00000 0.03644 0.10881 0.18190 0.25548 0.32670 0.39829 0.47342 0.54657 0.61478 0.68701 0.71502 0.68882 0.66008 0.63552 0.61015 0.58421 0.56029 0.53485 0.50647 0.48114 0.44783 0.40059 0.35090 0.30399 0.25876 0.21186 0.16404 0.11680 0.07025 0.02351 0.00000 0.00000 0.00000 0.00000 0.00000 0.00000 0.00000 0.00000 0.00000 0.00000 0.02335 0.06996 0.11705 0.16419 0.21022 0.25628 0.30405 0.35175 0.39710 0.44259 0.46756 0.46867 0.46714 0.46617 0.46747 0.46796 0.46713 0.46674 0.46727 0.46771 0.44402 0.39673 0.34989 0.30422 0.25765 0.20988 0.16311 0.11714 0.07027 0.02331 0.00000 0.00000 0.00000 0.00000 0.00000 0.00000 0.00000 0.00000 0.00000 0.00000 0.00000 0.00000 0.00000 0.00000 0.00000
0.00000 0.00000 0.00000 0.00000 0.00000 0.00000 0.00000 0.00000 0.00000 0.00000 0.00000 0.00000 0.00000 0.00000 0.00000 0.00000 0.00000 0.00000 0.00000 0.00000 0.00000 0.00000 0.00000 0.00000 0.00000 0.03637 0.10877 0.18204 0.25535 0.32678 0.39840 0.47225 0.54551 0.61685 0.68906 0.70895 0.67465 0.64205 0.61214 0.57942 0.54278 0.51040 0.48041 0.44763 0.41307 0.37678 0.33827 0.29831 0.25744 0.21803 0.17912 0.13903 0.09881 0.05937 0.01989 0.00000 0.00000 0.00000 0.00000 0.00000 0.00000 0.00000 0.00000 0.00000 0.00000 0.01973 0.05954 0.09908 0.13794 0.17771 0.21825 0.25726 0.29548 0.33588 0.37685 0.39528 0.39397 0.39569 0.39660 0.39445 0.39395 0.39623 0.39663 0.39399 0.39389 0.37659 0.33698 0.29540 0.25680 0.21806 0.17741 0.13796 0.09917 0.05947 0.01972 0.00000 0.00000 0.00000 0.00000 0.00000 0.00000 0.00000 0.00000 0.00000 0.00000 0.00000 0.00000 0.00000 0.00000 0.00000
0.00000 0.00000 0.00000 0.00000 0.00000 0.00000 0.00000 0.00000 0.00000 0.00000 0.00000 0.00000 0.00000 0.00000 0.00000 0.00000 0.00000 0.00000 0.00000 0.00000 0.00000 0.00000 0.00000 0.00000 0.00000 0.03634 0.10949 0.18185 0.25358 0.32732 0.40087 0.47078 0.54246 0.61866 0.69115 0.70259 0.66283 0.62608 0.58557 0.54471 0.50518 0.46377 0.42392 0.38604 0.34607 0.30777 0.27526 0.24433 0.21182 0.17823 0.14554 0.11363 0.08136 0.04870 0.01617 0.00000 0.00000 0.00000 0.00000 0.00000 0.00000 0.00000 0.00000 0.00000 0.00000 0.01620 0.04868 0.08079 0.11285 0.14570 0.17847 0.20997 0.24172 0.27517 0.30816 0.32288 0.32228 0.32374 0.32413 0.32277 0.32255 0.32379 0.32368 0.32267 0.32279 0.30776 0.27517 0.24182 0.20976 0.17815 0.14576 0.11303 0.08066 0.04859 0.01621 0.00000 0.00000 0.00000 0.00000 0.00000 0.00000 0.00000 0.00000 0.00000 0.00000 0.00000 0.00000 0.00000 0.00000 0.00000
0.00000 0.00000 0.00000 0.00000 0.00000 0.00000 0.00000 0.00000 0.00000 0.00000 0.00000 0.00000 0.00000 0.00000 0.00000 0.00000 0.00000 0.00000 0.00000 0.00000 0.00000 0.00000 0.00000 0.00000 0.00000 0.03642 0.10944 0.18153 0.25348 0.32731 0.40063 0.47128 0.54303 0.61715 0.68909 0.70000 0.65480 0.60815 0.55738 0.51021 0.46629 0.41890 0.36936 0.32264 0.27692 0.24050 0.21422 0.18918 0.16460 0.13901 0.11317 0.08815 0.06328 0.03791 0.01256 0.00000 0.00000 0.00000 0.00000 0.00000 0.00000 0.00000 0.00000 0.00000 0.00000 0.01261 0.03760 0.06278 0.08832 0.11330 0.13783 0.16326 0.18915 0.21388 0.23807 0.25116 0.25211 0.25142 0.25062 0.25163 0.25206 0.25078 0.25063 0.25196 0.25194 0.23801 0.21327 0.18907 0.16328 0.13781 0.11336 0.08824 0.06271 0.03761 0.01260 0.00000 0.00000 0.00000 0.00000 0.00000 0.00000 0.00000 0.00000 0.00000 0.00000 0.00000 0.00000 0.00000 0.00000 0.00000
0.00000 0.00000 0.00000 0.00000 0.00000 0.00000 0.00000 0.00000 0.00000 0.00000 0.00000 0.00000 0.00000 0.00000 0.00000 0.00000 0.00000 0.00000 0.00000 0.00000 0.00000 0.00000 0.00000 0.00000 0.00000 0.03644 0.10874 0.18165 0.25510 0.32650 0.39806 0.47274 0.54571 0.61436 0.68653 0.69958 0.64407 0.58673 0.53335 0.47944 0.42431 0.37098 0.31697 0.26122 0.20696 0.17188 0.15387 0.13497 0.11678 0.09926 0.08135 0.06305 0.04489 0.02698 0.00902 0.00000 0.00000 0.00000 0.00000 0.00000 0.00000 0.00000 0.00000 0.00000 0.00000 0.00898 0.02686 0.04494 0.06306 0.08069 0.09841 0.11690 0.13508 0.15226 0.16997 0.17989 0.18004 0.17903 0.17902 0.17992 0.17982 0.17896 0.17906 0.17997 0.17977 0.16996 0.15222 0.13504 0.11688 0.09838 0.08061 0.06304 0.04496 0.02684 0.00896 0.00000 0.00000 0.00000 0.00000 0.00000 0.00000 0.00000 0.00000 0.00000 0.00000 0.00000 0.00000 0.00000 0.00000 0.00000
0.00000 0.00000 0.00000 0.00000 0.00000 0.00000 0.00000 0.00000 0.00000 0.00000 0.00000 0.00000 0.00000 0.00000 0.00000 0.00000 0.00000 0.00000 0.00000 0.00000 0.00000 0.00000 0.00000 0.00000 0.00000 0.03631 0.10868 0.18197 0.25510 0.32620 0.39795 0.47237 0.54508 0.61494 0.68791 0.69515 0.63092 0.56807 0.50973 0.44815 0.38362 0.32255 0.26269 0.20076 0.13854 0.10272 0.09225 0.08121 0.07006 0.05939 0.04881 0.03789 0.02691 0.01615 0.00542 0.00000 0.00000 0.00000 0.00000 0.00000 0.00000 0.00000 0.00000 0.00000 0.00000 0.00538 0.01621 0.02696 0.03757 0.04843 0.05940 0.07003 0.08054 0.09141 0.10250 0.10785 0.10742 0.10743 0.10785 0.10777 0.10744 0.10771 0.10783 0.10745 0.10748 0.10249 0.09158 0.08050 0.06996 0.05937 0.04843 0.03756 0.02693 0.01620 0.00538 0.00000 0.00000 0.00000 0.00000 0.00000 0.00000 0.00000 0.00000 0.00000 0.00000 0.00000 0.00000 0.00000 0.00000 0.00000
0.00000 0.00000 0.00000 0.00000 0.00000 0.00000 0.00000 0.00000 0.00000 0.00000 0.00000 0.00000 0.00000 0.00000 0.00000 0.00000 0.00000 0.00000 0.00000 0.00000 0.00000 0.00000 0.00000 0.00000 0.00000 0.03630 0.10934 0.18162 0.25348 0.32711 0.40022 0.47031 0.54227 0.61797 0.68970 0.68731 0.61976 0.55318 0.48262 0.41343 0.34581 0.27622 0.20703 0.13915 0.07060 0.03421 0.03054 0.02707 0.02350 0.01981 0.01615 0.01260 0.00902 0.00541 0.00180 0.00000 0.00000 0.00000 0.00000 0.00000 0.00000 0.00000 0.00000 0.00000 0.00000 0.00179 0.00540 0.00897 0.01252 0.01618 0.01980 0.02326 0.02681 0.03059 0.03419 0.03576 0.03581 0.03598 0.03593 0.03575 0.03582 0.03598 0.03594 0.03575 0.03576 0.03418 0.03056 0.02680 0.02326 0.01979 0.01617 0.01251 0.00895 0.00540 0.00180 0.00000 0.00000 0.00000 0.00000 0.00000 0.00000 0.00000 0.00000 0.00000 0.00000 0.00000 0.00000 0.00000 0.00000 0.00000
0.00000 0.00000 0.00000 0.00000 0.00000 0.00000 0.00000 0.00000 0.00000 0.00000 0.00000 0.00000 0.00000 0.00000 0.00000 0.00183 0.00548 0.00910 0.01273 0.01638 0.02008 0.02373 0.02726 0.03085 0.03453 0.06924 0.13489 0.19933 0.26412 0.33090 0.39648 0.45946 0.52450 0.59186 0.65582 0.65133 0.58499 0.51709 0.44537 0.37647 0.30992 0.24066 0.17088 0.10274 0.03439 0.00000 0.00000 0.00000 0.00000 0.00000 0.00000 0.00000 0.00000 0.00000 0.00000 0.00179 0.00541 0.00902 0.01253 0.01611 0.01982 0.02341 0.02684 0.03046 0.03421 0.03412 0.03040 0.02692 0.02339 0.01972 0.01611 0.01256 0.00898 0.00538 0.00179 0.00000 0.00000 0.00000 0.00000 0.00000 0.00000 0.00000 0.00000 0.00000 0.00000 0.00000 0.00000 0.00000 0.00000 0.00000 0.00000 0.00000 0.00000 0.00000 0.00000 0.00180 0.00539 0.00894 0.01255 0.01620 0.01974 0.02324 0.02689 0.03056 0.03408 0.03404 0.03047 0.02690 0.02331 0.01972
0.00000 0.00000 0.00000 0.00000 0.00000 0.00000 0.00000 0.00000 0.00000 0.00000 0.00000 0.00000 0.00000 0.00000 0.00000 0.00545 0.01640 0.02738 0.03836 0.04907 0.06005 0.07109 0.08186 0.09252 0.10380 0.13449 0.18488 0.23646 0.28745 0.33660 0.38707 0.43988 0.49026 0.53778 0.58895 0.58641 0.52301 0.45965 0.39981 0.33846 0.27555 0.21464 0.15390 0.09200 0.03055 0.00000 0.00000 0.00000 0.00000 0.00000 0.00000 0.00000 0.00000 0.00000 0.00000 0.00540 0.01617 0.02691 0.03770 0.04848 0.05932 0.07013 0.08055 0.09132 0.10263 0.10244 0.09117 0.08065 0.07017 0.05904 0.04826 0.03778 0.02696 0.01608 0.00537 0.00000 0.00000 0.00000 0.00000 0.00000 0.00000 0.00000 0.00000 0.00000 0.00000 0.00000 0.00000 0.00000 0.00000 0.00000 0.00000 0.00000 0.00000 0.00000 0.00000 0.00540 0.01616 0.02682 0.03760 0.04860 0.05927 0.06967 0.08055 0.09166 0.10228 0.10203 0.09138 0.08071 0.06991 0.05912
0.00000 0.00000 0.00000 0.00000 0.00000 0.00000 0.00000 0.00000 0.00000 0.00000 0.00000 0.00000 0.00000 0.00000 0.00000 0.00909 0.02728 0.04565 0.06395 0.08201 0.09980 0.11799 0.13691 0.15507 0.17235 0.19923 0.23577 0.27305 0.30923 0.34374 0.37993 0.41776 0.45340 0.48745 0.52472 0.51707 0.46062 0.40521 0.35306 0.29879 0.24301 0.18924 0.13575 0.08118 0.02695 0.00000 0.00000 0.00000 0.00000 0.00000 0.00000 0.00000 0.00000 0.00000 0.00000 0.00902 0.02688 0.04474 0.06302 0.08106 0.09849 0.11633 0.13483 0.15252 0.17008 0.17059 0.15276 0.13422 0.11629 0.09884 0.08067 0.06255 0.04484 0.02695 0.00895 0.00000 0.00000 0.00000 0.00000 0.00000 0.00000 0.00000 0.00000 0.00000 0.00000 0.00000 0.00000 0.00000 0.00000 0.00000 0.00000 0.00000 0.00000 0.00000 0.00000 0.00893 0.02684 0.04496 0.06282 0.08040 0.09847 0.11691 0.13453 0.15210 0.17018 0.17022 0.15236 0.13448 0.11647 0.09848
0.00000 0.00000 0.00000 0.00000 0.00000 0.00000 0.00000 0.00000 0.00000 0.00000 0.00000 0.00000 0.00000 0.00000 0.00000 0.01278 0.03833 0.06368 0.08898 0.11479 0.14058 0.16554 0.19064 0.21613 0.24182 0.26594 0.28720 0.30757 0.32954 0.35290 0.37415 0.39358 0.41560 0.43957 0.46017 0.44516 0.39939 0.35343 0.30468 0.25754 0.21184 0.16449 0.11681 0.07021 0.02351 0.00000 0.00000 0.00000 0.00000 0.00000 0.00000 0.00000 0.00000 0.00000 0.00000 0.01254 0.03773 0.06301 0.08793 0.11307 0.13817 0.16282 0.18875 0.21414 0.23786 0.23767 0.21387 0.18875 0.16279 0.13804 0.11305 0.08758 0.06270 0.03773 0.01252 0.00000 0.00000 0.00000 0.00000 0.00000 0.00000 0.00000 0.00000 0.00000 0.00000 0.00000 0.00000 0.00000 0.00000 0.00000 0.00000 0.00000 0.00000 0.00000 0.00000 0.01251 0.03758 0.06290 0.08792 0.11251 0.13775 0.16355 0.18845 0.21286 0.23809 0.23842 0.21327 0.18804 0.16297 0.13788
0.00000 0.00000 0.00000 0.00000 0.00000 0.00000 0.00000 0.00000 0.00000 0.00000 0.00000 0.00000 0.00000 0.00000 0.00000 0.01639 0.04937 0.08198 0.11435 0.14745 0.18078 0.21310 0.24466 0.27734 0.31136 0.33162 0.33766 0.34363 0.35158 0.35997 0.36640 0.37207 0.38001 0.38833 0.39424 0.37653 0.33830 0.29899 0.25779 0.21800 0.17904 0.13895 0.09890 0.05951 0.01988 0.00000 0.00000 0.00000 0.00000 0.00000 0.00000 0.00000 0.00000 0.00000 0.00000 0.01611 0.04853 0.08105 0.11310 0.14491 0.17740 0.20998 0.24243 0.27511 0.30636 0.30560 0.27443 0.24273 0.20933 0.17676 0.14556 0.11324 0.08038 0.04821 0.01616 0.00000 0.00000 0.00000 0.00000 0.00000 0.00000 0.00000 0.00000 0.00000 0.00000 0.00000 0.00000 0.00000 0.00000 0.00000 0.00000 0.00000 0.00000 0.00000 0.00000 0.01618 0.04849 0.08037 0.11261 0.14564 0.17766 0.20893 0.24158 0.27442 0.30644 0.30628 0.27395 0.24161 0.20948 0.17728
0.00000 0.00000 0.00000 0.00000 0.00000 0.00000 0.00000 0.00000 0.00000 0.00000 0.00000 0.00000 0.00000 0.00000 0.00000 0.02002 0.06002 0.10030 0.14072 0.18012 0.21942 0.26001 0.30090 0.34041 0.37899 0.39467 0.38850 0.38224 0.37398 0.36484 0.35809 0.35254 0.34447 0.33533 0.32870 0.31015 0.27629 0.24303 0.21174 0.17919 0.14563 0.11329 0.08141 0.04877 0.01616 0.00000 0.00000 0.00000 0.00000 0.00000 0.00000 0.00000 0.00000 0.00000 0.00000 0.01982 0.05913 0.09835 0.13849 0.17791 0.21637 0.25686 0.29629 0.33430 0.37462 0.37570 0.33502 0.29477 0.25616 0.21700 0.17743 0.13795 0.09835 0.05902 0.01975 0.00000 0.00000 0.00000 0.00000 0.00000 0.00000 0.00000 0.00000 0.00000 0.00000 0.00000 0.00000 0.00000 0.00000 0.00000 0.00000 0.00000 0.00000 0.00000 0.00000 0.01973 0.05917 0.09826 0.13773 0.17784 0.21705 0.25552 0.29510 0.33520 0.37449 0.37410 0.33473 0.29537 0.25598 0.21655
0.00000 0.00000 0.00000 0.00000 0.00000 0.00000 0.00000 0.00000 0.00000 0.00000 0.00000 0.00000 0.00000 0.00000 0.00000 0.02374 0.07082 0.11831 0.16624 0.21292 0.25931 0.30717 0.35565 0.40221 0.44767 0.45976 0.43953 0.41857 0.39523 0.37207 0.35135 0.33046 0.30763 0.28485 0.26409 0.24112 0.21479 0.18907 0.16444 0.13908 0.11344 0.08839 0.06319 0.03779 0.01258 0.00000 0.00000 0.00000 0.00000 0.00000 0.00000 0.00000 0.00000 0.00000 0.00000 0.02340 0.07001 0.11636 0.16289 0.21006 0.25723 0.30338 0.34856 0.39490 0.44355 0.44405 0.39511 0.34808 0.30344 0.25692 0.20883 0.16241 0.11676 0.06998 0.02319 0.00000 0.00000 0.00000 0.00000 0.00000 0.00000 0.00000 0.00000 0.00000 0.00000 0.00000 0.00000 0.00000 0.00000 0.00000 0.00000 0.00000 0.00000 0.00000 0.00000 0.02320 0.06961 0.11676 0.16347 0.20874 0.25544 0.30342 0.34955 0.39518 0.44188 0.44221 0.39575 0.34902 0.30239 0.25580
0.00000 0.00000 0.00000 0.00000 0.00000 0.00000 0.00000 0.00000 0.00000 0.00000 0.00000 0.00000 0.00000 0.00000 0.00000 0.02737 0.08216 0.13637 0.19056 0.24590 0.30116 0.35469 0.40754 0.46239 0.51889 0.52787 0.48926 0.45183 0.41683 0.38178 0.34446 0.30664 0.27101 0.23591 0.19892 0.17106 0.15372 0.13585 0.11694 0.09888 0.08142 0.06329 0.04490 0.02693 0.00903 0.00000 0.00000 0.00000 0.00000 0.00000 0.00000 0.00000 0.00000 0.00000 0.00000 0.02682 0.08098 0.13493 0.18769 0.24166 0.29675 0.34936 0.40228 0.45775 0.51129 0.50911 0.45614 0.40394 0.34962 0.29481 0.24122 0.18809 0.13455 0.08053 0.02676 0.00000 0.00000 0.00000 0.00000 0.00000 0.00000 0.00000 0.00000 0.00000 0.00000 0.00000 0.00000 0.00000 0.00000 0.00000 0.00000 0.00000 0.00000 0.00000 0.00000 0.02683 0.08046 0.13442 0.18818 0.24124 0.29494 0.34953 0.40312 0.45604 0.50982 0.51022 0.45641 0.40243 0.34881 0.29517
0.00000 0.00000 0.00000 0.00000 0.00000 0.00000 0.00000 0.00000 0.00000 0.00000 0.00000 0.00000 0.00000 0.00000 0.00000 0.03089 0.09318 0.15482 0.21599 0.27846 0.34122 0.40176 0.46202 0.52438 0.58768 0.59293 0.54007 0.48801 0.43874 0.38894 0.33673 0.28498 0.23521 0.18501 0.13369 0.10262 0.09214 0.08139 0.07031 0.05952 0.04871 0.03780 0.02699 0.01623 0.00541 0.00000 0.00000 0.00000 0.00000 0.00000 0.00000 0.00000 0.00000 0.00000 0.00000 0.03047 0.09138 0.15252 0.21385 0.27446 0.33403 0.39522 0.45821 0.51913 0.57700 0.57661 0.51844 0.45789 0.39471 0.33371 0.27455 0.21348 0.15160 0.09106 0.03052 0.00000 0.00000 0.00000 0.00000 0.00000 0.00000 0.00000 0.00000 0.00000 0.00000 0.00000 0.00000 0.00000 0.00000 0.00000 0.00000 0.00000 0.00000 0.00000 0.00000 0.03052 0.09160 0.15159 0.21223 0.27483 0.33549 0.39458 0.45566 0.51754 0.57841 0.57778 0.51666 0.45607 0.39541 0.33451
0.00000 0.00000 0.00000 0.00000 0.00000 0.00000 0.00000 0.00000 0.00000 0.00000 0.00000 0.00000 0.00000 0.00000 0.00000 0.03451 0.10355 0.17337 0.24289 0.31060 0.37878 0.44887 0.51957 0.58791 0.65330 0.65482 0.59250 0.52741 0.45991 0.39346 0.32936 0.26508 0.19902 0.13331 0.06869 0.03443 0.03062 0.02697 0.02353 0.01990 0.01617 0.01257 0.00903 0.00542 0.00179 0.00000 0.00000 0.00000 0.00000 0.00000 0.00000 0.00000 0.00000 0.00000 0.00000 0.03419 0.10187 0.16984 0.23919 0.30690 0.37342 0.44257 0.51160 0.57719 0.64522 0.64820 0.57919 0.50842 0.44109 0.37497 0.30666 0.23746 0.16947 0.10204 0.03409 0.00000 0.00000 0.00000 0.00000 0.00000 0.00000 0.00000 0.00000 0.00000 0.00000 0.00000 0.00000 0.00000 0.00000 0.00000 0.00000 0.00000 0.00000 0.00000 0.00000 0.03397 0.10207 0.17001 0.23768 0.30599 0.37437 0.44178 0.50941 0.57799 0.64612 0.64535 0.57751 0.51003 0.44188 0.37354
0.00000 0.00000 0.00000 0.00000 0.00000 0.00000 0.00000 0.00000 0.00000 0.00000 0.00000 0.00000 0.00000 0.00000 0.00000 0.03465 0.10363 0.17297 0.24267 0.31089 0.37882 0.44908 0.51926 0.58668 0.65426 0.65384 0.58618 0.51798 0.44737 0.37723 0.30955 0.24139 0.17176 0.10266 0.03433 0.00000 0.00000 0.00000 0.00000 0.00000 0.00000 0.00000 0.00000 0.00000 0.00000 0.00180 0.00540 0.00897 0.01256 0.01619 0.01978 0.02332 0.02689 0.03051 0.03408 0.06993 0.13823 0.20628 0.27344 0.34165 0.41149 0.47938 0.54453 0.61234 0.68310 0.68210 0.60801 0.53527 0.46553 0.39454 0.32138 0.24984 0.17934 0.10748 0.03564 0.00000 0.00000 0.00000 0.00000 0.00000 0.00000 0.00000 0.00000 0.00000 0.00000 0.00000 0.00000 0.00000 0.00000 0.00000 0.00000 0.00000 0.00000 0.00000 0.00000 0.03386 0.10159 0.17053 0.23879 0.30490 0.37290 0.44259 0.51036 0.57721 0.64502 0.64597 0.57822 0.50937 0.44123 0.37345
0.00000 0.00000 0.00000 0.00000 0.00000 0.00000 0.00000 0.00000 0.00000 0.00000 0.00000 0.00000 0.00000 0.00000 0.00000 0.03105 0.09311 0.15422 0.21585 0.27886 0.34111 0.40191 0.46165 0.52339 0.58805 0.58785 0.52253 0.46058 0.40094 0.33970 0.27669 0.21451 0.15375 0.09247 0.03065 0.00000 0.00000 0.00000 0.00000 0.00000 0.00000 0.00000 0.00000 0.00000 0.00000 0.00541 0.01613 0.02687 0.03784 0.04864 0.05905 0.06977 0.08101 0.09178 0.10188 0.13759 0.19962 0.26051 0.31976 0.38109 0.44339 0.50251 0.56290 0.62649 0.68663 0.67765 0.60710 0.53851 0.46612 0.39215 0.32102 0.25100 0.17932 0.10712 0.03564 0.00000 0.00000 0.00000 0.00000 0.00000 0.00000 0.00000 0.00000 0.00000 0.00000 0.00000 0.00000 0.00000 0.00000 0.00000 0.00000 0.00000 0.00000 0.00000 0.00000 0.03044 0.09112 0.15188 0.21301 0.27377 0.33415 0.39518 0.45635 0.51667 0.57734 0.57820 0.51675 0.45487 0.39446 0.33447
0.00000 0.00000 0.00000 0.00000 0.00000 0.00000 0.00000 0.00000 0.00000 0.00000 0.00000 0.00000 0.00000 0.00000 0.00000 0.02730 0.08205 0.13636 0.19068 0.24575 0.30065 0.35405 0.40806 0.46304 0.51760 0.51726 0.46219 0.40678 0.35323 0.29960 0.24425 0.18926 0.13557 0.08153 0.02709 0.00000 0.00000 0.00000 0.00000 0.00000 0.00000 0.00000 0.00000 0.00000 0.00000 0.00897 0.02694 0.04499 0.06293 0.08069 0.09860 0.11675 0.13466 0.15236 0.17034 0.20624 0.25939 0.31316 0.36828 0.42184 0.47292 0.52663 0.58273 0.63718 0.68912 0.67784 0.60741 0.53797 0.46545 0.39248 0.32185 0.25074 0.17828 0.10707 0.03587 0.00000 0.00000 0.00000 0.00000 0.00000 0.00000 0.00000 0.00000 0.00000 0.00000 0.00000 0.00000 0.00000 0.00000 0.00000 0.00000 0.00000 0.00000 0.00000 0.00000 0.02692 0.08075 0.13368 0.18707 0.24192 0.29566 0.34822 0.40193 0.45667 0.51023 0.50831 0.45479 0.40292 0.34905 0.29487
0.00000 0.00000 0.00000 0.00000 0.00000 0.00000 0.00000 0.00000 0.00000 0.00000 0.00000 0.00000 0.00000 0.00000 0.00000 0.02362 0.07082 0.11850 0.16610 0.21246 0.25917 0.30648 0.35530 0.40251 0.44664 0.44641 0.40177 0.35446 0.30540 0.25796 0.21194 0.16509 0.11728 0.07022 0.02354 0.00000 0.00000 0.00000 0.00000 0.00000 0.00000 0.00000 0.00000 0.00000 0.00000 0.01254 0.03785 0.06308 0.08772 0.11273 0.13862 0.16377 0.18770 0.21265 0.23921 0.27512 0.31963 0.36636 0.41479 0.46039 0.50586 0.55430 0.60018 0.64383 0.69127 0.68192 0.60933 0.53490 0.46364 0.39456 0.32267 0.24950 0.17815 0.10731 0.03585 0.00000 0.00000 0.00000 0.00000 0.00000 0.00000 0.00000 0.00000 0.00000 0.00000 0.00000 0.00000 0.00000 0.00000 0.00000 0.00000 0.00000 0.00000 0.00000 0.00000 0.02321 0.06973 0.11624 0.16240 0.20918 0.25617 0.30249 0.34800 0.39474 0.44173 0.44069 0.39470 0.34918 0.30247 0.25521
0.00000 0.00000 0.00000 0.00000 0.00000 0.00000 0.00000 0.00000 0.00000 0.00000 0.00000 0.00000 0.00000 0.00000 0.00000 0.01999 0.05994 0.10029 0.14030 0.17979 0.22000 0.26003 0.29961 0.33912 0.37928 0.37895 0.33896 0.29931 0.25892 0.21835 0.17907 0.13961 0.09939 0.05949 0.01986 0.00000 0.00000 0.00000 0.00000 0.00000 0.00000 0.00000 0.00000 0.00000 0.00000 0.01620 0.04855 0.08070 0.11298 0.14556 0.17785 0.20971 0.24184 0.27433 0.30644 0.34229 0.38227 0.42114 0.45878 0.49810 0.54036 0.57997 0.61728 0.65431 0.69460 0.68154 0.60925 0.53510 0.46393 0.39396 0.32167 0.24977 0.17918 0.10735 0.03561 0.00000 0.00000 0.00000 0.00000 0.00000 0.00000 0.00000 0.00000 0.00000 0.00000 0.00000 0.00000 0.00000 0.00000 0.00000 0.00000 0.00000 0.00000 0.00000 0.00000 0.01963 0.05876 0.09827 0.13814 0.17697 0.21582 0.25597 0.29497 0.33317 0.37292 0.37486 0.33489 0.29386 0.25480 0.21599
0.00000 0.00000 0.00000 0.00000 0.00000 0.00000 0.00000 0.00000 0.00000 0.00000 0.00000 0.00000 0.00000 0.00000 0.00000 0.01637 0.04923 0.08192 0.11425 0.14701 0.18053 0.21325 0.24435 0.27681 0.31113 0.31114 0.27648 0.24370 0.21210 0.17973 0.14635 0.11350 0.08147 0.04892 0.01620 0.00000 0.00000 0.00000 0.00000 0.00000 0.00000 0.00000 0.00000 0.00000 0.00000 0.01983 0.05911 0.09845 0.13865 0.17822 0.21637 0.25562 0.29687 0.33640 0.37322 0.40899 0.44372 0.47571 0.50585 0.53808 0.57076 0.60232 0.63536 0.66911 0.70007 0.67756 0.60626 0.53789 0.46606 0.39176 0.32053 0.25086 0.17921 0.10722 0.03561 0.00000 0.00000 0.00000 0.00000 0.00000 0.00000 0.00000 0.00000 0.00000 0.00000 0.00000 0.00000 0.00000 0.00000 0.00000 0.00000 0.00000 0.00000 0.00000 0.00000 0.01609 0.04830 0.08049 0.11285 0.14451 0.17626 0.20911 0.24203 0.27381 0.30512 0.30558 0.27351 0.24084 0.20842 0.17650
0.00000 0.00000 0.00000 0.00000 0.00000 0.00000 0.00000 0.00000 0.00000 0.00000 0.00000 0.00000 0.00000 0.00000 0.00000 0.01278 0.03833 0.06351 0.08896 0.11466 0.13986 0.16522 0.19087 0.21599 0.24114 0.24085 0.21569 0.18992 0.16472 0.13979 0.11393 0.08831 0.06322 0.03794 0.01263 0.00000 0.00000 0.00000 0.00000 0.00000 0.00000 0.00000 0.00000 0.00000 0.00000 0.02331 0.06997 0.11688 0.16352 0.20968 0.25614 0.30318 0.34996 0.39638 0.44258 0.47747 0.50256 0.52927 0.55446 0.57863 0.60181 0.62655 0.65217 0.67938 0.70392 0.67784 0.60707 0.53679 0.46492 0.39262 0.32194 0.25037 0.17806 0.10700 0.03582 0.00000 0.00000 0.00000 0.00000 0.00000 0.00000 0.00000 0.00000 0.00000 0.00000 0.00000 0.00000 0.00000 0.00000 0.00000 0.00000 0.00000 0.00000 0.00000 0.00000 0.01249 0.03764 0.06272 0.08734 0.11238 0.13771 0.16251 0.18800 0.21312 0.23755 0.23682 0.21211 0.18803 0.16289 0.13732
0.00000 0.00000 0.00000 0.00000 0.00000 0.00000 0.00000 0.00000 0.00000 0.00000 0.00000 0.00000 0.00000 0.00000 0.00000 0.00912 0.02727 0.04538 0.06386 0.08208 0.09959 0.11769 0.13660 0.15472 0.17174 0.17163 0.15402 0.13628 0.11793 0.09914 0.08122 0.06346 0.04512 0.02698 0.00905 0.00000 0.00000 0.00000 0.00000 0.00000 0.00000 0.00000 0.00000 0.00000 0.00000 0.02686 0.08104 0.13508 0.18785 0.24142 0.29696 0.35082 0.40191 0.45551 0.51216 0.54800 0.56315 0.58012 0.59910 0.61911 0.63708 0.65191 0.66889 0.68796 0.70655 0.68138 0.60943 0.53415 0.46284 0.39420 0.32250 0.24973 0.17796 0.10705 0.03582 0.00000 0.00000 0.00000 0.00000 0.00000 0.00000 0.00000 0.00000 0.00000 0.00000 0.00000 0.00000 0.00000 0.00000 0.00000 0.00000 0.00000 0.00000 0.00000 0.00000 0.00893 0.02678 0.04457 0.06242 0.08062 0.09856 0.11602 0.13359 0.15171 0.17004 0.16990 0.15156 0.13381 0.11616 0.09825
0.00000 0.00000 0.00000 0.00000 0.00000 0.00000 0.00000 0.00000 0.00000 0.00000 0.00000 0.00000 0.00000 0.00000 0.00000 0.00544 0.01634 0.02735 0.03825 0.04908 0.06000 0.07073 0.08163 0.09272 0.10345 0.10318 0.09238 0.08155 0.07060 0.05962 0.04878 0.03795 0.02709 0.01629 0.00541 0.00000 0.00000 0.00000 0.00000 0.00000 0.00000 0.00000 0.00000 0.00000 0.00000 0.03061 0.09170 0.15224 0.21318 0.27486 0.33587 0.39596 0.45642 0.51733 0.57885 0.61598 0.62542 0.63349 0.64510 0.65803 0.66833 0.67710 0.68815 0.70006 0.71108 0.67776 0.60701 0.53638 0.46530 0.39279 0.32074 0.24985 0.17911 0.10729 0.03560 0.00000 0.00000 0.00000 0.00000 0.00000 0.00000 0.00000 0.00000 0.00000 0.00000 0.00000 0.00000 0.00000 0.00000 0.00000 0.00000 0.00000 0.00000 0.00000 0.00000 0.00537 0.01603 0.02671 0.03758 0.04832 0.05902 0.06966 0.08016 0.09092 0.10198 0.10207 0.09106 0.08008 0.06945 0.05891
0.00000 0.00000 0.00000 0.00000 0.00000 0.00000 0.00000 0.00000 0.00000 0.00000 0.00000 0.00000 0.00000 0.00000 0.00000 0.00182 0.00547 0.00912 0.01270 0.01631 0.02004 0.02369 0.02718 0.03074 0.03447 0.03456 0.03088 0.02707 0.02346 0.01996 0.01632 0.01260 0.00902 0.00543 0.00180 0.00000 0.00000 0.00000 0.00000 0.00000 0.00000 0.00000 0.00000 0.00000 0.00000 0.03422 0.10214 0.17002 0.23924 0.30765 0.37366 0.44152 0.51242 0.58062 0.64490 0.67982 0.68668 0.69154 0.69346 0.69378 0.69774 0.70483 0.70805 0.70974 0.71299 0.67785 0.60652 0.53733 0.46575 0.39200 0.32017 0.25019 0.17908 0.10724 0.03561 0.00000 0.00000 0.00000 0.00000 0.00000 0.00000 0.00000 0.00000 0.00000 0.00000 0.00000 0.00000 0.00000 0.00000 0.00000 0.00000 0.00000 0.00000 0.00000 0.00000 0.00178 0.00536 0.00895 0.01253 0.01602 0.01958 0.02327 0.02688 0.03039 0.03383 0.03386 0.03040 0.02684 0.02319 0.01959
0.00000 0.00000 0.00000 0.00000 0.00000 0.00000 0.00000 0.00000 0.00000 0.00000 0.00000 0.00000 0.00000 0.00000 0.00000 0.00000 0.00000 0.00000 0.00000 0.00000 0.00000 0.00000 0.00000 0.00000 0.00000 0.00000 0.00000 0.00000 0.00000 0.00000 0.00000 0.00000 0.00000 0.00000 0.00000 0.00181 0.00542 0.00898 0.01258 0.01625 0.01984 0.02330 0.02689 0.03066 0.03421 0.06981 0.13787 0.20696 0.27505 0.34171 0.40975 0.47918 0.54755 0.61463 0.68158 0.71271 0.71051 0.70949 0.70388 0.69752 0.69476 0.69399 0.68990 0.68268 0.67907 0.64886 0.58417 0.51675 0.45263 0.38963 0.32605 0.26070 0.19570 0.13192 0.06799 0.03399 0.03027 0.02669 0.02322 0.01968 0.01606 0.01246 0.00892 0.00537 0.00178 0.00000 0.00000 0.00000 0.00000 0.00000 0.00000 0.00000 0.00000 0.00000 0.00000 0.00000 0.00000 0.00000 0.00000 0.00000 0.00000 0.00000 0.00000 0.00000 0.00000 0.00000 0.00000 0.00000 0.00000 0.00000
0.00000 0.00000 0.00000 0.00000 0.00000 0.00000 0.00000 0.00000 0.00000 0.00000 0.00000 0.00000 0.00000 0.00000 0.00000 0.00000 0.00000 0.00000 0.00000 0.00000 0.00000 0.00000 0.00000 0.00000 0.00000 0.00000 0.00000 0.00000 0.00000 0.00000 0.00000 0.00000 0.00000 0.00000 0.00000 0.00543 0.01622 0.02695 0.03783 0.04872 0.05938 0.07003 0.08088 0.09180 0.10242 0.13801 0.19937 0.26077 0.32069 0.38112 0.44377 0.50492 0.56255 0.62322 0.68813 0.71303 0.69920 0.68672 0.67789 0.66938 0.65740 0.64394 0.63376 0.62463 0.61329 0.58320 0.53330 0.48129 0.43096 0.38273 0.33303 0.28194 0.23120 0.18183 0.13239 0.10194 0.09097 0.08004 0.06952 0.05904 0.04829 0.03747 0.02671 0.01604 0.00536 0.00000 0.00000 0.00000 0.00000 0.00000 0.00000 0.00000 0.00000 0.00000 0.00000 0.00000 0.00000 0.00000 0.00000 0.00000 0.00000 0.00000 0.00000 0.00000 0.00000 0.00000 0.00000 0.00000 0.00000 0.00000
0.00000 0.00000 0.00000 0.00000 0.00000 0.00000 0.00000 0.00000 0.00000 0.00000 0.00000 0.00000 0.00000 0.00000 0.00000 0.00000 0.00000 0.00000 0.00000 0.00000 0.00000 0.00000 0.00000 0.00000 0.00000 0.00000 0.00000 0.00000 0.00000 0.00000 0.00000 0.00000 0.00000 0.00000 0.00000 0.00898 0.02699 0.04518 0.06317 0.08071 0.09865 0.11728 0.13522 0.15225 0.17006 0.20717 0.26100 0.31296 0.36668 0.42287 0.47645 0.52738 0.58080 0.63610 0.69050 0.70867 0.68874 0.66915 0.65243 0.63732 0.61794 0.59719 0.57932 0.56489 0.54686 0.51645 0.48104 0.44754 0.41206 0.37438 0.33820 0.30348 0.26854 0.23239 0.19568 0.16911 0.15187 0.13416 0.11593 0.09786 0.08020 0.06257 0.04462 0.02669 0.00892 0.00000 0.00000 0.00000 0.00000 0.00000 0.00000 0.00000 0.00000 0.00000 0.00000 0.00000 0.00000 0.00000 0.00000 0.00000 0.00000 0.00000 0.00000 0.00000 0.00000 0.00000 0.00000 0.00000 0.00000 0.00000
0.00000 0.00000 0.00000 0.00000 0.00000 0.00000 0.00000 0.00000 0.00000 0.00000 0.00000 0.00000 0.00000 0.00000 0.00000 0.00000 0.00000 0.00000 0.00000 0.00000 0.00000 0.00000 0.00000 0.00000 0.00000 0.00000 0.00000 0.00000 0.00000 0.00000 0.00000 0.00000 0.00000 0.00000 0.00000 0.01258 0.03784 0.06323 0.08825 0.11320 0.13841 0.16388 0.18902 0.21365 0.23856 0.27496 0.32173 0.36738 0.41432 0.46154 0.50673 0.55271 0.60124 0.64795 0.69114 0.70118 0.67958 0.65524 0.62804 0.60098 0.57705 0.55379 0.52777 0.50203 0.47722 0.45337 0.43164 0.41144 0.39031 0.36718 0.34503 0.32501 0.30423 0.28230 0.25994 0.23659 0.21246 0.18782 0.16261 0.13709 0.11208 0.08745 0.06259 0.03754 0.01248 0.00000 0.00000 0.00000 0.00000 0.00000 0.00000 0.00000 0.00000 0.00000 0.00000 0.00000 0.00000 0.00000 0.00000 0.00000 0.00000 0.00000 0.00000 0.00000 0.00000 0.00000 0.00000 0.00000 0.00000 0.00000
0.00000 0.00000 0.00000 0.00000 0.00000 0.00000 0.00000 0.00000 0.00000 0.00000 0.00000 0.00000 0.00000 0.00000 0.00000 0.00000 0.00000 0.00000 0.00000 0.00000 0.00000 0.00000 0.00000 0.00000 0.00000 0.00000 0.00000 0.00000 0.00000 0.00000 0.00000 0.00000 0.00000 0.00000 0.00000 0.01628 0.04870 0.08076 0.11319 0.14621 0.17860 0.20974 0.24184 0.27564 0.30812 0.34199 0.38095 0.42304 0.46263 0.49882 0.53783 0.58066 0.61985 0.65619 0.69497 0.69872 0.66794 0.63756 0.60310 0.56895 0.53705 0.50780 0.47495 0.43994 0.40792 0.39060 0.38350 0.37405 0.36691 0.36105 0.35464 0.34626 0.33791 0.33158 0.32539 0.30598 0.27261 0.24005 0.20855 0.17699 0.14472 0.11214 0.08014 0.04827 0.01605 0.00000 0.00000 0.00000 0.00000 0.00000 0.00000 0.00000 0.00000 0.00000 0.00000 0.00000 0.00000 0.00000 0.00000 0.00000 0.00000 0.00000 0.00000 0.00000 0.00000 0.00000 0.00000 0.00000 0.00000 0.00000
0.00000 0.00000 0.00000 0.00000 0.00000 0.00000 0.00000 0.00000 0.00000 0.00000 0.00000 0.00000 0.00000 0.00000 0.00000 0.00000 0.00000 0.00000 0.00000 0.00000 0.00000 0.00000 0.00000 0.00000 0.00000 0.00000 0.00000 0.00000 0.00000 0.00000 0.00000 0.00000 0.00000 0.00000 0.00000 0.01989 0.05948 0.09880 0.13853 0.17859 0.21793 0.25690 0.29596 0.33618 0.37627 0.41102 0.44257 0.47567 0.50830 0.53932 0.57163 0.60452 0.63511 0.66653 0.70100 0.69802 0.65617 0.61510 0.57778 0.53996 0.49907 0.45870 0.41986 0.38088 0.34102 0.32554 0.33286 0.33861 0.34538 0.35405 0.36161 0.36754 0.37337 0.38126 0.38983 0.37376 0.33352 0.29327 0.25470 0.21627 0.17702 0.13748 0.09785 0.05875 0.01967 0.00000 0.00000 0.00000 0.00000 0.00000 0.00000 0.00000 0.00000 0.00000 0.00000 0.00000 0.00000 0.00000 0.00000 0.00000 0.00000 0.00000 0.00000 0.00000 0.00000 0.00000 0.00000 0.00000 0.00000 0.00000
0.00000 0.00000 0.00000 0.00000 0.00000 0.00000 0.00000 0.00000 0.00000 0.00000 0.00000 0.00000 0.00000 0.00000 0.00000 0.00000 0.00000 0.00000 0.00000 0.00000 0.00000 0.00000 0.00000 0.00000 0.00000 0.00000 0.00000 0.00000 0.00000 0.00000 0.00000 0.00000 0.00000 0.00000 0.00000 0.02337 0.07025 0.11741 0.16415 0.20983 0.25652 0.30464 0.35160 0.39611 0.44210 0.48047 0.50612 0.52794 0.55245 0.58119 0.60605 0.62718 0.65173 0.67993 0.70519 0.69413 0.64516 0.59785 0.55222 0.50817 0.46027 0.41175 0.36519 0.32096 0.27428 0.25997 0.28149 0.30415 0.32597 0.34588 0.36671 0.38913 0.41168 0.43261 0.45204 0.43964 0.39430 0.34889 0.30195 0.25438 0.20816 0.16258 0.11607 0.06943 0.02318 0.00000 0.00000 0.00000 0.00000 0.00000 0.00000 0.00000 0.00000 0.00000 0.00000 0.00000 0.00000 0.00000 0.00000 0.00000 0.00000 0.00000 0.00000 0.00000 0.00000 0.00000 0.00000 0.00000 0.00000 0.00000
0.00000 0.00000 0.00000 0.00000 0.00000 0.00000 0.00000 0.00000 0.00000 0.00000 0.00000 0.00000 0.00000 0.00000 0.00000 0.00000 0.00000 0.00000 0.00000 0.00000 0.00000 0.00000 0.00000 0.00000 0.00000 0.00000 0.00000 0.00000 0.00000 0.00000 0.00000 0.00000 0.00000 0.00000 0.00000 0.02695 0.08097 0.13550 0.18916 0.24246 0.29623 0.35112 0.40522 0.45798 0.51058 0.54763 0.56679 0.58300 0.59998 0.61885 0.63719 0.65342 0.67099 0.69047 0.70757 0.68697 0.63474 0.58310 0.52775 0.47251 0.41994 0.36726 0.31265 0.25918 0.20568 0.19625 0.23165 0.26838 0.30439 0.33856 0.37347 0.41087 0.44731 0.48263 0.51605 0.50658 0.45521 0.40236 0.34831 0.29392 0.24011 0.18716 0.13418 0.08046 0.02669 0.00000 0.00000 0.00000 0.00000 0.00000 0.00000 0.00000 0.00000 0.00000 0.00000 0.00000 0.00000 0.00000 0.00000 0.00000 0.00000 0.00000 0.00000 0.00000 0.00000 0.00000 0.00000 0.00000 0.00000 0.00000
0.00000 0.00000 0.00000 0.00000 0.00000 0.00000 0.00000 0.00000 0.00000 0.00000 0.00000 0.00000 0.00000 0.00000 0.00000 0.00000 0.00000 0.00000 0.00000 0.00000 0.00000 0.00000 0.00000 0.00000 0.00000 0.00000 0.00000 0.00000 0.00000 0.00000 0.00000 0.00000 0.00000 0.00000 0.00000 0.03074 0.09188 0.15261 0.21394 0.27602 0.33727 0.39627 0.45687 0.52023 0.58215 0.61446 0.62443 0.63855 0.64976 0.65641 0.66621 0.68134 0.69151 0.69920 0.70871 0.68417 0.62508 0.56559 0.50253 0.44058 0.37987 0.32121 0.25985 0.19773 0.13716 0.13251 0.18275 0.23164 0.28155 0.33232 0.38324 0.43205 0.48047 0.53122 0.58243 0.57811 0.51582 0.45344 0.39347 0.33437 0.27356 0.21195 0.15131 0.09107 0.03031 0.00000 0.00000 0.00000 0.00000 0.00000 0.00000 0.00000 0.00000 0.00000 0.00000 0.00000 0.00000 0.00000 0.00000 0.00000 0.00000 0.00000 0.00000 0.00000 0.00000 0.00000 0.00000 0.00000 0.00000 0.00000
0.00000 0.00000 0.00000 0.00000 0.00000 0.00000 0.00000 0.00000 0.00000 0.00000 0.00000 0.00000 0.00000 0.00000 0.00000 0.00000 0.00000 0.00000 0.00000 0.00000 0.00000 0.00000 0.00000 0.00000 0.00000 0.00000 0.00000 0.00000 0.00000 0.00000 0.00000 0.00000 0.00000 0.00000 0.00000 0.03434 0.10283 0.17055 0.23896 0.30846 0.37647 0.44352 0.51078 0.58059 0.65000 0.68383 0.68576 0.69083 0.69594 0.69714 0.69971 0.70483 0.70970 0.70969 0.71243 0.68338 0.61462 0.54369 0.47705 0.41071 0.34144 0.27310 0.20562 0.13767 0.06955 0.06799 0.13249 0.19597 0.25985 0.32561 0.39030 0.45318 0.51561 0.58071 0.64723 0.64576 0.57568 0.50681 0.43993 0.37332 0.30577 0.23757 0.16892 0.10142 0.03401 0.00000 0.00000 0.00000 0.00000 0.00000 0.00000 0.00000 0.00000 0.00000 0.00000 0.00000 0.00000 0.00000 0.00000 0.00000 0.00000 0.00000 0.00000 0.00000 0.00000 0.00000 0.00000 0.00000 0.00000 0.00000
0.00000 0.00000 0.00000 0.00000 0.00000 0.00000 0.00000 0.00000 0.00000 0.00000 0.00000 0.00000 0.00000 0.00000 0.00000 0.00000 0.00000 0.00000 0.00000 0.00000 0.00000 0.00000 0.00000 0.00000 0.00000 0.00000 0.00000 0.00000 0.00000 0.00000 0.00000 0.00000 0.00000 0.00000 0.00000 0.03420 0.10274 0.17153 0.23973 0.30680 0.37504 0.44495 0.51390 0.57907 0.64639 0.68330 0.68458 0.68030 0.67937 0.68304 0.68307 0.67969 0.67815 0.68115 0.68162 0.64728 0.57679 0.50857 0.44146 0.37519 0.30609 0.23708 0.16922 0.10216 0.03406 0.03385 0.10159 0.16986 0.23816 0.30508 0.37248 0.44081 0.50989 0.57756 0.64394 0.64258 0.57581 0.51009 0.44182 0.37191 0.30423 0.23756 0.16956 0.10163 0.03390 0.00000 0.00000 0.00000 0.00000 0.00000 0.00000 0.00000 0.00000 0.00000 0.00000 0.00000 0.00000 0.00000 0.00000 0.00000 0.00000 0.00000 0.00000 0.00000 0.00000 0.00000 0.00000 0.00000 0.00000 0.00000
0.00000 0.00000 0.00000 0.00000 0.00000 0.00000 0.00000 0.00000 0.00000 0.00000 0.00000 0.00000 0.00000 0.00000 0.00000 0.00000 0.00000 0.00000 0.00000 0.00000 0.00000 0.00000 0.00000 0.00000 0.00000 0.00000 0.00000 0.00000 0.00000 0.00000 0.00000 0.00000 0.00000 0.00000 0.00000 0.03054 0.09164 0.15348 0.21451 0.27455 0.33537 0.39781 0.45927 0.51872 0.57827 0.61040 0.61202 0.60968 0.60843 0.60990 0.61152 0.60862 0.60767 0.60981 0.61081 0.57651 0.51604 0.45738 0.39552 0.33335 0.27353 0.21323 0.15172 0.09117 0.03044 0.03033 0.09083 0.15214 0.21315 0.27252 0.33265 0.39525 0.45635 0.51702 0.57473 0.57448 0.51587 0.45599 0.39466 0.33331 0.27210 0.21214 0.15215 0.09117 0.03024 0.00000 0.00000 0.00000 0.00000 0.00000 0.00000 0.00000 0.00000 0.00000 0.00000 0.00000 0.00000 0.00000 0.00000 0.00000 0.00000 0.00000 0.00000 0.00000 0.00000 0.00000 0.00000 0.00000 0.00000 0.00000
0.00000 0.00000 0.00000 0.00000 0.00000 0.00000 0.00000 0.00000 0.00000 0.00000 0.00000 0.00000 0.00000 0.00000 0.00000 0.00000 0.00000 0.00000 0.00000 0.00000 0.00000 0.00000 0.00000 0.00000 0.00000 0.00000 0.00000 0.00000 0.00000 0.00000 0.00000 0.00000 0.00000 0.00000 0.00000 0.02707 0.08101 0.13477 0.18882 0.24337 0.29750 0.34975 0.40321 0.45863 0.51371 0.53760 0.53685 0.53892 0.53985 0.53691 0.53574 0.53828 0.53858 0.53722 0.53530 0.50916 0.45671 0.40374 0.34849 0.29421 0.24082 0.18831 0.13437 0.08021 0.02672 0.02684 0.08063 0.13380 0.18729 0.24111 0.29518 0.34842 0.40173 0.45454 0.50846 0.51020 0.45610 0.40012 0.34733 0.29509 0.24128 0.18714 0.13370 0.08031 0.02672 0.00000 0.00000 0.00000 0.00000 0.00000 0.00000 0.00000 0.00000 0.00000 0.00000 0.00000 0.00000 0.00000 0.00000 0.00000 0.00000 0.00000 0.00000 0.00000 0.00000 0.00000 0.00000 0.00000 0.00000 0.00000
0.00000 0.00000 0.00000 0.00000 0.00000 0.00000 0.00000 0.00000 0.00000 0.00000 0.00000 0.00000 0.00000 0.00000 0.00000 0.00000 0.00000 0.00000 0.00000 0.00000 0.00000 0.00000 0.00000 0.00000 0.00000 0.00000 0.00000 0.00000 0.00000 0.00000 0.00000 0.00000 0.00000 0.00000 0.00000 0.02348 0.07042 0.11661 0.16330 0.21089 0.25764 0.30318 0.34920 0.39697 0.44477 0.46633 0.46514 0.46638 0.46794 0.46574 0.46490 0.46635 0.46769 0.46476 0.46431 0.44302 0.39629 0.34763 0.30204 0.25646 0.20904 0.16239 0.11640 0.06978 0.02317 0.02327 0.06989 0.11582 0.16201 0.20949 0.25615 0.30138 0.34693 0.39430 0.44172 0.44199 0.39394 0.34707 0.30100 0.25558 0.20932 0.16255 0.11560 0.06947 0.02329 0.00000 0.00000 0.00000 0.00000 0.00000 0.00000 0.00000 0.00000 0.00000 0.00000 0.00000 0.00000 0.00000 0.00000 0.00000 0.00000 0.00000 0.00000 0.00000 0.00000 0.00000 0.00000 0.00000 0.00000 0.00000
0.00000 0.00000 0.00000 0.00000 0.00000 0.00000 0.00000 0.00000 0.00000 0.00000 0.00000 0.00000 0.00000 0.00000 0.00000 0.00000 0.00000 0.00000 0.00000 0.00000 0.00000 0.00000 0.00000 0.00000 0.00000 0.00000 0.00000 0.00000 0.00000 0.00000 0.00000 0.00000 0.00000 0.00000 0.00000 0.01981 0.05949 0.09917 0.13866 0.17766 0.21709 0.25735 0.29747 0.33529 0.37419 0.39506 0.39625 0.39408 0.39325 0.39463 0.39538 0.39393 0.39258 0.39364 0.39455 0.37470 0.33384 0.29425 0.25569 0.21704 0.17713 0.13728 0.09802 0.05907 0.01972 0.01963 0.05885 0.09827 0.13779 0.17691 0.21617 0.25520 0.29424 0.33463 0.37428 0.37204 0.33336 0.29539 0.25578 0.21531 0.17649 0.13755 0.09805 0.05887 0.01965 0.00000 0.00000 0.00000 0.00000 0.00000 0.00000 0.00000 0.00000 0.00000 0.00000 0.00000 0.00000 0.00000 0.00000 0.00000 0.00000 0.00000 0.00000 0.00000 0.00000 0.00000 0.00000 0.00000 0.00000 0.00000
0.00000 0.00000 0.00000 0.00000 0.00000 0.00000 0.00000 0.00000 0.00000 0.00000 0.00000 0.00000 0.00000 0.00000 0.00000 0.00000 0.00000 0.00000 0.00000 0.00000 0.00000 0.00000 0.00000 0.00000 0.00000 0.00000 0.00000 0.00000 0.00000 0.00000 0.00000 0.00000 0.00000 0.00000 0.00000 0.01616 0.04847 0.08117 0.11359 0.14518 0.17738 0.21024 0.24311 0.27441 0.30587 0.32270 0.32399 0.32258 0.32178 0.32275 0.32388 0.32205 0.32158 0.32286 0.32330 0.30517 0.27334 0.24210 0.20933 0.17645 0.14505 0.11294 0.08028 0.04826 0.01614 0.01607 0.04812 0.08062 0.11295 0.14427 0.17631 0.20949 0.24177 0.27366 0.30453 0.30469 0.27326 0.24157 0.20908 0.17646 0.14409 0.11245 0.08063 0.04826 0.01601 0.00000 0.00000 0.00000 0.00000 0.00000 0.00000 0.00000 0.00000 0.00000 0.00000 0.00000 0.00000 0.00000 0.00000 0.00000 0.00000 0.00000 0.00000 0.00000 0.00000 0.00000 0.00000 0.00000 0.00000 0.00000
0.00000 0.00000 0.00000 0.00000 0.00000 0.00000 0.00000 0.00000 0.00000 0.00000 0.00000 0.00000 0.00000 0.00000 0.00000 0.00000 0.00000 0.00000 0.00000 0.00000 0.00000 0.00000 0.00000 0.00000 0.00000 0.00000 0.00000 0.00000 0.00000 0.00000 0.00000 0.00000 0.00000 0.00000 0.00000 0.01261 0.03774 0.06287 0.08812 0.11343 0.13874 0.16315 0.18803 0.21374 0.23959 0.25090 0.25038 0.25098 0.25187 0.25080 0.24995 0.25059 0.25133 0.25090 0.24985 0.23732 0.21319 0.18827 0.16263 0.13725 0.11251 0.08776 0.06270 0.03750 0.01248 0.01251 0.03762 0.06260 0.08754 0.11250 0.13743 0.16286 0.18809 0.21219 0.23702 0.23826 0.21308 0.18671 0.16234 0.13773 0.11241 0.08732 0.06252 0.03749 0.01246 0.00000 0.00000 0.00000 0.00000 0.00000 0.00000 0.00000 0.00000 0.00000 0.00000 0.00000 0.00000 0.00000 0.00000 0.00000 0.00000 0.00000 0.00000 0.00000 0.00000 0.00000 0.00000 0.00000 0.00000 0.00000
0.00000 0.00000 0.00000 0.00000 0.00000 0.00000 0.00000 0.00000 0.00000 0.00000 0.00000 0.00000 0.00000 0.00000 0.00000 0.00000 0.00000 0.00000 0.00000 0.00000 0.00000 0.00000 0.00000 0.00000 0.00000 0.00000 0.00000 0.00000 0.00000 0.00000 0.00000 0.00000 0.00000 0.00000 0.00000 0.00902 0.02707 0.04482 0.06273 0.08097 0.09904 0.11659 0.13417 0.15218 0.17097 0.17930 0.17868 0.17904 0.17987 0.17904 0.17860 0.17933 0.17971 0.17863 0.17862 0.17035 0.15232 0.13366 0.11631 0.09862 0.08036 0.06244 0.04485 0.02687 0.00892 0.00895 0.02691 0.04459 0.06242 0.08066 0.09862 0.11599 0.13362 0.15189 0.17006 0.17014 0.15165 0.13355 0.11588 0.09838 0.08057 0.06249 0.04449 0.02675 0.00897 0.00000 0.00000 0.00000 0.00000 0.00000 0.00000 0.00000 0.00000 0.00000 0.00000 0.00000 0.00000 0.00000 0.00000 0.00000 0.00000 0.00000 0.00000 0.00000 0.00000 0.00000 0.00000 0.00000 0.00000 0.00000
0.00000 0.00000 0.00000 0.00000 0.00000 0.00000 0.00000 0.00000 0.00000 0.00000 0.00000 0.00000 0.00000 0.00000 0.00000 0.00000 0.00000 0.00000 0.00000 0.00000 0.00000 0.00000 0.00000 0.00000 0.00000 0.00000 0.00000 0.00000 0.00000 0.00000 0.00000 0.00000 0.00000 0.00000 0.00000 0.00540 0.01623 0.02701 0.03769 0.04839 0.05919 0.07010 0.08097 0.09133 0.10195 0.10756 0.10793 0.10748 0.10716 0.10736 0.10780 0.10756 0.10706 0.10711 0.10762 0.10217 0.09110 0.08018 0.06981 0.05914 0.04831 0.03750 0.02679 0.01609 0.00538 0.00537 0.01608 0.02679 0.03753 0.04837 0.05909 0.06962 0.08016 0.09138 0.10223 0.10154 0.09096 0.08061 0.06965 0.05872 0.04826 0.03754 0.02671 0.01604 0.00537 0.00000 0.00000 0.00000 0.00000 0.00000 0.00000 0.00000 0.00000 0.00000 0.00000 0.00000 0.00000 0.00000 0.00000 0.00000 0.00000 0.00000 0.00000 0.00000 0.00000 0.00000 0.00000 0.00000 0.00000 0.00000
0.00000 0.00000 0.00000 0.00000 0.00000 0.00000 0.00000 0.00000 0.00000 0.00000 0.00000 0.00000 0.00000 0.00000 0.00000 0.00000 0.00000 0.00000 0.00000 0.00000 0.00000 0.00000 0.00000 0.00000 0.00000 0.00000 0.00000 0.00000 0.00000 0.00000 0.00000 0.00000 0.00000 0.00000 0.00000 0.00180 0.00538 0.00900 0.01260 0.01614 0.01968 0.02325 0.02698 0.03052 0.03394 0.03571 0.03596 0.03584 0.03569 0.03580 0.03592 0.03576 0.03570 0.03586 0.03588 0.03388 0.03039 0.02688 0.02325 0.01960 0.01614 0.01255 0.00893 0.00536 0.00179 0.00179 0.00536 0.00897 0.01256 0.01606 0.01962 0.02328 0.02688 0.03042 0.03387 0.03388 0.03041 0.02687 0.02324 0.01959 0.01603 0.01250 0.00896 0.00536 0.00178 0.00000 0.00000 0.00000 0.00000 0.00000 0.00000 0.00000 0.00000 0.00000 0.00000 0.00000 0.00000 0.00000 0.00000 0.00000 0.00000 0.00000 0.00000 0.00000 0.00000 0.00000 0.00000 0.00000 0.00000 0.00000
0.00000 0.00000 0.00000 0.00000 0.00000 0.00000 0.00000 0.00000 0.00000 0.00000 0.00000 0.00000 0.00000 0.00000 0.00000 0.00000 0.00000 0.00000 0.00000 0.00000 0.00000 0.00000 0.00000 0.00000 0.00000 0.00000 0.00000 0.00000 0.00000 0.00000 0.00000 0.00000 0.00000 0.00000 0.00000 0.00180 0.00538 0.00896 0.01261 0.01619 0.01971 0.02324 0.02690 0.03050 0.03409 0.03575 0.03577 0.03579 0.03594 0.03582 0.03568 0.03571 0.03590 0.03586 0.03571 0.03385 0.03048 0.02688 0.02325 0.01962 0.01612 0.01253 0.00895 0.00537 0.00179 0.00179 0.00536 0.00897 0.01254 0.01608 0.01960 0.02332 0.02690 0.03032 0.03387 0.03406 0.03044 0.02671 0.02323 0.01968 0.01603 0.01247 0.00895 0.00537 0.00178 0.00000 0.00000 0.00000 0.00000 0.00000 0.00000 0.00000 0.00000 0.00000 0.00000 0.00000 0.00000 0.00000 0.00000 0.00000 0.00000 0.00000 0.00000 0.00000 0.00000 0.00000 0.00000 0.00000 0.00000 0.00000
0.00000 0.00000 0.00000 0.00000 0.00000 0.00000 0.00000 0.00000 0.00000 0.00000 0.00000 0.00000 0.00000 0.00000 0.00000 0.00000 0.00000 0.00000 0.00000 0.00000 0.00000 0.00000 0.00000 0.00000 0.00000 0.00000 0.00000 0.00000 0.00000 0.00000 0.00000 0.00000 0.00000 0.00000 0.00000 0.00541 0.01621 0.02692 0.03761 0.04842 0.05925 0.07004 0.08046 0.09102 0.10234 0.10762 0.10708 0.10701 0.10774 0.10738 0.10701 0.10741 0.10763 0.10713 0.10720 0.10206 0.09136 0.08020 0.06986 0.05913 0.04828 0.03746 0.02692 0.01615 0.00536 0.00537 0.01613 0.02684 0.03751 0.04839 0.05908 0.06978 0.08024 0.09114 0.10199 0.10211 0.09100 0.07990 0.06968 0.05903 0.04822 0.03746 0.02673 0.01603 0.00536 0.00000 0.00000 0.00000 0.00000 0.00000 0.00000 0.00000 0.00000 0.00000 0.00000 0.00000 0.00000 0.00000 0.00000 0.00000 0.00000 0.00000 0.00000 0.00000 0.00000 0.00000 0.00000 0.00000 0.00000 0.00000
0.00000 0.00000 0.00000 0.00000 0.00000 0.00000 0.00000 0.00000 0.00000 0.00000 0.00000 0.00000 0.00000 0.00000 0.00000 0.00000 0.00000 0.00000 0.00000 0.00000 0.00000 0.00000 0.00000 0.00000 0.00000 0.00000 0.00000 0.00000 0.00000 0.00000 0.00000 0.00000 0.00000 0.00000 0.00000 0.00900 0.02703 0.04508 0.06254 0.08045 0.09892 0.11682 0.13405 0.15157 0.17064 0.17918 0.17916 0.17842 0.17906 0.17852 0.17956 0.17909 0.17865 0.17828 0.17937 0.17004 0.15195 0.13354 0.11663 0.09856 0.08055 0.06255 0.04483 0.02684 0.00894 0.00898 0.02690 0.04470 0.06238 0.08093 0.09852 0.11602 0.13343 0.15261 0.17014 0.16927 0.15151 0.13427 0.11597 0.09812 0.08045 0.06258 0.04448 0.02670 0.00897 0.00000 0.00000 0.00000 0.00000 0.00000 0.00000 0.00000 0.00000 0.00000 0.00000 0.00000 0.00000 0.00000 0.00000 0.00000 0.00000 0.00000 0.00000 0.00000 0.00000 0.00000 0.00000 0.00000 0.00000 0.00000
0.00000 0.00000 0.00000 0.00000 0.00000 0.00000 0.00000 0.00000 0.00000 0.00000 0.00000 0.00000 0.00000 0.00000 0.00000 0.00000 0.00000 0.00000 0.00000 0.00000 0.00000 0.00000 0.00000 0.00000 0.00000 0.00000 0.00000 0.00000 0.00000 0.00000 0.00000 0.00000 0.00000 0.00000 0.00000 0.01261 0.03776 0.06301 0.08781 0.11291 0.13808 0.16313 0.18808 0.21315 0.23828 0.24987 0.25115 0.25048 0.25057 0.24961 0.25111 0.25021 0.25030 0.24977 0.25095 0.23722 0.21292 0.18760 0.16307 0.13745 0.11298 0.08780 0.06266 0.03755 0.01254 0.01257 0.03758 0.06268 0.08754 0.11310 0.13744 0.16279 0.18725 0.21344 0.23729 0.23690 0.21250 0.18814 0.16244 0.13721 0.11261 0.08757 0.06237 0.03742 0.01253 0.00000 0.00000 0.00000 0.00000 0.00000 0.00000 0.00000 0.00000 0.00000 0.00000 0.00000 0.00000 0.00000 0.00000 0.00000 0.00000 0.00000 0.00000 0.00000 0.00000 0.00000 0.00000 0.00000 0.00000 0.00000
0.00000 0.00000 0.00000 0.00000 0.00000 0.00000 0.00000 0.00000 0.00000 0.00000 0.00000 0.00000 0.00000 0.00000 0.00000 0.00000 0.00000 0.00000 0.00000 0.00000 0.00000 0.00000 0.00000 0.00000 0.00000 0.00000 0.00000 0.00000 0.00000 0.00000 0.00000 0.00000 0.00000 0.00000 0.00000 0.01625 0.04848 0.08084 0.11308 0.14579 0.17692 0.20956 0.24260 0.27475 0.30583 0.32093 0.32399 0.32156 0.32252 0.32053 0.32258 0.32089 0.32279 0.32073 0.32220 0.30408 0.27451 0.24114 0.20952 0.17650 0.14550 0.11301 0.08056 0.04835 0.01613 0.01612 0.04818 0.08086 0.11256 0.14522 0.17585 0.21029 0.24048 0.27369 0.30397 0.30597 0.27307 0.24140 0.20874 0.17658 0.14406 0.11248 0.08052 0.04809 0.01609 0.00000 0.00000 0.00000 0.00000 0.00000 0.00000 0.00000 0.00000 0.00000 0.00000 0.00000 0.00000 0.00000 0.00000 0.00000 0.00000 0.00000 0.00000 0.00000 0.00000 0.00000 0.00000 0.00000 0.00000 0.00000
