0.03730 0.02916 0.02039 0.01252 0.00411 0.00424 0.01216 0.02026 0.02805 0.03725 0.04347 0.05160 0.05819 0.06741 0.07401 0.07626 0.07760 0.07847 0.07779 0.07594 0.07676 0.07707 0.07731 0.07551 0.07469 0.07132 0.06529 0.05659 0.04808 0.04015 0.03368 0.02580 0.01788 0.01067 0.00360 0.00000 0.00000 0.00000 0.00000 0.00000 0.00000 0.00000 0.00000 0.00000 0.00000 0.00000 0.00000 0.00000 0.00000 0.00000 0.00000 0.00000 0.00000 0.00000 0.00000 0.00000 0.00000 0.00000 0.00000 0.00000 0.00000 0.00000 0.00000 0.00000 0.00000 0.00000 0.00000 0.00000 0.00000 0.00000 0.00000 0.00000 0.00000 0.00000 0.00000 0.00000 0.00000 0.00000 0.00000 0.00000 0.00000 0.00000 0.00000 0.00000 0.00000 0.00000 0.00000 0.00000 0.00000 0.00000
0.02928 0.02303 0.01624 0.00965 0.00318 0.00325 0.00958 0.01575 0.02169 0.02839 0.03408 0.04033 0.04561 0.05242 0.05793 0.06040 0.06034 0.06078 0.06063 0.05936 0.05922 0.05996 0.06018 0.05869 0.05815 0.05598 0.05021 0.04355 0.03723 0.03145 0.02595 0.01989 0.01409 0.00831 0.00279 0.00000 0.00000 0.00000 0.00000 0.00000 0.00000 0.00000 0.00000 0.00000 0.00000 0.00000 0.00000 0.00000 0.00000 0.00000 0.00000 0.00000 0.00000 0.00000 0.00000 0.00000 0.00000 0.00000 0.00000 0.00000 0.00000 0.00000 0.00000 0.00000 0.00000 0.00000 0.00000 0.00000 0.00000 0.00000 0.00000 0.00000 0.00000 0.00000 0.00000 0.00000 0.00000 0.00000 0.00000 0.00000 0.00000 0.00000 0.00000 0.00000 0.00000 0.00000 0.00000 0.00000 0.00000 0.00000
0.02097 0.01638 0.01166 0.00689 0.00225 0.00227 0.00684 0.01136 0.01549 0.01993 0.02420 0.02914 0.03282 0.03685 0.04085 0.04350 0.04366 0.04313 0.04246 0.04280 0.04301 0.04258 0.04231 0.04208 0.04228 0.03996 0.03539 0.03088 0.02717 0.02279 0.01816 0.01413 0.01022 0.00606 0.00195 0.00000 0.00000 0.00000 0.00000 0.00000 0.00000 0.00000 0.00000 0.00000 0.00000 0.00000 0.00000 0.00000 0.00000 0.00000 0.00000 0.00000 0.00000 0.00000 0.00000 0.00000 0.00000 0.00000 0.00000 0.00000 0.00000 0.00000 0.00000 0.00000 0.00000 0.00000 0.00000 0.00000 0.00000 0.00000 0.00000 0.00000 0.00000 0.00000 0.00000 0.00000 0.00000 0.00000 0.00000 0.00000 0.00000 0.00000 0.00000 0.00000 0.00000 0.00000 0.00000 0.00000 0.00000 0.00000
0.01262 0.00981 0.00700 0.00420 0.00137 0.00134 0.00405 0.00687 0.00933 0.01183 0.01453 0.01756 0.01974 0.02204 0.02472 0.02653 0.02626 0.02544 0.02556 0.02607 0.02594 0.02522 0.02508 0.02546 0.02570 0.02400 0.02091 0.01851 0.01620 0.01368 0.01093 0.00834 0.00608 0.00364 0.00118 0.00000 0.00000 0.00000 0.00000 0.00000 0.00000 0.00000 0.00000 0.00000 0.00000 0.00000 0.00000 0.00000 0.00000 0.00000 0.00000 0.00000 0.00000 0.00000 0.00000 0.00000 0.00000 0.00000 0.00000 0.00000 0.00000 0.00000 0.00000 0.00000 0.00000 0.00000 0.00000 0.00000 0.00000 0.00000 0.00000 0.00000 0.00000 0.00000 0.00000 0.00000 0.00000 0.00000 0.00000 0.00000 0.00000 0.00000 0.00000 0.00000 0.00000 0.00000 0.00000 0.00000 0.00000 0.00000
0.00422 0.00321 0.00229 0.00138 0.00046 0.00045 0.00134 0.00223 0.00313 0.00400 0.00484 0.00570 0.00655 0.00743 0.00829 0.00873 0.00859 0.00854 0.00863 0.00863 0.00854 0.00846 0.00845 0.00846 0.00845 0.00793 0.00709 0.00622 0.00533 0.00452 0.00372 0.00284 0.00199 0.00120 0.00040 0.00000 0.00000 0.00000 0.00000 0.00000 0.00000 0.00000 0.00000 0.00000 0.00000 0.00000 0.00000 0.00000 0.00000 0.00000 0.00000 0.00000 0.00000 0.00000 0.00000 0.00000 0.00000 0.00000 0.00000 0.00000 0.00000 0.00000 0.00000 0.00000 0.00000 0.00000 0.00000 0.00000 0.00000 0.00000 0.00000 0.00000 0.00000 0.00000 0.00000 0.00000 0.00000 0.00000 0.00000 0.00000 0.00000 0.00000 0.00000 0.00000 0.00000 0.00000 0.00000 0.00000 0.00000 0.00000
0.00429 0.00328 0.00230 0.00137 0.00046 0.00046 0.00133 0.00220 0.00312 0.00403 0.00481 0.00565 0.00659 0.00757 0.00826 0.00859 0.00862 0.00879 0.00868 0.00845 0.00845 0.00860 0.00860 0.00841 0.00828 0.00793 0.00715 0.00634 0.00531 0.00441 0.00368 0.00288 0.00200 0.00118 0.00040 0.00000 0.00000 0.00000 0.00000 0.00000 0.00000 0.00000 0.00000 0.00000 0.00000 0.00000 0.00000 0.00000 0.00000 0.00000 0.00000 0.00000 0.00000 0.00000 0.00000 0.00000 0.00000 0.00000 0.00000 0.00000 0.00000 0.00000 0.00000 0.00000 0.00000 0.00000 0.00000 0.00000 0.00000 0.00000 0.00000 0.00000 0.00000 0.00000 0.00000 0.00000 0.00000 0.00000 0.00000 0.00000 0.00000 0.00000 0.00000 0.00000 0.00000 0.00000 0.00000 0.00000 0.00000 0.00000
0.01256 0.00969 0.00687 0.00404 0.00135 0.00135 0.00404 0.00666 0.00928 0.01190 0.01454 0.01710 0.01974 0.02244 0.02473 0.02574 0.02609 0.02627 0.02574 0.02523 0.02560 0.02572 0.02556 0.02519 0.02500 0.02377 0.02121 0.01872 0.01616 0.01344 0.01088 0.00853 0.00610 0.00360 0.00118 0.00000 0.00000 0.00000 0.00000 0.00000 0.00000 0.00000 0.00000 0.00000 0.00000 0.00000 0.00000 0.00000 0.00000 0.00000 0.00000 0.00000 0.00000 0.00000 0.00000 0.00000 0.00000 0.00000 0.00000 0.00000 0.00000 0.00000 0.00000 0.00000 0.00000 0.00000 0.00000 0.00000 0.00000 0.00000 0.00000 0.00000 0.00000 0.00000 0.00000 0.00000 0.00000 0.00000 0.00000 0.00000 0.00000 0.00000 0.00000 0.00000 0.00000 0.00000 0.00000 0.00000 0.00000 0.00000
0.02135 0.01641 0.01176 0.00689 0.00224 0.00223 0.00676 0.01131 0.01526 0.01950 0.02448 0.02923 0.03241 0.03626 0.04166 0.04467 0.04302 0.04228 0.04282 0.04390 0.04299 0.04176 0.04190 0.04237 0.04248 0.04022 0.03497 0.03052 0.02686 0.02290 0.01820 0.01387 0.01006 0.00607 0.00197 0.00000 0.00000 0.00000 0.00000 0.00000 0.00000 0.00000 0.00000 0.00000 0.00000 0.00000 0.00000 0.00000 0.00000 0.00000 0.00000 0.00000 0.00000 0.00000 0.00000 0.00000 0.00000 0.00000 0.00000 0.00000 0.00000 0.00000 0.00000 0.00000 0.00000 0.00000 0.00000 0.00000 0.00000 0.00000 0.00000 0.00000 0.00000 0.00000 0.00000 0.00000 0.00000 0.00000 0.00000 0.00000 0.00000 0.00000 0.00000 0.00000 0.00000 0.00000 0.00000 0.00000 0.00000 0.00000
0.02875 0.02218 0.01590 0.00951 0.00315 0.00311 0.00933 0.01549 0.02167 0.02772 0.03392 0.04000 0.04579 0.05140 0.05827 0.06174 0.06022 0.05920 0.06052 0.06110 0.05955 0.05838 0.05919 0.05895 0.05859 0.05584 0.04943 0.04304 0.03698 0.03171 0.02592 0.01960 0.01387 0.00836 0.00278 0.00000 0.00000 0.00000 0.00000 0.00000 0.00000 0.00000 0.00000 0.00000 0.00000 0.00000 0.00000 0.00000 0.00000 0.00000 0.00000 0.00000 0.00000 0.00000 0.00000 0.00000 0.00000 0.00000 0.00000 0.00000 0.00000 0.00000 0.00000 0.00000 0.00000 0.00000 0.00000 0.00000 0.00000 0.00000 0.00000 0.00000 0.00000 0.00000 0.00000 0.00000 0.00000 0.00000 0.00000 0.00000 0.00000 0.00000 0.00000 0.00000 0.00000 0.00000 0.00000 0.00000 0.00000 0.00000
0.03839 0.02909 0.02077 0.01231 0.00413 0.00406 0.01185 0.01967 0.02828 0.03656 0.04266 0.05006 0.05983 0.06819 0.07313 0.07600 0.07848 0.07895 0.07643 0.07514 0.07667 0.07727 0.07635 0.07529 0.07476 0.07051 0.06375 0.05657 0.04787 0.03953 0.03282 0.02562 0.01800 0.01067 0.00352 0.00000 0.00000 0.00000 0.00000 0.00000 0.00000 0.00000 0.00000 0.00000 0.00000 0.00000 0.00000 0.00000 0.00000 0.00000 0.00000 0.00000 0.00000 0.00000 0.00000 0.00000 0.00000 0.00000 0.00000 0.00000 0.00000 0.00000 0.00000 0.00000 0.00000 0.00000 0.00000 0.00000 0.00000 0.00000 0.00000 0.00000 0.00000 0.00000 0.00000 0.00000 0.00000 0.00000 0.00000 0.00000 0.00000 0.00000 0.00000 0.00000 0.00000 0.00000 0.00000 0.00000 0.00000 0.00000
0.04487 0.03476 0.02466 0.01474 0.00492 0.00490 0.01462 0.02430 0.03403 0.04348 0.05287 0.06223 0.07252 0.08186 0.09019 0.09398 0.09601 0.09605 0.09321 0.09240 0.09465 0.09381 0.09161 0.09235 0.09255 0.08641 0.07630 0.06872 0.05944 0.04879 0.03952 0.03105 0.02211 0.01319 0.00438 0.00000 0.00000 0.00000 0.00000 0.00000 0.00000 0.00000 0.00000 0.00000 0.00000 0.00000 0.00000 0.00000 0.00000 0.00000 0.00000 0.00000 0.00000 0.00000 0.00000 0.00000 0.00000 0.00000 0.00000 0.00000 0.00000 0.00000 0.00000 0.00000 0.00000 0.00000 0.00000 0.00000 0.00000 0.00000 0.00000 0.00000 0.00000 0.00000 0.00000 0.00000 0.00000 0.00000 0.00000 0.00000 0.00000 0.00000 0.00000 0.00000 0.00000 0.00000 0.00000 0.00000 0.00000 0.00000
0.05502 0.04211 0.03011 0.01760 0.00582 0.00578 0.01758 0.02907 0.03929 0.05050 0.06374 0.07522 0.08336 0.09417 0.10826 0.11316 0.10981 0.10903 0.11265 0.11081 0.10901 0.10830 0.10991 0.10827 0.10841 0.10332 0.09133 0.07909 0.06893 0.05838 0.04744 0.03683 0.02560 0.01522 0.00521 0.00000 0.00000 0.00000 0.00000 0.00000 0.00000 0.00000 0.00000 0.00000 0.00000 0.00000 0.00000 0.00000 0.00000 0.00000 0.00000 0.00000 0.00000 0.00000 0.00000 0.00000 0.00000 0.00000 0.00000 0.00000 0.00000 0.00000 0.00000 0.00000 0.00000 0.00000 0.00000 0.00000 0.00000 0.00000 0.00000 0.00000 0.00000 0.00000 0.00000 0.00000 0.00000 0.00000 0.00000 0.00000 0.00000 0.00000 0.00000 0.00000 0.00000 0.00000 0.00000 0.00000 0.00000 0.00000
0.06032 0.04715 0.03362 0.02004 0.00664 0.00665 0.01995 0.03298 0.04593 0.05910 0.07253 0.08506 0.09723 0.10978 0.12429 0.12988 0.12713 0.12694 0.12932 0.12838 0.12473 0.12592 0.12741 0.12495 0.12253 0.11939 0.10672 0.09134 0.07844 0.06703 0.05479 0.04193 0.02985 0.01757 0.00583 0.00000 0.00000 0.00000 0.00000 0.00000 0.00000 0.00000 0.00000 0.00000 0.00000 0.00000 0.00000 0.00000 0.00000 0.00000 0.00000 0.00000 0.00000 0.00000 0.00000 0.00000 0.00000 0.00000 0.00000 0.00000 0.00000 0.00000 0.00000 0.00000 0.00000 0.00000 0.00000 0.00000 0.00000 0.00000 0.00000 0.00000 0.00000 0.00000 0.00000 0.00000 0.00000 0.00000 0.00000 0.00000 0.00000 0.00000 0.00000 0.00000 0.00000 0.00000 0.00000 0.00000 0.00000 0.00000
0.07021 0.05365 0.03832 0.02291 0.00773 0.00755 0.02212 0.03712 0.05326 0.06756 0.07999 0.09495 0.11226 0.12552 0.13621 0.14358 0.14794 0.14427 0.14155 0.14258 0.14614 0.14161 0.14095 0.14186 0.14188 0.13180 0.11816 0.10473 0.09036 0.07600 0.06049 0.04680 0.03430 0.02050 0.00657 0.00000 0.00000 0.00000 0.00000 0.00000 0.00000 0.00000 0.00000 0.00000 0.00000 0.00000 0.00000 0.00000 0.00000 0.00000 0.00000 0.00000 0.00000 0.00000 0.00000 0.00000 0.00000 0.00000 0.00000 0.00000 0.00000 0.00000 0.00000 0.00000 0.00000 0.00000 0.00000 0.00000 0.00000 0.00000 0.00000 0.00000 0.00000 0.00000 0.00000 0.00000 0.00000 0.00000 0.00000 0.00000 0.00000 0.00000 0.00000 0.00000 0.00000 0.00000 0.00000 0.00000 0.00000 0.00000
0.07547 0.05882 0.04202 0.02543 0.00845 0.00835 0.02493 0.04174 0.05851 0.07451 0.09046 0.10696 0.12401 0.13928 0.15318 0.16205 0.16380 0.16178 0.15806 0.16003 0.16204 0.15868 0.15540 0.15903 0.15958 0.14699 0.12980 0.11683 0.10143 0.08344 0.06764 0.05244 0.03728 0.02286 0.00755 0.00000 0.00000 0.00000 0.00000 0.00000 0.00000 0.00000 0.00000 0.00000 0.00000 0.00000 0.00000 0.00000 0.00000 0.00000 0.00000 0.00000 0.00000 0.00000 0.00000 0.00000 0.00000 0.00000 0.00000 0.00000 0.00000 0.00000 0.00000 0.00000 0.00000 0.00000 0.00000 0.00000 0.00000 0.00000 0.00000 0.00000 0.00000 0.00000 0.00000 0.00000 0.00000 0.00000 0.00000 0.00000 0.00000 0.00000 0.00000 0.00000 0.00000 0.00000 0.00000 0.00000 0.00000 0.00000
0.08453 0.06863 0.05166 0.03373 0.01692 0.01720 0.03456 0.05034 0.06514 0.08258 0.10104 0.11548 0.12897 0.14578 0.16609 0.16936 0.16578 0.16647 0.16801 0.16257 0.16052 0.16216 0.16165 0.15645 0.15565 0.14896 0.13263 0.11519 0.09840 0.08343 0.06896 0.05368 0.03670 0.02185 0.00749 0.00000 0.00000 0.00000 0.00000 0.00000 0.00000 0.00000 0.00000 0.00000 0.00000 0.00036 0.00105 0.00178 0.00248 0.00306 0.00369 0.00436 0.00511 0.00573 0.00609 0.00604 0.00552 0.00479 0.00402 0.00343 0.00279 0.00210 0.00149 0.00091 0.00029 0.00000 0.00000 0.00000 0.00000 0.00000 0.00000 0.00000 0.00000 0.00000 0.00000 0.00000 0.00000 0.00000 0.00000 0.00000 0.00000 0.00000 0.00000 0.00000 0.00000 0.00000 0.00000 0.00000 0.00000 0.00000
0.09509 0.08013 0.06424 0.04854 0.03371 0.03401 0.04893 0.06302 0.07723 0.09257 0.10744 0.12100 0.13428 0.14943 0.16497 0.16846 0.16373 0.16252 0.16110 0.15543 0.15042 0.15060 0.14906 0.14238 0.13842 0.13267 0.11914 0.10183 0.08744 0.07444 0.06085 0.04730 0.03350 0.01966 0.00650 0.00000 0.00000 0.00000 0.00000 0.00000 0.00000 0.00000 0.00000 0.00000 0.00000 0.00109 0.00313 0.00515 0.00740 0.00945 0.01114 0.01285 0.01481 0.01710 0.01892 0.01800 0.01588 0.01439 0.01222 0.01004 0.00827 0.00636 0.00441 0.00265 0.00090 0.00000 0.00000 0.00000 0.00000 0.00000 0.00000 0.00000 0.00000 0.00000 0.00000 0.00000 0.00000 0.00000 0.00000 0.00000 0.00000 0.00000 0.00000 0.00000 0.00000 0.00000 0.00000 0.00000 0.00000 0.00000
0.10156 0.08839 0.07562 0.06416 0.05089 0.04993 0.06144 0.07627 0.09027 0.10150 0.11172 0.12630 0.14095 0.15093 0.15967 0.16699 0.16441 0.15609 0.15014 0.14895 0.14466 0.13670 0.13259 0.13035 0.12531 0.11452 0.10211 0.09076 0.07848 0.06601 0.05226 0.04063 0.02973 0.01772 0.00572 0.00000 0.00000 0.00000 0.00000 0.00000 0.00000 0.00000 0.00000 0.00000 0.00000 0.00173 0.00537 0.00859 0.01188 0.01550 0.01893 0.02218 0.02438 0.02746 0.03141 0.03100 0.02655 0.02293 0.02040 0.01700 0.01354 0.01055 0.00737 0.00432 0.00147 0.00000 0.00000 0.00000 0.00000 0.00000 0.00000 0.00000 0.00000 0.00000 0.00000 0.00000 0.00000 0.00000 0.00000 0.00000 0.00000 0.00000 0.00000 0.00000 0.00000 0.00000 0.00000 0.00000 0.00000 0.00000
0.11139 0.10113 0.08990 0.07952 0.06753 0.06614 0.07700 0.08971 0.10077 0.11023 0.12056 0.13288 0.14400 0.15286 0.16257 0.16653 0.16064 0.15194 0.14421 0.14057 0.13524 0.12607 0.11927 0.11531 0.11018 0.09879 0.08753 0.07821 0.06806 0.05620 0.04564 0.03517 0.02508 0.01538 0.00507 0.00000 0.00000 0.00000 0.00000 0.00000 0.00000 0.00000 0.00000 0.00000 0.00000 0.00243 0.00744 0.01236 0.01644 0.02100 0.02601 0.03084 0.03548 0.03805 0.04209 0.04312 0.03827 0.03240 0.02749 0.02361 0.01934 0.01470 0.01043 0.00602 0.00199 0.00000 0.00000 0.00000 0.00000 0.00000 0.00000 0.00000 0.00000 0.00000 0.00000 0.00000 0.00000 0.00000 0.00000 0.00000 0.00000 0.00000 0.00000 0.00000 0.00000 0.00000 0.00000 0.00000 0.00000 0.00000
0.12018 0.11227 0.10177 0.09145 0.08165 0.08353 0.09294 0.10114 0.10902 0.12001 0.12991 0.13754 0.14483 0.15552 0.16542 0.16330 0.15444 0.14876 0.14091 0.13019 0.12284 0.11695 0.10878 0.09894 0.09182 0.08481 0.07519 0.06538 0.05605 0.04750 0.03897 0.03033 0.02104 0.01244 0.00424 0.00000 0.00000 0.00000 0.00000 0.00000 0.00000 0.00000 0.00000 0.00000 0.00000 0.00316 0.00924 0.01561 0.02188 0.02708 0.03261 0.03848 0.04497 0.05072 0.05416 0.05325 0.04858 0.04265 0.03581 0.02951 0.02421 0.01888 0.01342 0.00792 0.00253 0.00000 0.00000 0.00000 0.00000 0.00000 0.00000 0.00000 0.00000 0.00000 0.00000 0.00000 0.00000 0.00000 0.00000 0.00000 0.00000 0.00000 0.00000 0.00000 0.00000 0.00000 0.00000 0.00000 0.00000 0.00000
0.13263 0.12501 0.11584 0.10666 0.09865 0.10092 0.10795 0.11271 0.12014 0.13032 0.13718 0.14199 0.14923 0.15858 0.16566 0.16181 0.15146 0.14385 0.13493 0.12300 0.11293 0.10530 0.09661 0.08531 0.07578 0.06879 0.06186 0.05295 0.04560 0.03880 0.03161 0.02430 0.01740 0.01026 0.00337 0.00000 0.00000 0.00000 0.00000 0.00000 0.00000 0.00000 0.00000 0.00000 0.00000 0.00391 0.01125 0.01852 0.02651 0.03383 0.04003 0.04629 0.05327 0.06108 0.06814 0.06523 0.05717 0.05131 0.04446 0.03661 0.02908 0.02247 0.01620 0.00963 0.00315 0.00000 0.00000 0.00000 0.00000 0.00000 0.00000 0.00000 0.00000 0.00000 0.00000 0.00000 0.00000 0.00000 0.00000 0.00000 0.00000 0.00000 0.00000 0.00000 0.00000 0.00000 0.00000 0.00000 0.00000 0.00000
0.13457 0.12988 0.12581 0.12201 0.11460 0.11430 0.12013 0.12684 0.13175 0.13750 0.14325 0.14876 0.15388 0.15879 0.16405 0.16190 0.15024 0.13725 0.12653 0.11673 0.10520 0.09253 0.08233 0.07261 0.06147 0.05236 0.04681 0.04157 0.03569 0.03008 0.02438 0.01867 0.01329 0.00809 0.00267 0.00000 0.00000 0.00000 0.00000 0.00000 0.00000 0.00000 0.00000 0.00000 0.00000 0.00444 0.01365 0.02183 0.03020 0.03950 0.04804 0.05605 0.06240 0.06990 0.07902 0.07918 0.06839 0.05861 0.05114 0.04367 0.03523 0.02626 0.01861 0.01126 0.00375 0.00000 0.00000 0.00000 0.00000 0.00000 0.00000 0.00000 0.00000 0.00000 0.00000 0.00000 0.00000 0.00000 0.00000 0.00000 0.00000 0.00000 0.00000 0.00000 0.00000 0.00000 0.00000 0.00000 0.00000 0.00000
0.14790 0.14466 0.14034 0.13903 0.13317 0.12915 0.13375 0.14166 0.14439 0.14394 0.14904 0.15628 0.15890 0.15918 0.16340 0.16137 0.14805 0.13264 0.11961 0.10856 0.09642 0.08217 0.06949 0.05829 0.04646 0.03733 0.03308 0.02960 0.02561 0.02103 0.01729 0.01356 0.00946 0.00562 0.00190 0.00000 0.00000 0.00000 0.00000 0.00000 0.00000 0.00000 0.00000 0.00000 0.00000 0.00509 0.01563 0.02585 0.03458 0.04403 0.05449 0.06440 0.07393 0.08026 0.08831 0.08951 0.08036 0.06862 0.05757 0.04884 0.04070 0.03095 0.02126 0.01252 0.00428 0.00000 0.00000 0.00000 0.00000 0.00000 0.00000 0.00000 0.00000 0.00000 0.00000 0.00000 0.00000 0.00000 0.00000 0.00000 0.00000 0.00000 0.00000 0.00000 0.00000 0.00000 0.00000 0.00000 0.00000 0.00000
0.15352 0.15242 0.14934 0.14743 0.14597 0.14657 0.14681 0.15063 0.15465 0.15521 0.15528 0.15882 0.16260 0.16330 0.16358 0.15744 0.14374 0.12968 0.11464 0.09921 0.08570 0.07250 0.05816 0.04367 0.03036 0.02263 0.02002 0.01749 0.01511 0.01270 0.01030 0.00808 0.00577 0.00333 0.00111 0.00000 0.00000 0.00000 0.00000 0.00000 0.00000 0.00000 0.00000 0.00000 0.00000 0.00581 0.01704 0.02903 0.04029 0.05008 0.06034 0.07139 0.08234 0.09336 0.10084 0.09835 0.08834 0.07876 0.06690 0.05427 0.04435 0.03508 0.02487 0.01416 0.00465 0.00000 0.00000 0.00000 0.00000 0.00000 0.00000 0.00000 0.00000 0.00000 0.00000 0.00000 0.00000 0.00000 0.00000 0.00000 0.00000 0.00000 0.00000 0.00000 0.00000 0.00000 0.00000 0.00000 0.00000 0.00000
0.16750 0.16735 0.16573 0.16180 0.16144 0.16491 0.16470 0.15974 0.16195 0.16653 0.16580 0.16173 0.16315 0.16746 0.16637 0.15466 0.13922 0.12546 0.10948 0.09173 0.07593 0.06151 0.04639 0.03025 0.01520 0.00749 0.00671 0.00577 0.00499 0.00427 0.00344 0.00262 0.00189 0.00114 0.00037 0.00000 0.00000 0.00000 0.00000 0.00000 0.00000 0.00000 0.00000 0.00000 0.00000 0.00658 0.01909 0.03127 0.04454 0.05687 0.06775 0.07844 0.08993 0.10239 0.11472 0.11088 0.09651 0.08540 0.07503 0.06201 0.04891 0.03752 0.02753 0.01627 0.00517 0.00000 0.00000 0.00000 0.00000 0.00000 0.00000 0.00000 0.00000 0.00000 0.00000 0.00000 0.00000 0.00000 0.00000 0.00000 0.00000 0.00000 0.00000 0.00000 0.00000 0.00000 0.00000 0.00000 0.00000 0.00000
0.15748 0.16164 0.16480 0.16669 0.16611 0.16797 0.16819 0.16599 0.16248 0.16327 0.16460 0.16116 0.15729 0.15724 0.15834 0.14838 0.13071 0.11472 0.09978 0.08450 0.06835 0.05243 0.03752 0.02261 0.00746 0.00039 0.00116 0.00193 0.00268 0.00345 0.00420 0.00487 0.00556 0.00641 0.00711 0.00721 0.00719 0.00731 0.00727 0.00711 0.00695 0.00699 0.00708 0.00690 0.00673 0.01290 0.02517 0.03626 0.04749 0.05986 0.07094 0.08131 0.09123 0.10089 0.11177 0.11242 0.09821 0.08347 0.07224 0.06214 0.05028 0.03717 0.02635 0.01615 0.00534 0.00000 0.00000 0.00000 0.00000 0.00000 0.00000 0.00000 0.00000 0.00000 0.00000 0.00000 0.00000 0.00000 0.00000 0.00000 0.00000 0.00000 0.00000 0.00000 0.00000 0.00000 0.00000 0.00000 0.00000 0.00000
0.15790 0.15927 0.16191 0.16633 0.16964 0.16470 0.16263 0.16214 0.16043 0.15335 0.15071 0.15136 0.14835 0.14148 0.13867 0.13343 0.11841 0.10168 0.08768 0.07529 0.06156 0.04666 0.03309 0.02011 0.00672 0.00115 0.00346 0.00580 0.00807 0.01016 0.01249 0.01483 0.01671 0.01864 0.02117 0.02218 0.02144 0.02133 0.02157 0.02151 0.02112 0.02065 0.02072 0.02089 0.02036 0.02458 0.03427 0.04345 0.05124 0.05951 0.06879 0.07735 0.08537 0.09223 0.09871 0.09784 0.08855 0.07608 0.06355 0.05342 0.04478 0.03420 0.02333 0.01377 0.00473 0.00000 0.00000 0.00000 0.00000 0.00000 0.00000 0.00000 0.00000 0.00000 0.00000 0.00000 0.00000 0.00000 0.00000 0.00000 0.00000 0.00000 0.00000 0.00000 0.00000 0.00000 0.00000 0.00000 0.00000 0.00000
0.14381 0.14927 0.15387 0.15976 0.16379 0.16367 0.15808 0.15560 0.15223 0.14677 0.14025 0.13685 0.13486 0.12923 0.12268 0.11465 0.10358 0.09074 0.07756 0.06518 0.05342 0.04150 0.02932 0.01746 0.00582 0.00193 0.00575 0.00957 0.01333 0.01691 0.02056 0.02453 0.02805 0.03090 0.03441 0.03686 0.03630 0.03527 0.03515 0.03547 0.03520 0.03449 0.03407 0.03421 0.03403 0.03644 0.04282 0.04974 0.05555 0.06046 0.06666 0.07250 0.07785 0.08379 0.08871 0.08462 0.07528 0.06751 0.05742 0.04637 0.03774 0.03007 0.02125 0.01204 0.00397 0.00000 0.00000 0.00000 0.00000 0.00000 0.00000 0.00000 0.00000 0.00000 0.00000 0.00000 0.00000 0.00000 0.00000 0.00000 0.00000 0.00000 0.00000 0.00000 0.00000 0.00000 0.00000 0.00000 0.00000 0.00000
0.14066 0.14666 0.15354 0.15676 0.16193 0.16266 0.15905 0.14993 0.14292 0.13921 0.13482 0.12514 0.11805 0.11568 0.10989 0.09832 0.08752 0.07868 0.06808 0.05594 0.04559 0.03592 0.02562 0.01496 0.00498 0.00271 0.00808 0.01316 0.01851 0.02393 0.02873 0.03341 0.03904 0.04415 0.04787 0.04999 0.05079 0.05023 0.04899 0.04854 0.04894 0.04860 0.04757 0.04709 0.04733 0.04886 0.05150 0.05513 0.05927 0.06229 0.06462 0.06809 0.07082 0.07395 0.07772 0.07418 0.06426 0.05638 0.04980 0.04121 0.03235 0.02484 0.01825 0.01079 0.00342 0.00000 0.00000 0.00000 0.00000 0.00000 0.00000 0.00000 0.00000 0.00000 0.00000 0.00000 0.00000 0.00000 0.00000 0.00000 0.00000 0.00000 0.00000 0.00000 0.00000 0.00000 0.00000 0.00000 0.00000 0.00000
0.12860 0.13680 0.14336 0.15073 0.15811 0.16032 0.15275 0.14466 0.13629 0.12984 0.12339 0.11497 0.10575 0.09876 0.09313 0.08409 0.07395 0.06504 0.05675 0.04769 0.03848 0.02988 0.02137 0.01272 0.00419 0.00344 0.01028 0.01691 0.02354 0.03052 0.03696 0.04268 0.04915 0.05652 0.06210 0.06344 0.06371 0.06453 0.06311 0.06181 0.06193 0.06219 0.06089 0.05976 0.05996 0.06083 0.06066 0.06055 0.06229 0.06338 0.06318 0.06322 0.06477 0.06460 0.06486 0.06268 0.05532 0.04698 0.04029 0.03487 0.02811 0.02077 0.01467 0.00904 0.00299 0.00000 0.00000 0.00000 0.00000 0.00000 0.00000 0.00000 0.00000 0.00000 0.00000 0.00000 0.00000 0.00000 0.00000 0.00000 0.00000 0.00000 0.00000 0.00000 0.00000 0.00000 0.00000 0.00000 0.00000 0.00000
0.12285 0.13108 0.13940 0.14888 0.16012 0.15840 0.14740 0.14003 0.13302 0.12139 0.11047 0.10480 0.09653 0.08416 0.07471 0.06893 0.06154 0.05260 0.04536 0.03902 0.03178 0.02406 0.01720 0.01044 0.00345 0.00411 0.01244 0.02088 0.02876 0.03625 0.04492 0.05305 0.05960 0.06685 0.07599 0.07912 0.07670 0.07665 0.07766 0.07614 0.07459 0.07460 0.07503 0.07321 0.07188 0.07159 0.07040 0.06727 0.06459 0.06385 0.06205 0.05953 0.05745 0.05629 0.05367 0.04987 0.04512 0.03907 0.03269 0.02731 0.02285 0.01745 0.01192 0.00703 0.00241 0.00000 0.00000 0.00000 0.00000 0.00000 0.00000 0.00000 0.00000 0.00000 0.00000 0.00000 0.00000 0.00000 0.00000 0.00000 0.00000 0.00000 0.00000 0.00000 0.00000 0.00000 0.00000 0.00000 0.00000 0.00000
0.11188 0.12194 0.13300 0.14538 0.15514 0.15424 0.14402 0.13520 0.12442 0.11315 0.10194 0.09219 0.08277 0.07129 0.06007 0.05232 0.04724 0.04118 0.03522 0.02986 0.02449 0.01877 0.01326 0.00801 0.00267 0.00487 0.01447 0.02442 0.03398 0.04266 0.05196 0.06240 0.07083 0.07806 0.08763 0.09361 0.09115 0.08879 0.08997 0.09067 0.08758 0.08632 0.08744 0.08760 0.08424 0.08113 0.07873 0.07456 0.06804 0.06311 0.06049 0.05601 0.05076 0.04673 0.04349 0.03843 0.03376 0.03032 0.02592 0.02099 0.01694 0.01350 0.00954 0.00541 0.00178 0.00000 0.00000 0.00000 0.00000 0.00000 0.00000 0.00000 0.00000 0.00000 0.00000 0.00000 0.00000 0.00000 0.00000 0.00000 0.00000 0.00000 0.00000 0.00000 0.00000 0.00000 0.00000 0.00000 0.00000 0.00000
0.10355 0.11627 0.12907 0.14100 0.15157 0.15290 0.14309 0.12968 0.11529 0.10580 0.09464 0.08041 0.06735 0.05841 0.04590 0.03666 0.03271 0.02949 0.02540 0.02096 0.01715 0.01349 0.00953 0.00559 0.00188 0.00568 0.01675 0.02725 0.03885 0.05007 0.05962 0.06941 0.08170 0.09174 0.09940 0.10463 0.10623 0.10379 0.10116 0.10224 0.10295 0.09952 0.09801 0.09933 0.09950 0.09239 0.08477 0.07998 0.07308 0.06434 0.05722 0.05195 0.04511 0.03805 0.03198 0.02763 0.02404 0.02086 0.01836 0.01525 0.01205 0.00921 0.00673 0.00397 0.00127 0.00000 0.00000 0.00000 0.00000 0.00000 0.00000 0.00000 0.00000 0.00000 0.00000 0.00000 0.00000 0.00000 0.00000 0.00000 0.00000 0.00000 0.00000 0.00000 0.00000 0.00000 0.00000 0.00000 0.00000 0.00000
0.09703 0.11064 0.12320 0.13528 0.14980 0.15165 0.13775 0.12353 0.11074 0.09796 0.08425 0.07016 0.05641 0.04356 0.03046 0.02216 0.01962 0.01740 0.01513 0.01257 0.01019 0.00799 0.00571 0.00335 0.00111 0.00636 0.01903 0.03089 0.04292 0.05632 0.06799 0.07803 0.09027 0.10399 0.11312 0.11606 0.11810 0.11890 0.11441 0.11251 0.11493 0.11498 0.10986 0.10889 0.11140 0.10644 0.09262 0.08298 0.07626 0.06681 0.05548 0.04650 0.03905 0.03006 0.02105 0.01625 0.01457 0.01242 0.01057 0.00911 0.00735 0.00547 0.00385 0.00236 0.00078 0.00000 0.00000 0.00000 0.00000 0.00000 0.00000 0.00000 0.00000 0.00000 0.00000 0.00000 0.00000 0.00000 0.00000 0.00000 0.00000 0.00000 0.00000 0.00000 0.00000 0.00000 0.00000 0.00000 0.00000 0.00000
0.08592 0.10151 0.11600 0.13273 0.14889 0.14838 0.13201 0.11915 0.10574 0.08955 0.07316 0.06001 0.04541 0.02933 0.01486 0.00748 0.00660 0.00568 0.00493 0.00421 0.00341 0.00260 0.00187 0.00113 0.00037 0.00689 0.02099 0.03510 0.04791 0.06049 0.07563 0.08878 0.09936 0.11238 0.12764 0.13123 0.12783 0.12994 0.13057 0.12595 0.12373 0.12637 0.12637 0.12080 0.11944 0.11650 0.10441 0.08853 0.07658 0.06725 0.05555 0.04267 0.03172 0.02167 0.01095 0.00530 0.00474 0.00416 0.00352 0.00293 0.00242 0.00185 0.00128 0.00075 0.00025 0.00000 0.00000 0.00000 0.00000 0.00000 0.00000 0.00000 0.00000 0.00000 0.00000 0.00000 0.00000 0.00000 0.00000 0.00000 0.00000 0.00000 0.00000 0.00000 0.00000 0.00000 0.00000 0.00000 0.00000 0.00000
0.07979 0.09379 0.10944 0.12505 0.13891 0.13822 0.12502 0.11091 0.09566 0.08075 0.06648 0.05174 0.03681 0.02195 0.00724 0.00038 0.00116 0.00189 0.00263 0.00341 0.00416 0.00480 0.00550 0.00633 0.00706 0.01409 0.02757 0.04212 0.05564 0.06721 0.08052 0.09579 0.10691 0.11697 0.13239 0.13934 0.13344 0.13035 0.13347 0.13215 0.12580 0.12385 0.12665 0.12504 0.11843 0.11132 0.10237 0.08949 0.07363 0.06167 0.05180 0.03977 0.02701 0.01608 0.00546 0.00000 0.00000 0.00000 0.00000 0.00000 0.00000 0.00000 0.00000 0.00000 0.00000 0.00000 0.00000 0.00000 0.00000 0.00000 0.00000 0.00000 0.00000 0.00000 0.00000 0.00000 0.00000 0.00000 0.00000 0.00000 0.00000 0.00000 0.00000 0.00000 0.00000 0.00000 0.00000 0.00000 0.00000 0.00000
0.06851 0.08313 0.09579 0.10849 0.12101 0.12358 0.11169 0.09767 0.08354 0.07184 0.05948 0.04571 0.03210 0.01963 0.00655 0.00113 0.00338 0.00572 0.00791 0.01003 0.01228 0.01455 0.01651 0.01848 0.02087 0.02821 0.03974 0.05108 0.06444 0.07636 0.08589 0.09712 0.11100 0.12028 0.12867 0.13606 0.13405 0.12726 0.12301 0.12456 0.12187 0.11474 0.11145 0.11264 0.11001 0.09855 0.08728 0.07912 0.06794 0.05460 0.04418 0.03517 0.02485 0.01419 0.00469 0.00000 0.00000 0.00000 0.00000 0.00000 0.00000 0.00000 0.00000 0.00000 0.00000 0.00000 0.00000 0.00000 0.00000 0.00000 0.00000 0.00000 0.00000 0.00000 0.00000 0.00000 0.00000 0.00000 0.00000 0.00000 0.00000 0.00000 0.00000 0.00000 0.00000 0.00000 0.00000 0.00000 0.00000 0.00000
0.06185 0.07296 0.08371 0.09472 0.10749 0.10802 0.09631 0.08531 0.07449 0.06299 0.05141 0.04002 0.02859 0.01709 0.00573 0.00188 0.00561 0.00939 0.01320 0.01652 0.02013 0.02409 0.02772 0.03048 0.03391 0.04179 0.05252 0.06122 0.07151 0.08387 0.09313 0.10032 0.11175 0.12359 0.12918 0.13002 0.13118 0.12647 0.11790 0.11326 0.11364 0.10904 0.10109 0.09722 0.09678 0.08941 0.07612 0.06660 0.05935 0.04961 0.03844 0.02963 0.02171 0.01283 0.00407 0.00000 0.00000 0.00000 0.00000 0.00000 0.00000 0.00000 0.00000 0.00000 0.00000 0.00000 0.00000 0.00000 0.00000 0.00000 0.00000 0.00000 0.00000 0.00000 0.00000 0.00000 0.00000 0.00000 0.00000 0.00000 0.00000 0.00000 0.00000 0.00000 0.00000 0.00000 0.00000 0.00000 0.00000 0.00000
0.05141 0.06098 0.07071 0.08260 0.09256 0.09139 0.08199 0.07363 0.06454 0.05399 0.04374 0.03437 0.02480 0.01472 0.00483 0.00263 0.00786 0.01296 0.01811 0.02333 0.02803 0.03290 0.03825 0.04323 0.04722 0.05387 0.06397 0.07309 0.07994 0.08834 0.09919 0.10672 0.11240 0.12250 0.13215 0.12956 0.12275 0.12229 0.11616 0.10698 0.10110 0.09980 0.09439 0.08573 0.08065 0.07674 0.06802 0.05699 0.04889 0.04252 0.03440 0.02531 0.01790 0.01098 0.00362 0.00000 0.00000 0.00000 0.00000 0.00000 0.00000 0.00000 0.00000 0.00000 0.00000 0.00000 0.00000 0.00000 0.00000 0.00000 0.00000 0.00000 0.00000 0.00000 0.00000 0.00000 0.00000 0.00000 0.00000 0.00000 0.00000 0.00000 0.00000 0.00000 0.00000 0.00000 0.00000 0.00000 0.00000 0.00000
0.04321 0.05130 0.06013 0.06860 0.07636 0.07691 0.06954 0.06145 0.05331 0.04534 0.03710 0.02877 0.02065 0.01236 0.00408 0.00333 0.01008 0.01639 0.02290 0.02989 0.03626 0.04171 0.04793 0.05521 0.06142 0.06635 0.07383 0.08317 0.09035 0.09449 0.10231 0.11183 0.11663 0.12060 0.13072 0.13144 0.12032 0.11279 0.11096 0.10358 0.09350 0.08709 0.08401 0.07725 0.06832 0.06201 0.05694 0.04960 0.04082 0.03425 0.02880 0.02209 0.01496 0.00888 0.00301 0.00000 0.00000 0.00000 0.00000 0.00000 0.00000 0.00000 0.00000 0.00000 0.00000 0.00000 0.00000 0.00000 0.00000 0.00000 0.00000 0.00000 0.00000 0.00000 0.00000 0.00000 0.00000 0.00000 0.00000 0.00000 0.00000 0.00000 0.00000 0.00000 0.00000 0.00000 0.00000 0.00000 0.00000 0.00000
0.03524 0.04241 0.04865 0.05447 0.06155 0.06316 0.05674 0.04936 0.04286 0.03682 0.03033 0.02337 0.01652 0.01001 0.00334 0.00405 0.01204 0.02016 0.02769 0.03564 0.04401 0.05145 0.05812 0.06564 0.07419 0.08081 0.08488 0.09061 0.09839 0.10387 0.10680 0.11284 0.12048 0.12350 0.12662 0.12868 0.12091 0.10925 0.10072 0.09706 0.08903 0.07829 0.07079 0.06602 0.05865 0.04994 0.04432 0.04018 0.03444 0.02759 0.02236 0.01789 0.01260 0.00718 0.00236 0.00000 0.00000 0.00000 0.00000 0.00000 0.00000 0.00000 0.00000 0.00000 0.00000 0.00000 0.00000 0.00000 0.00000 0.00000 0.00000 0.00000 0.00000 0.00000 0.00000 0.00000 0.00000 0.00000 0.00000 0.00000 0.00000 0.00000 0.00000 0.00000 0.00000 0.00000 0.00000 0.00000 0.00000 0.00000
0.02676 0.03188 0.03681 0.04209 0.04781 0.04809 0.04305 0.03826 0.03328 0.02817 0.02322 0.01808 0.01281 0.00765 0.00258 0.00476 0.01406 0.02357 0.03313 0.04159 0.05051 0.06057 0.06949 0.07647 0.08517 0.09353 0.09807 0.09932 0.10406 0.11082 0.11451 0.11510 0.12037 0.12668 0.12766 0.12274 0.11714 0.10844 0.09584 0.08658 0.08124 0.07213 0.06103 0.05305 0.04647 0.03982 0.03391 0.02980 0.02650 0.02210 0.01714 0.01320 0.00966 0.00572 0.00183 0.00000 0.00000 0.00000 0.00000 0.00000 0.00000 0.00000 0.00000 0.00000 0.00000 0.00000 0.00000 0.00000 0.00000 0.00000 0.00000 0.00000 0.00000 0.00000 0.00000 0.00000 0.00000 0.00000 0.00000 0.00000 0.00000 0.00000 0.00000 0.00000 0.00000 0.00000 0.00000 0.00000 0.00000 0.00000
0.01897 0.02245 0.02616 0.03049 0.03405 0.03349 0.03020 0.02728 0.02374 0.01985 0.01619 0.01278 0.00915 0.00544 0.00180 0.00543 0.01619 0.02677 0.03797 0.04816 0.05769 0.06805 0.07936 0.08914 0.09721 0.10372 0.10853 0.11128 0.11153 0.11443 0.11943 0.12145 0.12130 0.12479 0.12932 0.12254 0.11070 0.10324 0.09368 0.08077 0.07045 0.06312 0.05362 0.04235 0.03329 0.02811 0.02494 0.02088 0.01797 0.01565 0.01262 0.00929 0.00655 0.00403 0.00132 0.00000 0.00000 0.00000 0.00000 0.00000 0.00000 0.00000 0.00000 0.00000 0.00000 0.00000 0.00000 0.00000 0.00000 0.00000 0.00000 0.00000 0.00000 0.00000 0.00000 0.00000 0.00000 0.00000 0.00000 0.00000 0.00000 0.00000 0.00000 0.00000 0.00000 0.00000 0.00000 0.00000 0.00000 0.00000
0.01105 0.01324 0.01554 0.01782 0.01982 0.01999 0.01809 0.01605 0.01398 0.01186 0.00968 0.00751 0.00544 0.00326 0.00107 0.00603 0.01835 0.03030 0.04160 0.05408 0.06599 0.07620 0.08723 0.10017 0.11153 0.11488 0.11648 0.12046 0.12194 0.11976 0.12155 0.12559 0.12601 0.12375 0.12618 0.12334 0.10900 0.09616 0.08747 0.07692 0.06357 0.05278 0.04373 0.03314 0.02195 0.01619 0.01476 0.01286 0.01059 0.00891 0.00748 0.00573 0.00390 0.00230 0.00078 0.00000 0.00000 0.00000 0.00000 0.00000 0.00000 0.00000 0.00000 0.00000 0.00000 0.00000 0.00000 0.00000 0.00000 0.00000 0.00000 0.00000 0.00000 0.00000 0.00000 0.00000 0.00000 0.00000 0.00000 0.00000 0.00000 0.00000 0.00000 0.00000 0.00000 0.00000 0.00000 0.00000 0.00000 0.00000
0.00376 0.00450 0.00516 0.00575 0.00651 0.00671 0.00603 0.00524 0.00454 0.00393 0.00323 0.00248 0.00176 0.00107 0.00036 0.00670 0.02015 0.03350 0.04617 0.05921 0.07315 0.08545 0.09637 0.10916 0.12333 0.12902 0.12640 0.12673 0.12902 0.12867 0.12583 0.12589 0.12829 0.12725 0.12428 0.11856 0.10817 0.09381 0.07994 0.06932 0.05830 0.04506 0.03317 0.02247 0.01141 0.00531 0.00470 0.00423 0.00364 0.00292 0.00236 0.00189 0.00133 0.00076 0.00025 0.00000 0.00000 0.00000 0.00000 0.00000 0.00000 0.00000 0.00000 0.00000 0.00000 0.00000 0.00000 0.00000 0.00000 0.00000 0.00000 0.00000 0.00000 0.00000 0.00000 0.00000 0.00000 0.00000 0.00000 0.00000 0.00000 0.00000 0.00000 0.00000 0.00000 0.00000 0.00000 0.00000 0.00000 0.00000
0.00000 0.00000 0.00000 0.00000 0.00000 0.00000 0.00000 0.00000 0.00000 0.00000 0.00000 0.00000 0.00000 0.00000 0.00000 0.00671 0.01973 0.03296 0.04651 0.05877 0.07090 0.08454 0.09751 0.10768 0.11959 0.12738 0.12703 0.12310 0.12267 0.12460 0.12373 0.11966 0.11922 0.12143 0.11954 0.10991 0.09832 0.08822 0.07448 0.06131 0.05065 0.03962 0.02737 0.01612 0.00541 0.00000 0.00000 0.00000 0.00000 0.00000 0.00000 0.00000 0.00000 0.00000 0.00000 0.00000 0.00000 0.00000 0.00000 0.00000 0.00000 0.00000 0.00000 0.00000 0.00000 0.00000 0.00000 0.00000 0.00000 0.00000 0.00000 0.00000 0.00000 0.00000 0.00000 0.00000 0.00000 0.00000 0.00000 0.00000 0.00000 0.00000 0.00000 0.00000 0.00000 0.00000 0.00000 0.00000 0.00000 0.00000
0.00000 0.00000 0.00000 0.00000 0.00000 0.00000 0.00000 0.00000 0.00000 0.00000 0.00000 0.00000 0.00000 0.00000 0.00000 0.00591 0.01758 0.02910 0.04113 0.05239 0.06280 0.07409 0.08644 0.09687 0.10571 0.11120 0.11244 0.11130 0.10842 0.10821 0.10959 0.10837 0.10540 0.10472 0.10644 0.09985 0.08637 0.07581 0.06700 0.05579 0.04392 0.03412 0.02480 0.01451 0.00469 0.00000 0.00000 0.00000 0.00000 0.00000 0.00000 0.00000 0.00000 0.00000 0.00000 0.00000 0.00000 0.00000 0.00000 0.00000 0.00000 0.00000 0.00000 0.00000 0.00000 0.00000 0.00000 0.00000 0.00000 0.00000 0.00000 0.00000 0.00000 0.00000 0.00000 0.00000 0.00000 0.00000 0.00000 0.00000 0.00000 0.00000 0.00000 0.00000 0.00000 0.00000 0.00000 0.00000 0.00000 0.00000
0.00000 0.00000 0.00000 0.00000 0.00000 0.00000 0.00000 0.00000 0.00000 0.00000 0.00000 0.00000 0.00000 0.00000 0.00000 0.00512 0.01550 0.02559 0.03518 0.04555 0.05583 0.06469 0.07378 0.08441 0.09414 0.09666 0.09596 0.09729 0.09667 0.09375 0.09331 0.09504 0.09387 0.09084 0.09008 0.08759 0.07732 0.06567 0.05662 0.04893 0.03937 0.02951 0.02095 0.01278 0.00418 0.00000 0.00000 0.00000 0.00000 0.00000 0.00000 0.00000 0.00000 0.00000 0.00000 0.00000 0.00000 0.00000 0.00000 0.00000 0.00000 0.00000 0.00000 0.00000 0.00000 0.00000 0.00000 0.00000 0.00000 0.00000 0.00000 0.00000 0.00000 0.00000 0.00000 0.00000 0.00000 0.00000 0.00000 0.00000 0.00000 0.00000 0.00000 0.00000 0.00000 0.00000 0.00000 0.00000 0.00000 0.00000
0.00000 0.00000 0.00000 0.00000 0.00000 0.00000 0.00000 0.00000 0.00000 0.00000 0.00000 0.00000 0.00000 0.00000 0.00000 0.00439 0.01326 0.02196 0.03027 0.03886 0.04789 0.05598 0.06327 0.07176 0.08098 0.08409 0.08208 0.08236 0.08333 0.08192 0.07988 0.07979 0.08096 0.07970 0.07736 0.07282 0.06656 0.05823 0.04833 0.04050 0.03398 0.02623 0.01784 0.01057 0.00362 0.00000 0.00000 0.00000 0.00000 0.00000 0.00000 0.00000 0.00000 0.00000 0.00000 0.00000 0.00000 0.00000 0.00000 0.00000 0.00000 0.00000 0.00000 0.00000 0.00000 0.00000 0.00000 0.00000 0.00000 0.00000 0.00000 0.00000 0.00000 0.00000 0.00000 0.00000 0.00000 0.00000 0.00000 0.00000 0.00000 0.00000 0.00000 0.00000 0.00000 0.00000 0.00000 0.00000 0.00000 0.00000
0.00000 0.00000 0.00000 0.00000 0.00000 0.00000 0.00000 0.00000 0.00000 0.00000 0.00000 0.00000 0.00000 0.00000 0.00000 0.00370 0.01093 0.01828 0.02576 0.03263 0.03927 0.04663 0.05397 0.06005 0.06630 0.07030 0.07017 0.06833 0.06802 0.06904 0.06821 0.06605 0.06577 0.06717 0.06622 0.06062 0.05367 0.04863 0.04179 0.03377 0.02732 0.02180 0.01547 0.00883 0.00290 0.00000 0.00000 0.00000 0.00000 0.00000 0.00000 0.00000 0.00000 0.00000 0.00000 0.00000 0.00000 0.00000 0.00000 0.00000 0.00000 0.00000 0.00000 0.00000 0.00000 0.00000 0.00000 0.00000 0.00000 0.00000 0.00000 0.00000 0.00000 0.00000 0.00000 0.00000 0.00000 0.00000 0.00000 0.00000 0.00000 0.00000 0.00000 0.00000 0.00000 0.00000 0.00000 0.00000 0.00000 0.00000
0.00000 0.00000 0.00000 0.00000 0.00000 0.00000 0.00000 0.00000 0.00000 0.00000 0.00000 0.00000 0.00000 0.00000 0.00000 0.00299 0.00887 0.01476 0.02083 0.02650 0.03185 0.03761 0.04375 0.04894 0.05369 0.05665 0.05714 0.05605 0.05480 0.05512 0.05593 0.05446 0.05315 0.05312 0.05397 0.05046 0.04354 0.03801 0.03379 0.02845 0.02212 0.01699 0.01248 0.00744 0.00235 0.00000 0.00000 0.00000 0.00000 0.00000 0.00000 0.00000 0.00000 0.00000 0.00000 0.00000 0.00000 0.00000 0.00000 0.00000 0.00000 0.00000 0.00000 0.00000 0.00000 0.00000 0.00000 0.00000 0.00000 0.00000 0.00000 0.00000 0.00000 0.00000 0.00000 0.00000 0.00000 0.00000 0.00000 0.00000 0.00000 0.00000 0.00000 0.00000 0.00000 0.00000 0.00000 0.00000 0.00000 0.00000
0.00000 0.00000 0.00000 0.00000 0.00000 0.00000 0.00000 0.00000 0.00000 0.00000 0.00000 0.00000 0.00000 0.00000 0.00000 0.00229 0.00691 0.01139 0.01568 0.02028 0.02488 0.02896 0.03292 0.03747 0.04188 0.04328 0.04294 0.04330 0.04293 0.04178 0.04178 0.04252 0.04159 0.04031 0.04015 0.03903 0.03446 0.02912 0.02496 0.02170 0.01767 0.01304 0.00918 0.00567 0.00188 0.00000 0.00000 0.00000 0.00000 0.00000 0.00000 0.00000 0.00000 0.00000 0.00000 0.00000 0.00000 0.00000 0.00000 0.00000 0.00000 0.00000 0.00000 0.00000 0.00000 0.00000 0.00000 0.00000 0.00000 0.00000 0.00000 0.00000 0.00000 0.00000 0.00000 0.00000 0.00000 0.00000 0.00000 0.00000 0.00000 0.00000 0.00000 0.00000 0.00000 0.00000 0.00000 0.00000 0.00000 0.00000
0.00000 0.00000 0.00000 0.00000 0.00000 0.00000 0.00000 0.00000 0.00000 0.00000 0.00000 0.00000 0.00000 0.00000 0.00000 0.00162 0.00488 0.00805 0.01111 0.01431 0.01759 0.02051 0.02327 0.02649 0.02977 0.03074 0.03020 0.03040 0.03069 0.02988 0.02930 0.02951 0.02990 0.02898 0.02828 0.02679 0.02443 0.02129 0.01767 0.01480 0.01241 0.00960 0.00651 0.00386 0.00132 0.00000 0.00000 0.00000 0.00000 0.00000 0.00000 0.00000 0.00000 0.00000 0.00000 0.00000 0.00000 0.00000 0.00000 0.00000 0.00000 0.00000 0.00000 0.00000 0.00000 0.00000 0.00000 0.00000 0.00000 0.00000 0.00000 0.00000 0.00000 0.00000 0.00000 0.00000 0.00000 0.00000 0.00000 0.00000 0.00000 0.00000 0.00000 0.00000 0.00000 0.00000 0.00000 0.00000 0.00000 0.00000
0.00000 0.00000 0.00000 0.00000 0.00000 0.00000 0.00000 0.00000 0.00000 0.00000 0.00000 0.00000 0.00000 0.00000 0.00000 0.00096 0.00284 0.00476 0.00670 0.00849 0.01023 0.01214 0.01401 0.01562 0.01731 0.01830 0.01818 0.01776 0.01777 0.01798 0.01763 0.01716 0.01722 0.01751 0.01705 0.01573 0.01396 0.01260 0.01084 0.00874 0.00706 0.00563 0.00400 0.00227 0.00075 0.00000 0.00000 0.00000 0.00000 0.00000 0.00000 0.00000 0.00000 0.00000 0.00000 0.00000 0.00000 0.00000 0.00000 0.00000 0.00000 0.00000 0.00000 0.00000 0.00000 0.00000 0.00000 0.00000 0.00000 0.00000 0.00000 0.00000 0.00000 0.00000 0.00000 0.00000 0.00000 0.00000 0.00000 0.00000 0.00000 0.00000 0.00000 0.00000 0.00000 0.00000 0.00000 0.00000 0.00000 0.00000
0.00000 0.00000 0.00000 0.00000 0.00000 0.00000 0.00000 0.00000 0.00000 0.00000 0.00000 0.00000 0.00000 0.00000 0.00000 0.00032 0.00094 0.00157 0.00222 0.00280 0.00337 0.00400 0.00466 0.00516 0.00567 0.00602 0.00608 0.00591 0.00578 0.00585 0.00593 0.00572 0.00560 0.00565 0.00571 0.00527 0.00459 0.00405 0.00355 0.00298 0.00233 0.00180 0.00131 0.00078 0.00025 0.00000 0.00000 0.00000 0.00000 0.00000 0.00000 0.00000 0.00000 0.00000 0.00000 0.00000 0.00000 0.00000 0.00000 0.00000 0.00000 0.00000 0.00000 0.00000 0.00000 0.00000 0.00000 0.00000 0.00000 0.00000 0.00000 0.00000 0.00000 0.00000 0.00000 0.00000 0.00000 0.00000 0.00000 0.00000 0.00000 0.00000 0.00000 0.00000 0.00000 0.00000 0.00000 0.00000 0.00000 0.00000
0.00264 0.00206 0.00148 0.00091 0.00031 0.00030 0.00092 0.00156 0.00221 0.00283 0.00343 0.00409 0.00478 0.00540 0.00590 0.00595 0.00535 0.00465 0.00396 0.00340 0.00277 0.00211 0.00150 0.00091 0.00030 0.00000 0.00000 0.00000 0.00000 0.00000 0.00000 0.00000 0.00000 0.00000 0.00000 0.00000 0.00000 0.00000 0.00000 0.00000 0.00000 0.00000 0.00000 0.00000 0.00000 0.00024 0.00071 0.00121 0.00166 0.00201 0.00246 0.00296 0.00334 0.00361 0.00400 0.00393 0.00355 0.00313 0.00255 0.00208 0.00175 0.00135 0.00092 0.00055 0.00018 0.00000 0.00000 0.00000 0.00000 0.00000 0.00000 0.00000 0.00000 0.00000 0.00000 0.00000 0.00000 0.00000 0.00000 0.00000 0.00000 0.00000 0.00000 0.00000 0.00000 0.00000 0.00000 0.00000 0.00000 0.00000
0.00786 0.00618 0.00444 0.00268 0.00089 0.00091 0.00278 0.00460 0.00643 0.00841 0.01039 0.01214 0.01395 0.01595 0.01786 0.01767 0.01593 0.01385 0.01179 0.01003 0.00829 0.00631 0.00439 0.00268 0.00091 0.00000 0.00000 0.00000 0.00000 0.00000 0.00000 0.00000 0.00000 0.00000 0.00000 0.00000 0.00000 0.00000 0.00000 0.00000 0.00000 0.00000 0.00000 0.00000 0.00000 0.00073 0.00209 0.00346 0.00494 0.00621 0.00715 0.00849 0.00991 0.01103 0.01219 0.01161 0.01013 0.00911 0.00788 0.00626 0.00496 0.00396 0.00281 0.00161 0.00053 0.00000 0.00000 0.00000 0.00000 0.00000 0.00000 0.00000 0.00000 0.00000 0.00000 0.00000 0.00000 0.00000 0.00000 0.00000 0.00000 0.00000 0.00000 0.00000 0.00000 0.00000 0.00000 0.00000 0.00000 0.00000
0.01290 0.01015 0.00738 0.00443 0.00147 0.00149 0.00457 0.00763 0.01058 0.01375 0.01709 0.02012 0.02284 0.02618 0.02954 0.02911 0.02558 0.02303 0.01983 0.01638 0.01333 0.01054 0.00739 0.00433 0.00146 0.00000 0.00000 0.00000 0.00000 0.00000 0.00000 0.00000 0.00000 0.00000 0.00000 0.00000 0.00000 0.00000 0.00000 0.00000 0.00000 0.00000 0.00000 0.00000 0.00000 0.00120 0.00354 0.00558 0.00778 0.01021 0.01224 0.01355 0.01568 0.01790 0.01984 0.01981 0.01656 0.01422 0.01266 0.01061 0.00818 0.00624 0.00452 0.00266 0.00085 0.00000 0.00000 0.00000 0.00000 0.00000 0.00000 0.00000 0.00000 0.00000 0.00000 0.00000 0.00000 0.00000 0.00000 0.00000 0.00000 0.00000 0.00000 0.00000 0.00000 0.00000 0.00000 0.00000 0.00000 0.00000
0.01800 0.01409 0.01009 0.00615 0.00206 0.00207 0.00622 0.01053 0.01489 0.01905 0.02327 0.02780 0.03223 0.03613 0.04035 0.04041 0.03572 0.03142 0.02754 0.02303 0.01834 0.01439 0.01042 0.00606 0.00197 0.00000 0.00000 0.00000 0.00000 0.00000 0.00000 0.00000 0.00000 0.00000 0.00000 0.00000 0.00000 0.00000 0.00000 0.00000 0.00000 0.00000 0.00000 0.00000 0.00000 0.00161 0.00488 0.00799 0.01062 0.01364 0.01694 0.01957 0.02144 0.02413 0.02667 0.02685 0.02393 0.01978 0.01662 0.01451 0.01174 0.00862 0.00610 0.00365 0.00119 0.00000 0.00000 0.00000 0.00000 0.00000 0.00000 0.00000 0.00000 0.00000 0.00000 0.00000 0.00000 0.00000 0.00000 0.00000 0.00000 0.00000 0.00000 0.00000 0.00000 0.00000 0.00000 0.00000 0.00000 0.00000
0.02279 0.01782 0.01267 0.00769 0.00263 0.00265 0.00785 0.01324 0.01893 0.02434 0.02940 0.03500 0.04109 0.04599 0.05058 0.05137 0.04621 0.03972 0.03405 0.02933 0.02388 0.01800 0.01298 0.00787 0.00255 0.00000 0.00000 0.00000 0.00000 0.00000 0.00000 0.00000 0.00000 0.00000 0.00000 0.00000 0.00000 0.00000 0.00000 0.00000 0.00000 0.00000 0.00000 0.00000 0.00000 0.00201 0.00599 0.01012 0.01387 0.01679 0.02063 0.02469 0.02796 0.03147 0.03322 0.03246 0.02966 0.02604 0.02105 0.01740 0.01463 0.01116 0.00755 0.00451 0.00149 0.00000 0.00000 0.00000 0.00000 0.00000 0.00000 0.00000 0.00000 0.00000 0.00000 0.00000 0.00000 0.00000 0.00000 0.00000 0.00000 0.00000 0.00000 0.00000 0.00000 0.00000 0.00000 0.00000 0.00000 0.00000
0.02783 0.02177 0.01559 0.00937 0.00314 0.00319 0.00963 0.01605 0.02252 0.02933 0.03606 0.04223 0.04870 0.05583 0.06208 0.06126 0.05517 0.04897 0.04133 0.03487 0.02881 0.02222 0.01536 0.00935 0.00314 0.00000 0.00000 0.00000 0.00000 0.00000 0.00000 0.00000 0.00000 0.00000 0.00000 0.00000 0.00000 0.00000 0.00000 0.00000 0.00000 0.00000 0.00000 0.00000 0.00000 0.00247 0.00717 0.01185 0.01679 0.02108 0.02452 0.02888 0.03332 0.03748 0.04206 0.03914 0.03397 0.03100 0.02661 0.02096 0.01700 0.01338 0.00934 0.00534 0.00176 0.00000 0.00000 0.00000 0.00000 0.00000 0.00000 0.00000 0.00000 0.00000 0.00000 0.00000 0.00000 0.00000 0.00000 0.00000 0.00000 0.00000 0.00000 0.00000 0.00000 0.00000 0.00000 0.00000 0.00000 0.00000
0.03170 0.02494 0.01826 0.01101 0.00362 0.00366 0.01128 0.01888 0.02609 0.03385 0.04219 0.04961 0.05640 0.06450 0.07310 0.07162 0.06298 0.05660 0.04950 0.04042 0.03299 0.02593 0.01832 0.01064 0.00361 0.00000 0.00000 0.00000 0.00000 0.00000 0.00000 0.00000 0.00000 0.00000 0.00000 0.00000 0.00000 0.00000 0.00000 0.00000 0.00000 0.00000 0.00000 0.00000 0.00000 0.00286 0.00849 0.01372 0.01890 0.02437 0.02940 0.03438 0.03777 0.04206 0.04769 0.04767 0.03943 0.03385 0.03051 0.02524 0.01933 0.01497 0.01078 0.00634 0.00201 0.00000 0.00000 0.00000 0.00000 0.00000 0.00000 0.00000 0.00000 0.00000 0.00000 0.00000 0.00000 0.00000 0.00000 0.00000 0.00000 0.00000 0.00000 0.00000 0.00000 0.00000 0.00000 0.00000 0.00000 0.00000
0.03713 0.02881 0.02062 0.01252 0.00420 0.00421 0.01269 0.02143 0.03021 0.03865 0.04737 0.05652 0.06529 0.07289 0.08191 0.08278 0.07290 0.06335 0.05554 0.04732 0.03737 0.02906 0.02094 0.01236 0.00401 0.00000 0.00000 0.00000 0.00000 0.00000 0.00000 0.00000 0.00000 0.00000 0.00000 0.00000 0.00000 0.00000 0.00000 0.00000 0.00000 0.00000 0.00000 0.00000 0.00000 0.00328 0.00947 0.01569 0.02203 0.02752 0.03294 0.03845 0.04476 0.04819 0.05199 0.05266 0.04720 0.03890 0.03298 0.02859 0.02281 0.01680 0.01183 0.00712 0.00237 0.00000 0.00000 0.00000 0.00000 0.00000 0.00000 0.00000 0.00000 0.00000 0.00000 0.00000 0.00000 0.00000 0.00000 0.00000 0.00000 0.00000 0.00000 0.00000 0.00000 0.00000 0.00000 0.00000 0.00000 0.00000
0.04096 0.03202 0.02264 0.01373 0.00472 0.00475 0.01405 0.02366 0.03388 0.04356 0.05249 0.06252 0.07337 0.08210 0.09006 0.09139 0.08289 0.07100 0.06075 0.05214 0.04291 0.03208 0.02305 0.01395 0.00456 0.00000 0.00000 0.00000 0.00000 0.00000 0.00000 0.00000 0.00000 0.00000 0.00000 0.00000 0.00000 0.00000 0.00000 0.00000 0.00000 0.00000 0.00000 0.00000 0.00000 0.00371 0.01087 0.01729 0.02390 0.03128 0.03712 0.04197 0.04819 0.05580 0.05945 0.05631 0.05066 0.04471 0.03707 0.03085 0.02549 0.01950 0.01312 0.00759 0.00254 0.00000 0.00000 0.00000 0.00000 0.00000 0.00000 0.00000 0.00000 0.00000 0.00000 0.00000 0.00000 0.00000 0.00000 0.00000 0.00000 0.00000 0.00000 0.00000 0.00000 0.00000 0.00000 0.00000 0.00000 0.00000
0.04557 0.03564 0.02552 0.01539 0.00516 0.00522 0.01574 0.02625 0.03694 0.04788 0.05877 0.06875 0.07981 0.09116 0.10118 0.09917 0.08984 0.08009 0.06757 0.05646 0.04676 0.03630 0.02513 0.01511 0.00507 0.00000 0.00000 0.00000 0.00000 0.00000 0.00000 0.00000 0.00000 0.00000 0.00000 0.00000 0.00000 0.00000 0.00000 0.00000 0.00000 0.00000 0.00000 0.00000 0.00000 0.00391 0.01214 0.01971 0.02611 0.03343 0.04181 0.04742 0.05211 0.05919 0.06765 0.06543 0.05463 0.04791 0.04136 0.03437 0.02774 0.02115 0.01504 0.00851 0.00269 0.00000 0.00000 0.00000 0.00000 0.00000 0.00000 0.00000 0.00000 0.00000 0.00000 0.00000 0.00000 0.00000 0.00000 0.00000 0.00000 0.00000 0.00000 0.00000 0.00000 0.00000 0.00000 0.00000 0.00000 0.00000
0.04863 0.03943 0.03054 0.02059 0.01027 0.01037 0.02106 0.03160 0.04138 0.05213 0.06378 0.07393 0.08309 0.09435 0.10657 0.10364 0.09110 0.08191 0.07188 0.05851 0.04768 0.03740 0.02662 0.01540 0.00519 0.00000 0.00000 0.00000 0.00000 0.00000 0.00000 0.00000 0.00000 0.00000 0.00000 0.00000 0.00000 0.00000 0.00000 0.00000 0.00000 0.00000 0.00000 0.00000 0.00000 0.00381 0.01134 0.01962 0.02677 0.03229 0.03958 0.04809 0.05275 0.05672 0.06354 0.06459 0.05715 0.04814 0.03953 0.03324 0.02694 0.02032 0.01434 0.00864 0.00270 0.00000 0.00000 0.00000 0.00000 0.00000 0.00000 0.00000 0.00000 0.00000 0.00000 0.00000 0.00000 0.00000 0.00000 0.00000 0.00000 0.00000 0.00000 0.00000 0.00000 0.00000 0.00000 0.00000 0.00000 0.00000
0.05523 0.04663 0.03786 0.02921 0.02034 0.02047 0.02971 0.03908 0.04850 0.05755 0.06716 0.07654 0.08592 0.09356 0.10408 0.10406 0.09160 0.07915 0.06974 0.05933 0.04696 0.03628 0.02618 0.01552 0.00504 0.00000 0.00000 0.00000 0.00000 0.00000 0.00000 0.00000 0.00000 0.00000 0.00000 0.00000 0.00000 0.00000 0.00000 0.00000 0.00000 0.00000 0.00000 0.00000 0.00000 0.00357 0.00991 0.01636 0.02375 0.02960 0.03409 0.04083 0.04806 0.05240 0.05487 0.05412 0.04887 0.04360 0.03656 0.02887 0.02351 0.01798 0.01231 0.00730 0.00245 0.00000 0.00000 0.00000 0.00000 0.00000 0.00000 0.00000 0.00000 0.00000 0.00000 0.00000 0.00000 0.00000 0.00000 0.00000 0.00000 0.00000 0.00000 0.00000 0.00000 0.00000 0.00000 0.00000 0.00000 0.00000
0.05878 0.05171 0.04377 0.03664 0.03004 0.03027 0.03756 0.04582 0.05501 0.06305 0.06979 0.07854 0.08800 0.09463 0.10077 0.10113 0.09188 0.07838 0.06713 0.05767 0.04746 0.03546 0.02541 0.01538 0.00504 0.00000 0.00000 0.00000 0.00000 0.00000 0.00000 0.00000 0.00000 0.00000 0.00000 0.00000 0.00000 0.00000 0.00000 0.00000 0.00000 0.00000 0.00000 0.00000 0.00000 0.00306 0.00912 0.01419 0.01978 0.02623 0.03061 0.03451 0.04070 0.04606 0.05029 0.04722 0.04106 0.03583 0.03177 0.02625 0.02026 0.01550 0.01074 0.00614 0.00206 0.00000 0.00000 0.00000 0.00000 0.00000 0.00000 0.00000 0.00000 0.00000 0.00000 0.00000 0.00000 0.00000 0.00000 0.00000 0.00000 0.00000 0.00000 0.00000 0.00000 0.00000 0.00000 0.00000 0.00000 0.00000
0.06457 0.05811 0.05166 0.04572 0.03933 0.03950 0.04640 0.05347 0.06069 0.06748 0.07458 0.08082 0.08867 0.09542 0.10174 0.09778 0.08929 0.07921 0.06684 0.05586 0.04650 0.03592 0.02489 0.01493 0.00503 0.00000 0.00000 0.00000 0.00000 0.00000 0.00000 0.00000 0.00000 0.00000 0.00000 0.00000 0.00000 0.00000 0.00000 0.00000 0.00000 0.00000 0.00000 0.00000 0.00000 0.00250 0.00773 0.01290 0.01714 0.02216 0.02718 0.03035 0.03400 0.03908 0.04286 0.04236 0.03571 0.02998 0.02564 0.02239 0.01772 0.01305 0.00928 0.00530 0.00169 0.00000 0.00000 0.00000 0.00000 0.00000 0.00000 0.00000 0.00000 0.00000 0.00000 0.00000 0.00000 0.00000 0.00000 0.00000 0.00000 0.00000 0.00000 0.00000 0.00000 0.00000 0.00000 0.00000 0.00000 0.00000
0.06556 0.06134 0.05770 0.05297 0.04688 0.04745 0.05450 0.06048 0.06496 0.07146 0.07879 0.08377 0.08786 0.09483 0.10231 0.09701 0.08519 0.07718 0.06735 0.05499 0.04479 0.03524 0.02504 0.01448 0.00489 0.00000 0.00000 0.00000 0.00000 0.00000 0.00000 0.00000 0.00000 0.00000 0.00000 0.00000 0.00000 0.00000 0.00000 0.00000 0.00000 0.00000 0.00000 0.00000 0.00000 0.00218 0.00617 0.01057 0.01459 0.01833 0.02291 0.02661 0.02859 0.03165 0.03525 0.03477 0.03108 0.02709 0.02137 0.01748 0.01461 0.01103 0.00771 0.00458 0.00141 0.00000 0.00000 0.00000 0.00000 0.00000 0.00000 0.00000 0.00000 0.00000 0.00000 0.00000 0.00000 0.00000 0.00000 0.00000 0.00000 0.00000 0.00000 0.00000 0.00000 0.00000 0.00000 0.00000 0.00000 0.00000
0.07300 0.06934 0.06517 0.06074 0.05644 0.05722 0.06222 0.06671 0.07151 0.07645 0.08168 0.08581 0.09038 0.09387 0.10040 0.09721 0.08581 0.07447 0.06625 0.05574 0.04416 0.03422 0.02492 0.01465 0.00472 0.00000 0.00000 0.00000 0.00000 0.00000 0.00000 0.00000 0.00000 0.00000 0.00000 0.00000 0.00000 0.00000 0.00000 0.00000 0.00000 0.00000 0.00000 0.00000 0.00000 0.00180 0.00528 0.00823 0.01163 0.01486 0.01782 0.02103 0.02400 0.02629 0.02818 0.02752 0.02456 0.02176 0.01825 0.01426 0.01158 0.00891 0.00619 0.00362 0.00119 0.00000 0.00000 0.00000 0.00000 0.00000 0.00000 0.00000 0.00000 0.00000 0.00000 0.00000 0.00000 0.00000 0.00000 0.00000 0.00000 0.00000 0.00000 0.00000 0.00000 0.00000 0.00000 0.00000 0.00000 0.00000
0.07235 0.07059 0.06739 0.06525 0.06411 0.06495 0.06745 0.07183 0.07735 0.08069 0.08277 0.08755 0.09307 0.09436 0.09515 0.09542 0.08595 0.07366 0.06305 0.05477 0.04467 0.03349 0.02418 0.01466 0.00478 0.00000 0.00000 0.00000 0.00000 0.00000 0.00000 0.00000 0.00000 0.00000 0.00000 0.00000 0.00000 0.00000 0.00000 0.00000 0.00000 0.00000 0.00000 0.00000 0.00000 0.00135 0.00411 0.00665 0.00910 0.01167 0.01373 0.01606 0.01860 0.02060 0.02221 0.02176 0.01880 0.01590 0.01400 0.01165 0.00903 0.00677 0.00474 0.00275 0.00091 0.00000 0.00000 0.00000 0.00000 0.00000 0.00000 0.00000 0.00000 0.00000 0.00000 0.00000 0.00000 0.00000 0.00000 0.00000 0.00000 0.00000 0.00000 0.00000 0.00000 0.00000 0.00000 0.00000 0.00000 0.00000
0.08090 0.07820 0.07586 0.07481 0.07307 0.07303 0.07567 0.07885 0.08214 0.08431 0.08698 0.09017 0.09313 0.09461 0.09676 0.09291 0.08502 0.07400 0.06268 0.05285 0.04480 0.03414 0.02350 0.01421 0.00485 0.00000 0.00000 0.00000 0.00000 0.00000 0.00000 0.00000 0.00000 0.00000 0.00000 0.00000 0.00000 0.00000 0.00000 0.00000 0.00000 0.00000 0.00000 0.00000 0.00000 0.00094 0.00281 0.00480 0.00659 0.00825 0.01003 0.01158 0.01292 0.01435 0.01597 0.01585 0.01333 0.01132 0.00976 0.00824 0.00651 0.00481 0.00338 0.00194 0.00063 0.00000 0.00000 0.00000 0.00000 0.00000 0.00000 0.00000 0.00000 0.00000 0.00000 0.00000 0.00000 0.00000 0.00000 0.00000 0.00000 0.00000 0.00000 0.00000 0.00000 0.00000 0.00000 0.00000 0.00000 0.00000
0.07633 0.07729 0.07788 0.07831 0.07649 0.07798 0.08193 0.08402 0.08442 0.08725 0.09114 0.09133 0.09090 0.09534 0.09758 0.09089 0.08051 0.07434 0.06340 0.05223 0.04340 0.03419 0.02389 0.01396 0.00478 0.00000 0.00000 0.00000 0.00000 0.00000 0.00000 0.00000 0.00000 0.00000 0.00000 0.00000 0.00000 0.00000 0.00000 0.00000 0.00000 0.00000 0.00000 0.00000 0.00000 0.00059 0.00169 0.00284 0.00395 0.00504 0.00615 0.00702 0.00772 0.00869 0.00964 0.00935 0.00819 0.00710 0.00589 0.00474 0.00387 0.00295 0.00202 0.00118 0.00039 0.00000 0.00000 0.00000 0.00000 0.00000 0.00000 0.00000 0.00000 0.00000 0.00000 0.00000 0.00000 0.00000 0.00000 0.00000 0.00000 0.00000 0.00000 0.00000 0.00000 0.00000 0.00000 0.00000 0.00000 0.00000
0.08683 0.08662 0.08686 0.08626 0.08598 0.08711 0.08884 0.08942 0.09038 0.09145 0.09271 0.09286 0.09369 0.09567 0.09685 0.09005 0.08000 0.07153 0.06448 0.05318 0.04234 0.03242 0.02459 0.01435 0.00461 0.00000 0.00000 0.00000 0.00000 0.00000 0.00000 0.00000 0.00000 0.00000 0.00000 0.00000 0.00000 0.00000 0.00000 0.00000 0.00000 0.00000 0.00000 0.00000 0.00000 0.00020 0.00059 0.00094 0.00130 0.00168 0.00198 0.00230 0.00266 0.00298 0.00316 0.00304 0.00272 0.00239 0.00198 0.00159 0.00128 0.00098 0.00069 0.00040 0.00013 0.00000 0.00000 0.00000 0.00000 0.00000 0.00000 0.00000 0.00000 0.00000 0.00000 0.00000 0.00000 0.00000 0.00000 0.00000 0.00000 0.00000 0.00000 0.00000 0.00000 0.00000 0.00000 0.00000 0.00000 0.00000
0.07690 0.07856 0.07799 0.08005 0.08206 0.08352 0.08331 0.08561 0.08886 0.08936 0.08875 0.09205 0.09425 0.09242 0.09276 0.09333 0.08140 0.07037 0.06309 0.05394 0.04271 0.03256 0.02453 0.01462 0.00475 0.00000 0.00000 0.00000 0.00000 0.00000 0.00000 0.00000 0.00000 0.00000 0.00000 0.00000 0.00000 0.00000 0.00000 0.00000 0.00000 0.00000 0.00000 0.00000 0.00000 0.00020 0.00060 0.00097 0.00135 0.00166 0.00199 0.00238 0.00274 0.00299 0.00318 0.00314 0.00277 0.00235 0.00200 0.00166 0.00130 0.00098 0.00070 0.00040 0.00012 0.00000 0.00000 0.00000 0.00000 0.00000 0.00000 0.00000 0.00000 0.00000 0.00000 0.00000 0.00000 0.00000 0.00000 0.00000 0.00000 0.00000 0.00000 0.00000 0.00000 0.00000 0.00000 0.00000 0.00000 0.00000
0.07709 0.07552 0.07426 0.07406 0.07413 0.07469 0.07629 0.07836 0.08116 0.08323 0.08487 0.08758 0.08887 0.09014 0.09181 0.09086 0.08312 0.07100 0.06149 0.05095 0.04466 0.03429 0.02386 0.01400 0.00496 0.00000 0.00000 0.00000 0.00000 0.00000 0.00000 0.00000 0.00000 0.00000 0.00000 0.00000 0.00000 0.00000 0.00000 0.00000 0.00000 0.00000 0.00000 0.00000 0.00000 0.00060 0.00175 0.00290 0.00399 0.00507 0.00629 0.00726 0.00798 0.00870 0.00975 0.00980 0.00832 0.00700 0.00597 0.00500 0.00401 0.00297 0.00206 0.00118 0.00039 0.00000 0.00000 0.00000 0.00000 0.00000 0.00000 0.00000 0.00000 0.00000 0.00000 0.00000 0.00000 0.00000 0.00000 0.00000 0.00000 0.00000 0.00000 0.00000 0.00000 0.00000 0.00000 0.00000 0.00000 0.00000
0.06452 0.06434 0.06312 0.06250 0.06047 0.06237 0.06676 0.06975 0.07125 0.07636 0.08037 0.08181 0.08384 0.09172 0.09273 0.08775 0.08299 0.07408 0.06240 0.05179 0.04562 0.03458 0.02433 0.01382 0.00509 0.00000 0.00000 0.00000 0.00000 0.00000 0.00000 0.00000 0.00000 0.00000 0.00000 0.00000 0.00000 0.00000 0.00000 0.00000 0.00000 0.00000 0.00000 0.00000 0.00000 0.00101 0.00299 0.00493 0.00674 0.00888 0.01075 0.01219 0.01324 0.01505 0.01690 0.01645 0.01413 0.01201 0.01020 0.00841 0.00679 0.00509 0.00344 0.00203 0.00068 0.00000 0.00000 0.00000 0.00000 0.00000 0.00000 0.00000 0.00000 0.00000 0.00000 0.00000 0.00000 0.00000 0.00000 0.00000 0.00000 0.00000 0.00000 0.00000 0.00000 0.00000 0.00000 0.00000 0.00000 0.00000
0.06089 0.05987 0.05788 0.05618 0.05348 0.05463 0.05915 0.06322 0.06614 0.07081 0.07458 0.07890 0.08180 0.08876 0.09273 0.08886 0.08108 0.07294 0.06505 0.05289 0.04446 0.03335 0.02517 0.01450 0.00501 0.00000 0.00000 0.00000 0.00000 0.00000 0.00000 0.00000 0.00000 0.00000 0.00000 0.00000 0.00000 0.00000 0.00000 0.00000 0.00000 0.00000 0.00000 0.00000 0.00000 0.00142 0.00432 0.00687 0.00958 0.01252 0.01463 0.01683 0.01917 0.02177 0.02338 0.02264 0.01973 0.01716 0.01459 0.01172 0.00945 0.00711 0.00499 0.00288 0.00095 0.00000 0.00000 0.00000 0.00000 0.00000 0.00000 0.00000 0.00000 0.00000 0.00000 0.00000 0.00000 0.00000 0.00000 0.00000 0.00000 0.00000 0.00000 0.00000 0.00000 0.00000 0.00000 0.00000 0.00000 0.00000
0.05194 0.05000 0.04776 0.04600 0.04377 0.04491 0.04918 0.05497 0.05988 0.06532 0.06795 0.07684 0.08041 0.08616 0.09286 0.09223 0.08347 0.07327 0.06787 0.05616 0.04563 0.03380 0.02616 0.01492 0.00515 0.00000 0.00000 0.00000 0.00000 0.00000 0.00000 0.00000 0.00000 0.00000 0.00000 0.00000 0.00000 0.00000 0.00000 0.00000 0.00000 0.00000 0.00000 0.00000 0.00000 0.00188 0.00574 0.00917 0.01260 0.01598 0.01888 0.02193 0.02514 0.02902 0.02978 0.02958 0.02632 0.02224 0.01943 0.01524 0.01229 0.00934 0.00660 0.00382 0.00123 0.00000 0.00000 0.00000 0.00000 0.00000 0.00000 0.00000 0.00000 0.00000 0.00000 0.00000 0.00000 0.00000 0.00000 0.00000 0.00000 0.00000 0.00000 0.00000 0.00000 0.00000 0.00000 0.00000 0.00000 0.00000
