0.39855 0.39586 0.39698 0.39383 0.39538 0.39283 0.39474 0.39140 0.39353 0.39181 0.39303 0.39148 0.39307 0.39198 0.39178 0.39213 0.39302 0.39284 0.39130 0.39258 0.39247 0.39209 0.39283 0.39261 0.39496 0.39116 0.39311 0.39299 0.39453 0.39143 0.39288 0.39311 0.39442 0.39199 0.39265 0.40908 0.44253 0.47191 0.50454 0.53758 0.57175 0.59938 0.63337 0.66574 0.70203 0.71072 0.71539 0.71358 0.71890 0.71018 0.71531 0.71306 0.71588 0.70786 0.70955 0.71060 0.70910 0.70901 0.70676 0.71127
0.46699 0.46572 0.46692 0.46528 0.46541 0.46283 0.46613 0.46432 0.46393 0.46181 0.46513 0.46374 0.46290 0.46298 0.46453 0.46359 0.46218 0.46388 0.46486 0.46343 0.46265 0.46398 0.46467 0.46284 0.46437 0.46392 0.46392 0.46326 0.46472 0.46327 0.46335 0.46424 0.46548 0.46281 0.46349 0.47658 0.50284 0.52508 0.55049 0.57557 0.60276 0.62463 0.65063 0.67480 0.70332 0.71111 0.71407 0.71195 0.71618 0.71057 0.71371 0.71145 0.71425 0.70979 0.71007 0.71027 0.71000 0.70928 0.70813 0.71059
0.54084 0.53829 0.53952 0.53787 0.53676 0.53373 0.53759 0.53568 0.53450 0.53277 0.53707 0.53500 0.53361 0.53377 0.53676 0.53537 0.53308 0.53456 0.53691 0.53522 0.53356 0.53571 0.53755 0.53382 0.53411 0.53572 0.53717 0.53361 0.53332 0.53513 0.53684 0.53550 0.53409 0.53402 0.53598 0.54418 0.56059 0.57869 0.59853 0.61428 0.63118 0.65024 0.67050 0.68458 0.70308 0.71252 0.71609 0.71053 0.71289 0.71253 0.71568 0.70961 0.71114 0.71177 0.71217 0.70874 0.70706 0.71026 0.71005 0.71154
0.60813 0.60769 0.60870 0.60572 0.60696 0.60672 0.60786 0.60489 0.60693 0.60620 0.60630 0.60530 0.60638 0.60572 0.60497 0.60607 0.60626 0.60555 0.60447 0.60640 0.60651 0.60529 0.60643 0.60615 0.60544 0.60553 0.60697 0.60544 0.60385 0.60681 0.60808 0.60392 0.60421 0.60721 0.60731 0.60941 0.61982 0.63312 0.64498 0.65228 0.66209 0.67548 0.68818 0.69451 0.70537 0.71318 0.71536 0.70943 0.71128 0.71310 0.71493 0.70853 0.71017 0.71237 0.71322 0.70802 0.70748 0.71089 0.71084 0.70983
0.68189 0.67988 0.67952 0.67799 0.68065 0.67942 0.67591 0.67494 0.67946 0.67784 0.67467 0.67534 0.67924 0.67766 0.67451 0.67566 0.67912 0.67783 0.67457 0.67627 0.67951 0.67763 0.67483 0.67677 0.67982 0.67697 0.67453 0.67652 0.67948 0.67717 0.67475 0.67581 0.67797 0.67779 0.67551 0.67729 0.68293 0.68579 0.68763 0.69171 0.69713 0.69928 0.70164 0.70601 0.71169 0.71117 0.71102 0.71148 0.71384 0.71047 0.71105 0.71150 0.71306 0.70951 0.70856 0.71073 0.71124 0.71057 0.70835 0.71012
0.67690 0.67544 0.67524 0.67731 0.67910 0.67584 0.67582 0.67699 0.67909 0.67646 0.67655 0.67655 0.67756 0.67699 0.67633 0.67606 0.67628 0.67737 0.67672 0.67579 0.67625 0.67736 0.67710 0.67585 0.67712 0.67693 0.67591 0.67650 0.67761 0.67565 0.67452 0.67751 0.67803 0.67487 0.67397 0.67903 0.68291 0.68380 0.68567 0.69283 0.69719 0.69784 0.69958 0.70728 0.71172 0.70955 0.70883 0.71302 0.71385 0.70854 0.70904 0.71274 0.71391 0.70715 0.70759 0.71241 0.71244 0.70784 0.70773 0.70941
0.60764 0.60766 0.60787 0.60643 0.60423 0.60510 0.60779 0.60667 0.60312 0.60436 0.60721 0.60612 0.60295 0.60411 0.60700 0.60614 0.60291 0.60394 0.60688 0.60616 0.60294 0.60404 0.60679 0.60611 0.60290 0.60411 0.60690 0.60605 0.60331 0.60460 0.60648 0.60532 0.60311 0.60421 0.60581 0.61024 0.61912 0.63095 0.64314 0.65263 0.66171 0.67364 0.68577 0.69514 0.70457 0.71114 0.71264 0.71074 0.71028 0.71134 0.71267 0.70973 0.70958 0.71114 0.71219 0.70987 0.70816 0.71034 0.71200 0.71293
0.53354 0.53447 0.53465 0.53235 0.53158 0.53423 0.53639 0.53365 0.53279 0.53400 0.53585 0.53417 0.53303 0.53350 0.53474 0.53449 0.53324 0.53299 0.53358 0.53467 0.53438 0.53279 0.53296 0.53457 0.53474 0.53278 0.53312 0.53422 0.53312 0.53343 0.53530 0.53328 0.53108 0.53394 0.53476 0.54174 0.55743 0.57818 0.59694 0.61261 0.62800 0.64961 0.66823 0.68286 0.69855 0.71245 0.71330 0.70850 0.70802 0.71242 0.71362 0.70740 0.70787 0.71256 0.71334 0.70691 0.70728 0.71100 0.71114 0.70980
0.46290 0.46233 0.46207 0.46358 0.46445 0.46320 0.46065 0.46253 0.46424 0.46333 0.46051 0.46213 0.46420 0.46328 0.46090 0.46174 0.46391 0.46325 0.46088 0.46165 0.46367 0.46317 0.46076 0.46167 0.46361 0.46300 0.46070 0.46179 0.46363 0.46207 0.46029 0.46251 0.46330 0.46192 0.46040 0.47472 0.50041 0.52396 0.54722 0.57419 0.60004 0.62352 0.64671 0.67392 0.69985 0.71054 0.70936 0.71170 0.71237 0.70973 0.70974 0.71139 0.71231 0.70872 0.70886 0.71103 0.71202 0.71107 0.70957 0.71047
0.38973 0.38955 0.38951 0.39179 0.39263 0.39081 0.39003 0.39173 0.39357 0.39143 0.39025 0.39143 0.39296 0.39170 0.39022 0.39092 0.39198 0.39190 0.39103 0.39049 0.39043 0.39206 0.39236 0.39027 0.38981 0.39212 0.39229 0.39014 0.39098 0.39188 0.38988 0.39074 0.39197 0.39091 0.38944 0.40705 0.43998 0.47051 0.50068 0.53525 0.56810 0.59779 0.62784 0.66404 0.69651 0.70863 0.70817 0.71267 0.71371 0.70762 0.70892 0.71218 0.71330 0.70671 0.70740 0.71202 0.71249 0.70834 0.70808 0.70894
0.32103 0.32117 0.32084 0.31972 0.31922 0.32056 0.32133 0.32045 0.31874 0.32026 0.32152 0.32043 0.31899 0.32003 0.32128 0.32029 0.31906 0.32012 0.32109 0.31994 0.31912 0.32022 0.32081 0.31981 0.31918 0.32032 0.32059 0.31934 0.31921 0.32080 0.32096 0.31944 0.31871 0.32018 0.32063 0.33890 0.37686 0.41796 0.45755 0.49521 0.53267 0.57454 0.61417 0.65157 0.68909 0.71199 0.71227 0.70971 0.70924 0.71201 0.71231 0.70849 0.70940 0.71153 0.71213 0.70907 0.70838 0.71042 0.71252 0.71290
0.24874 0.24922 0.24910 0.24809 0.24794 0.24937 0.25024 0.24885 0.24822 0.24944 0.25042 0.24907 0.24849 0.24910 0.25019 0.24920 0.24841 0.24873 0.24911 0.24937 0.24925 0.24839 0.24823 0.24950 0.24930 0.24815 0.24880 0.24957 0.24833 0.24805 0.24952 0.24913 0.24800 0.24891 0.24952 0.27151 0.31683 0.36458 0.41145 0.45580 0.50071 0.55000 0.59661 0.63983 0.68527 0.71287 0.71305 0.70828 0.70967 0.71301 0.71358 0.70737 0.70907 0.71222 0.71234 0.70773 0.70703 0.71155 0.71216 0.71148
0.17774 0.17763 0.17773 0.17827 0.17857 0.17781 0.17754 0.17811 0.17875 0.17794 0.17720 0.17810 0.17862 0.17779 0.17725 0.17827 0.17856 0.17753 0.17727 0.17851 0.17845 0.17729 0.17741 0.17845 0.17819 0.17728 0.17763 0.17822 0.17784 0.17742 0.17735 0.17800 0.17823 0.17741 0.17706 0.20472 0.25829 0.31049 0.36279 0.41829 0.47187 0.52355 0.57564 0.63224 0.68562 0.70969 0.70919 0.71243 0.71237 0.70894 0.70941 0.71236 0.71243 0.70871 0.70920 0.71151 0.71233 0.71009 0.70811 0.70779
0.10656 0.10624 0.10628 0.10706 0.10711 0.10652 0.10648 0.10701 0.10747 0.10661 0.10648 0.10699 0.10734 0.10671 0.10649 0.10684 0.10710 0.10673 0.10659 0.10666 0.10677 0.10693 0.10664 0.10634 0.10686 0.10709 0.10642 0.10628 0.10700 0.10704 0.10632 0.10672 0.10699 0.10645 0.10623 0.13715 0.19781 0.25710 0.31692 0.37945 0.43999 0.49817 0.55797 0.62233 0.68252 0.70903 0.71004 0.71373 0.71336 0.70841 0.71013 0.71341 0.71291 0.70813 0.70829 0.71270 0.71259 0.70967 0.70888 0.70972
0.03567 0.03567 0.03562 0.03553 0.03553 0.03563 0.03573 0.03560 0.03551 0.03566 0.03576 0.03557 0.03551 0.03569 0.03574 0.03553 0.03550 0.03574 0.03572 0.03549 0.03550 0.03571 0.03566 0.03549 0.03557 0.03566 0.03556 0.03552 0.03563 0.03562 0.03556 0.03551 0.03547 0.03562 0.03565 0.06921 0.13646 0.20485 0.27262 0.33903 0.40597 0.47577 0.54339 0.60870 0.67600 0.71292 0.71261 0.70955 0.70987 0.71310 0.71283 0.70915 0.70975 0.71269 0.71260 0.70931 0.70857 0.71013 0.71166 0.71094
0.00000 0.00000 0.00000 0.00000 0.00000 0.00000 0.00000 0.00000 0.00000 0.00000 0.00000 0.00000 0.00000 0.00000 0.00000 0.00178 0.00533 0.00892 0.01249 0.01600 0.01954 0.02311 0.02676 0.03034 0.03370 0.03372 0.03035 0.02676 0.02304 0.01955 0.01607 0.01242 0.00886 0.00535 0.00178 0.03370 0.10102 0.16946 0.23711 0.30324 0.37058 0.44093 0.50794 0.57303 0.64119 0.67863 0.67760 0.67397 0.67545 0.67869 0.67814 0.67325 0.67401 0.67772 0.67740 0.67348 0.67224 0.67715 0.67753 0.67757
0.00000 0.00000 0.00000 0.00000 0.00000 0.00000 0.00000 0.00000 0.00000 0.00000 0.00000 0.00000 0.00000 0.00000 0.00000 0.00536 0.01608 0.02666 0.03736 0.04825 0.05880 0.06931 0.08033 0.09093 0.10125 0.10142 0.09102 0.08014 0.06920 0.05870 0.04810 0.03742 0.02673 0.01599 0.00533 0.03030 0.09095 0.15100 0.21128 0.27286 0.33337 0.39246 0.45291 0.51539 0.57582 0.60363 0.60406 0.60655 0.60620 0.60368 0.60368 0.60693 0.60637 0.60348 0.60342 0.60517 0.60596 0.60393 0.60206 0.60172
0.00000 0.00000 0.00000 0.00000 0.00000 0.00000 0.00000 0.00000 0.00000 0.00000 0.00000 0.00000 0.00000 0.00000 0.00000 0.00894 0.02679 0.04444 0.06222 0.08047 0.09826 0.11563 0.13307 0.15127 0.16981 0.16942 0.15073 0.13353 0.11618 0.09775 0.07979 0.06252 0.04468 0.02663 0.00887 0.02679 0.08033 0.13312 0.18630 0.24125 0.29441 0.34621 0.39994 0.45591 0.50830 0.53273 0.53376 0.53614 0.53557 0.53220 0.53311 0.53599 0.53592 0.53205 0.53148 0.53538 0.53510 0.53237 0.53160 0.53324
0.00000 0.00000 0.00000 0.00000 0.00000 0.00000 0.00000 0.00000 0.00000 0.00000 0.00000 0.00000 0.00000 0.00000 0.00000 0.01245 0.03746 0.06261 0.08734 0.11210 0.13763 0.16231 0.18636 0.21214 0.23790 0.23681 0.21126 0.18725 0.16259 0.13716 0.11213 0.08725 0.06220 0.03743 0.01250 0.02313 0.06931 0.11590 0.16240 0.20801 0.25426 0.30161 0.34791 0.39276 0.43925 0.46411 0.46396 0.46218 0.46216 0.46442 0.46419 0.46236 0.46196 0.46375 0.46406 0.46232 0.46131 0.46184 0.46286 0.46258
0.00000 0.00000 0.00000 0.00000 0.00000 0.00000 0.00000 0.00000 0.00000 0.00000 0.00000 0.00000 0.00000 0.00000 0.00000 0.01603 0.04806 0.08053 0.11267 0.14418 0.17589 0.20901 0.24154 0.27256 0.30379 0.30512 0.27359 0.24023 0.20777 0.17691 0.14482 0.11189 0.07992 0.04825 0.01610 0.01955 0.05859 0.09833 0.13766 0.17593 0.21523 0.25582 0.29451 0.33255 0.37225 0.39353 0.39276 0.39095 0.39153 0.39347 0.39358 0.39072 0.39067 0.39317 0.39309 0.39046 0.38968 0.39255 0.39241 0.39172
0.00000 0.00000 0.00000 0.00000 0.00000 0.00000 0.00000 0.00000 0.00000 0.00000 0.00000 0.00000 0.00000 0.00000 0.00000 0.01970 0.05889 0.09796 0.13771 0.17680 0.21530 0.25527 0.29524 0.33300 0.37151 0.37375 0.33455 0.29379 0.25451 0.21603 0.17638 0.13724 0.09826 0.05883 0.01956 0.01604 0.04827 0.08018 0.11212 0.14456 0.17687 0.20820 0.24032 0.27325 0.30547 0.32031 0.32030 0.32158 0.32164 0.32057 0.32010 0.32145 0.32188 0.32074 0.31996 0.32043 0.32120 0.32060 0.31953 0.31944
0.00000 0.00000 0.00000 0.00000 0.00000 0.00000 0.00000 0.00000 0.00000 0.00000 0.00000 0.00000 0.00000 0.00000 0.00000 0.02329 0.06981 0.11585 0.16192 0.20948 0.25610 0.30115 0.34712 0.39515 0.44196 0.43986 0.39336 0.34895 0.30243 0.25409 0.20797 0.16283 0.11641 0.06940 0.02311 0.01252 0.03759 0.06228 0.08714 0.11277 0.13774 0.16196 0.18722 0.21303 0.23748 0.24922 0.24957 0.25056 0.25046 0.24909 0.24895 0.25062 0.25090 0.24901 0.24873 0.25015 0.25029 0.24846 0.24826 0.24929
0.00000 0.00000 0.00000 0.00000 0.00000 0.00000 0.00000 0.00000 0.00000 0.00000 0.00000 0.00000 0.00000 0.00000 0.00000 0.02676 0.08048 0.13418 0.18724 0.24123 0.29552 0.34751 0.40052 0.45694 0.51032 0.50753 0.45404 0.40299 0.34848 0.29385 0.24111 0.18762 0.13353 0.08024 0.02685 0.00893 0.02671 0.04460 0.06262 0.08023 0.09798 0.11617 0.13416 0.15145 0.16923 0.17874 0.17886 0.17833 0.17802 0.17867 0.17908 0.17848 0.17797 0.17835 0.17880 0.17830 0.17767 0.17777 0.17832 0.17831
0.00000 0.00000 0.00000 0.00000 0.00000 0.00000 0.00000 0.00000 0.00000 0.00000 0.00000 0.00000 0.00000 0.00000 0.00000 0.03037 0.09096 0.15223 0.21343 0.27300 0.33358 0.39593 0.45648 0.51525 0.57670 0.57852 0.51683 0.45400 0.39393 0.33501 0.27403 0.21182 0.15138 0.09131 0.03047 0.00534 0.01602 0.02687 0.03763 0.04811 0.05883 0.06987 0.08043 0.09090 0.10180 0.10743 0.10732 0.10696 0.10692 0.10746 0.10766 0.10694 0.10674 0.10731 0.10749 0.10679 0.10655 0.10721 0.10728 0.10678
0.00000 0.00000 0.00000 0.00000 0.00000 0.00000 0.00000 0.00000 0.00000 0.00000 0.00000 0.00000 0.00000 0.00000 0.00000 0.03404 0.10188 0.16977 0.23838 0.30513 0.37259 0.44299 0.51063 0.57547 0.64349 0.64761 0.57847 0.50774 0.44090 0.37460 0.30529 0.23708 0.17006 0.10195 0.03387 0.00178 0.00537 0.00893 0.01248 0.01608 0.01969 0.02320 0.02674 0.03040 0.03403 0.03571 0.03564 0.03575 0.03584 0.03574 0.03563 0.03572 0.03586 0.03570 0.03563 0.03567 0.03570 0.03561 0.03552 0.03551
0.00000 0.00000 0.00000 0.00000 0.00000 0.00000 0.00000 0.00000 0.00000 0.00000 0.00000 0.00000 0.00000 0.00000 0.00000 0.03404 0.10227 0.16992 0.23777 0.30669 0.37435 0.44097 0.51005 0.57907 0.64531 0.64369 0.57784 0.51125 0.44179 0.37226 0.30520 0.23850 0.17027 0.10164 0.03387 0.00000 0.00000 0.00000 0.00000 0.00000 0.00000 0.00000 0.00000 0.00000 0.00000 0.00000 0.00000 0.00000 0.00000 0.00000 0.00000 0.00000 0.00000 0.00000 0.00000 0.00000 0.00000 0.00000 0.00000 0.00000
0.00000 0.00000 0.00000 0.00000 0.00000 0.00000 0.00000 0.00000 0.00000 0.00000 0.00000 0.00000 0.00000 0.00000 0.00000 0.03040 0.09137 0.15202 0.21259 0.27453 0.33546 0.39415 0.45516 0.51846 0.57927 0.57601 0.51586 0.45780 0.39568 0.33325 0.27381 0.21350 0.15179 0.09101 0.03047 0.00000 0.00000 0.00000 0.00000 0.00000 0.00000 0.00000 0.00000 0.00000 0.00000 0.00000 0.00000 0.00000 0.00000 0.00000 0.00000 0.00000 0.00000 0.00000 0.00000 0.00000 0.00000 0.00000 0.00000 0.00000
0.00000 0.00000 0.00000 0.00000 0.00000 0.00000 0.00000 0.00000 0.00000 0.00000 0.00000 0.00000 0.00000 0.00000 0.00000 0.02688 0.08064 0.13452 0.18805 0.24114 0.29582 0.35012 0.40234 0.45538 0.51101 0.51154 0.45578 0.40146 0.34928 0.29634 0.24161 0.18734 0.13403 0.08074 0.02690 0.00000 0.00000 0.00000 0.00000 0.00000 0.00000 0.00000 0.00000 0.00000 0.00000 0.00000 0.00000 0.00000 0.00000 0.00000 0.00000 0.00000 0.00000 0.00000 0.00000 0.00000 0.00000 0.00000 0.00000 0.00000
0.00000 0.00000 0.00000 0.00000 0.00000 0.00000 0.00000 0.00000 0.00000 0.00000 0.00000 0.00000 0.00000 0.00000 0.00000 0.02331 0.07000 0.11665 0.16298 0.20913 0.25583 0.30361 0.35002 0.39477 0.44142 0.44358 0.39643 0.34805 0.30229 0.25698 0.20939 0.16242 0.11656 0.07002 0.02323 0.00000 0.00000 0.00000 0.00000 0.00000 0.00000 0.00000 0.00000 0.00000 0.00000 0.00000 0.00000 0.00000 0.00000 0.00000 0.00000 0.00000 0.00000 0.00000 0.00000 0.00000 0.00000 0.00000 0.00000 0.00000
0.00000 0.00000 0.00000 0.00000 0.00000 0.00000 0.00000 0.00000 0.00000 0.00000 0.00000 0.00000 0.00000 0.00000 0.00000 0.01970 0.05930 0.09881 0.13801 0.17789 0.21664 0.25561 0.29637 0.33603 0.37383 0.37355 0.33576 0.29653 0.25575 0.21607 0.17750 0.13836 0.09853 0.05897 0.01968 0.00000 0.00000 0.00000 0.00000 0.00000 0.00000 0.00000 0.00000 0.00000 0.00000 0.00000 0.00000 0.00000 0.00000 0.00000 0.00000 0.00000 0.00000 0.00000 0.00000 0.00000 0.00000 0.00000 0.00000 0.00000
0.00000 0.00000 0.00000 0.00000 0.00000 0.00000 0.00000 0.00000 0.00000 0.00000 0.00000 0.00000 0.00000 0.00000 0.00000 0.01611 0.04840 0.08071 0.11301 0.14556 0.17787 0.20926 0.24165 0.27503 0.30719 0.30572 0.27378 0.24274 0.20988 0.17680 0.14519 0.11332 0.08056 0.04822 0.01616 0.00000 0.00000 0.00000 0.00000 0.00000 0.00000 0.00000 0.00000 0.00000 0.00000 0.00000 0.00000 0.00000 0.00000 0.00000 0.00000 0.00000 0.00000 0.00000 0.00000 0.00000 0.00000 0.00000 0.00000 0.00000
0.00000 0.00000 0.00000 0.00000 0.00000 0.00000 0.00000 0.00000 0.00000 0.00000 0.00000 0.00000 0.00000 0.00000 0.00000 0.01258 0.03766 0.06272 0.08794 0.11288 0.13837 0.16374 0.18802 0.21291 0.23916 0.23934 0.21299 0.18776 0.16354 0.13853 0.11280 0.08765 0.06280 0.03776 0.01255 0.00000 0.00000 0.00000 0.00000 0.00000 0.00000 0.00000 0.00000 0.00000 0.00000 0.00000 0.00000 0.00000 0.00000 0.00000 0.00000 0.00000 0.00000 0.00000 0.00000 0.00000 0.00000 0.00000 0.00000 0.00000
0.00000 0.00000 0.00000 0.00000 0.00000 0.00000 0.00000 0.00000 0.00000 0.00000 0.00000 0.00000 0.00000 0.00000 0.00000 0.00899 0.02697 0.04489 0.06275 0.08066 0.09873 0.11696 0.13487 0.15217 0.17019 0.17097 0.15276 0.13419 0.11653 0.09900 0.08074 0.06258 0.04488 0.02700 0.00896 0.00000 0.00000 0.00000 0.00000 0.00000 0.00000 0.00000 0.00000 0.00000 0.00000 0.00000 0.00000 0.00000 0.00000 0.00000 0.00000 0.00000 0.00000 0.00000 0.00000 0.00000 0.00000 0.00000 0.00000 0.00000
0.00000 0.00000 0.00000 0.00000 0.00000 0.00000 0.00000 0.00000 0.00000 0.00000 0.00000 0.00000 0.00000 0.00000 0.00000 0.00539 0.01621 0.02699 0.03771 0.04848 0.05926 0.06995 0.08098 0.09184 0.10221 0.10206 0.09177 0.08106 0.06989 0.05906 0.04856 0.03781 0.02690 0.01610 0.00539 0.00000 0.00000 0.00000 0.00000 0.00000 0.00000 0.00000 0.00000 0.00000 0.00000 0.00000 0.00000 0.00000 0.00000 0.00000 0.00000 0.00000 0.00000 0.00000 0.00000 0.00000 0.00000 0.00000 0.00000 0.00000
0.00000 0.00000 0.00000 0.00000 0.00000 0.00000 0.00000 0.00000 0.00000 0.00000 0.00000 0.00000 0.00000 0.00000 0.00000 0.00180 0.00539 0.00899 0.01259 0.01619 0.01979 0.02332 0.02691 0.03063 0.03420 0.03404 0.03051 0.02703 0.02337 0.01970 0.01617 0.01261 0.00897 0.00537 0.00180 0.00000 0.00000 0.00000 0.00000 0.00000 0.00000 0.00000 0.00000 0.00000 0.00000 0.00000 0.00000 0.00000 0.00000 0.00000 0.00000 0.00000 0.00000 0.00000 0.00000 0.00000 0.00000 0.00000 0.00000 0.00000
0.00000 0.00000 0.00000 0.00000 0.00000 0.00000 0.00000 0.00000 0.00000 0.00000 0.00000 0.00000 0.00000 0.00000 0.00000 0.00000 0.00000 0.00000 0.00000 0.00000 0.00000 0.00000 0.00000 0.00000 0.00000 0.00000 0.00000 0.00000 0.00000 0.00000 0.00000 0.00000 0.00000 0.00000 0.00000 0.00000 0.00000 0.00000 0.00000 0.00000 0.00000 0.00000 0.00000 0.00000 0.00000 0.00000 0.00000 0.00000 0.00000 0.00000 0.00000 0.00000 0.00000 0.00000 0.00000 0.00000 0.00000 0.00000 0.00000 0.00000
0.00000 0.00000 0.00000 0.00000 0.00000 0.00000 0.00000 0.00000 0.00000 0.00000 0.00000 0.00000 0.00000 0.00000 0.00000 0.00000 0.00000 0.00000 0.00000 0.00000 0.00000 0.00000 0.00000 0.00000 0.00000 0.00000 0.00000 0.00000 0.00000 0.00000 0.00000 0.00000 0.00000 0.00000 0.00000 0.00000 0.00000 0.00000 0.00000 0.00000 0.00000 0.00000 0.00000 0.00000 0.00000 0.00000 0.00000 0.00000 0.00000 0.00000 0.00000 0.00000 0.00000 0.00000 0.00000 0.00000 0.00000 0.00000 0.00000 0.00000
0.00000 0.00000 0.00000 0.00000 0.00000 0.00000 0.00000 0.00000 0.00000 0.00000 0.00000 0.00000 0.00000 0.00000 0.00000 0.00000 0.00000 0.00000 0.00000 0.00000 0.00000 0.00000 0.00000 0.00000 0.00000 0.00000 0.00000 0.00000 0.00000 0.00000 0.00000 0.00000 0.00000 0.00000 0.00000 0.00000 0.00000 0.00000 0.00000 0.00000 0.00000 0.00000 0.00000 0.00000 0.00000 0.00000 0.00000 0.00000 0.00000 0.00000 0.00000 0.00000 0.00000 0.00000 0.00000 0.00000 0.00000 0.00000 0.00000 0.00000
0.00000 0.00000 0.00000 0.00000 0.00000 0.00000 0.00000 0.00000 0.00000 0.00000 0.00000 0.00000 0.00000 0.00000 0.00000 0.00000 0.00000 0.00000 0.00000 0.00000 0.00000 0.00000 0.00000 0.00000 0.00000 0.00000 0.00000 0.00000 0.00000 0.00000 0.00000 0.00000 0.00000 0.00000 0.00000 0.00000 0.00000 0.00000 0.00000 0.00000 0.00000 0.00000 0.00000 0.00000 0.00000 0.00000 0.00000 0.00000 0.00000 0.00000 0.00000 0.00000 0.00000 0.00000 0.00000 0.00000 0.00000 0.00000 0.00000 0.00000
0.00000 0.00000 0.00000 0.00000 0.00000 0.00000 0.00000 0.00000 0.00000 0.00000 0.00000 0.00000 0.00000 0.00000 0.00000 0.00000 0.00000 0.00000 0.00000 0.00000 0.00000 0.00000 0.00000 0.00000 0.00000 0.00000 0.00000 0.00000 0.00000 0.00000 0.00000 0.00000 0.00000 0.00000 0.00000 0.00000 0.00000 0.00000 0.00000 0.00000 0.00000 0.00000 0.00000 0.00000 0.00000 0.00000 0.00000 0.00000 0.00000 0.00000 0.00000 0.00000 0.00000 0.00000 0.00000 0.00000 0.00000 0.00000 0.00000 0.00000
0.00000 0.00000 0.00000 0.00000 0.00000 0.00000 0.00000 0.00000 0.00000 0.00000 0.00000 0.00000 0.00000 0.00000 0.00000 0.00000 0.00000 0.00000 0.00000 0.00000 0.00000 0.00000 0.00000 0.00000 0.00000 0.00000 0.00000 0.00000 0.00000 0.00000 0.00000 0.00000 0.00000 0.00000 0.00000 0.00000 0.00000 0.00000 0.00000 0.00000 0.00000 0.00000 0.00000 0.00000 0.00000 0.00000 0.00000 0.00000 0.00000 0.00000 0.00000 0.00000 0.00000 0.00000 0.00000 0.00000 0.00000 0.00000 0.00000 0.00000
0.00000 0.00000 0.00000 0.00000 0.00000 0.00000 0.00000 0.00000 0.00000 0.00000 0.00000 0.00000 0.00000 0.00000 0.00000 0.00000 0.00000 0.00000 0.00000 0.00000 0.00000 0.00000 0.00000 0.00000 0.00000 0.00000 0.00000 0.00000 0.00000 0.00000 0.00000 0.00000 0.00000 0.00000 0.00000 0.00000 0.00000 0.00000 0.00000 0.00000 0.00000 0.00000 0.00000 0.00000 0.00000 0.00000 0.00000 0.00000 0.00000 0.00000 0.00000 0.00000 0.00000 0.00000 0.00000 0.00000 0.00000 0.00000 0.00000 0.00000
0.00000 0.00000 0.00000 0.00000 0.00000 0.00000 0.00000 0.00000 0.00000 0.00000 0.00000 0.00000 0.00000 0.00000 0.00000 0.00000 0.00000 0.00000 0.00000 0.00000 0.00000 0.00000 0.00000 0.00000 0.00000 0.00000 0.00000 0.00000 0.00000 0.00000 0.00000 0.00000 0.00000 0.00000 0.00000 0.00000 0.00000 0.00000 0.00000 0.00000 0.00000 0.00000 0.00000 0.00000 0.00000 0.00000 0.00000 0.00000 0.00000 0.00000 0.00000 0.00000 0.00000 0.00000 0.00000 0.00000 0.00000 0.00000 0.00000 0.00000
0.00000 0.00000 0.00000 0.00000 0.00000 0.00000 0.00000 0.00000 0.00000 0.00000 0.00000 0.00000 0.00000 0.00000 0.00000 0.00000 0.00000 0.00000 0.00000 0.00000 0.00000 0.00000 0.00000 0.00000 0.00000 0.00000 0.00000 0.00000 0.00000 0.00000 0.00000 0.00000 0.00000 0.00000 0.00000 0.00000 0.00000 0.00000 0.00000 0.00000 0.00000 0.00000 0.00000 0.00000 0.00000 0.00000 0.00000 0.00000 0.00000 0.00000 0.00000 0.00000 0.00000 0.00000 0.00000 0.00000 0.00000 0.00000 0.00000 0.00000
0.00000 0.00000 0.00000 0.00000 0.00000 0.00000 0.00000 0.00000 0.00000 0.00000 0.00000 0.00000 0.00000 0.00000 0.00000 0.00000 0.00000 0.00000 0.00000 0.00000 0.00000 0.00000 0.00000 0.00000 0.00000 0.00000 0.00000 0.00000 0.00000 0.00000 0.00000 0.00000 0.00000 0.00000 0.00000 0.00000 0.00000 0.00000 0.00000 0.00000 0.00000 0.00000 0.00000 0.00000 0.00000 0.00000 0.00000 0.00000 0.00000 0.00000 0.00000 0.00000 0.00000 0.00000 0.00000 0.00000 0.00000 0.00000 0.00000 0.00000
0.00000 0.00000 0.00000 0.00000 0.00000 0.00000 0.00000 0.00000 0.00000 0.00000 0.00000 0.00000 0.00000 0.00000 0.00000 0.00000 0.00000 0.00000 0.00000 0.00000 0.00000 0.00000 0.00000 0.00000 0.00000 0.00000 0.00000 0.00000 0.00000 0.00000 0.00000 0.00000 0.00000 0.00000 0.00000 0.00000 0.00000 0.00000 0.00000 0.00000 0.00000 0.00000 0.00000 0.00000 0.00000 0.00000 0.00000 0.00000 0.00000 0.00000 0.00000 0.00000 0.00000 0.00000 0.00000 0.00000 0.00000 0.00000 0.00000 0.00000
0.00000 0.00000 0.00000 0.00000 0.00000 0.00000 0.00000 0.00000 0.00000 0.00000 0.00000 0.00000 0.00000 0.00000 0.00000 0.00000 0.00000 0.00000 0.00000 0.00000 0.00000 0.00000 0.00000 0.00000 0.00000 0.00000 0.00000 0.00000 0.00000 0.00000 0.00000 0.00000 0.00000 0.00000 0.00000 0.00000 0.00000 0.00000 0.00000 0.00000 0.00000 0.00000 0.00000 0.00000 0.00000 0.00000 0.00000 0.00000 0.00000 0.00000 0.00000 0.00000 0.00000 0.00000 0.00000 0.00000 0.00000 0.00000 0.00000 0.00000
0.00000 0.00000 0.00000 0.00000 0.00000 0.00000 0.00000 0.00000 0.00000 0.00000 0.00000 0.00000 0.00000 0.00000 0.00000 0.00000 0.00000 0.00000 0.00000 0.00000 0.00000 0.00000 0.00000 0.00000 0.00000 0.00000 0.00000 0.00000 0.00000 0.00000 0.00000 0.00000 0.00000 0.00000 0.00000 0.00000 0.00000 0.00000 0.00000 0.00000 0.00000 0.00000 0.00000 0.00000 0.00000 0.00000 0.00000 0.00000 0.00000 0.00000 0.00000 0.00000 0.00000 0.00000 0.00000 0.00000 0.00000 0.00000 0.00000 0.00000
0.00000 0.00000 0.00000 0.00000 0.00000 0.00000 0.00000 0.00000 0.00000 0.00000 0.00000 0.00000 0.00000 0.00000 0.00000 0.00000 0.00000 0.00000 0.00000 0.00000 0.00000 0.00000 0.00000 0.00000 0.00000 0.00000 0.00000 0.00000 0.00000 0.00000 0.00000 0.00000 0.00000 0.00000 0.00000 0.00000 0.00000 0.00000 0.00000 0.00000 0.00000 0.00000 0.00000 0.00000 0.00000 0.00000 0.00000 0.00000 0.00000 0.00000 0.00000 0.00000 0.00000 0.00000 0.00000 0.00000 0.00000 0.00000 0.00000 0.00000
0.00000 0.00000 0.00000 0.00000 0.00000 0.00000 0.00000 0.00000 0.00000 0.00000 0.00000 0.00000 0.00000 0.00000 0.00000 0.00000 0.00000 0.00000 0.00000 0.00000 0.00000 0.00000 0.00000 0.00000 0.00000 0.00000 0.00000 0.00000 0.00000 0.00000 0.00000 0.00000 0.00000 0.00000 0.00000 0.00000 0.00000 0.00000 0.00000 0.00000 0.00000 0.00000 0.00000 0.00000 0.00000 0.00000 0.00000 0.00000 0.00000 0.00000 0.00000 0.00000 0.00000 0.00000 0.00000 0.00000 0.00000 0.00000 0.00000 0.00000
0.00000 0.00000 0.00000 0.00000 0.00000 0.00000 0.00000 0.00000 0.00000 0.00000 0.00000 0.00000 0.00000 0.00000 0.00000 0.00000 0.00000 0.00000 0.00000 0.00000 0.00000 0.00000 0.00000 0.00000 0.00000 0.00000 0.00000 0.00000 0.00000 0.00000 0.00000 0.00000 0.00000 0.00000 0.00000 0.00000 0.00000 0.00000 0.00000 0.00000 0.00000 0.00000 0.00000 0.00000 0.00000 0.00000 0.00000 0.00000 0.00000 0.00000 0.00000 0.00000 0.00000 0.00000 0.00000 0.00000 0.00000 0.00000 0.00000 0.00000
0.00000 0.00000 0.00000 0.00000 0.00000 0.00000 0.00000 0.00000 0.00000 0.00000 0.00000 0.00000 0.00000 0.00000 0.00000 0.00000 0.00000 0.00000 0.00000 0.00000 0.00000 0.00000 0.00000 0.00000 0.00000 0.00000 0.00000 0.00000 0.00000 0.00000 0.00000 0.00000 0.00000 0.00000 0.00000 0.00000 0.00000 0.00000 0.00000 0.00000 0.00000 0.00000 0.00000 0.00000 0.00000 0.00000 0.00000 0.00000 0.00000 0.00000 0.00000 0.00000 0.00000 0.00000 0.00000 0.00000 0.00000 0.00000 0.00000 0.00000
0.00000 0.00000 0.00000 0.00000 0.00000 0.00000 0.00000 0.00000 0.00000 0.00000 0.00000 0.00000 0.00000 0.00000 0.00000 0.00000 0.00000 0.00000 0.00000 0.00000 0.00000 0.00000 0.00000 0.00000 0.00000 0.00000 0.00000 0.00000 0.00000 0.00000 0.00000 0.00000 0.00000 0.00000 0.00000 0.00000 0.00000 0.00000 0.00000 0.00000 0.00000 0.00000 0.00000 0.00000 0.00000 0.00000 0.00000 0.00000 0.00000 0.00000 0.00000 0.00000 0.00000 0.00000 0.00000 0.00000 0.00000 0.00000 0.00000 0.00000
0.00000 0.00000 0.00000 0.00000 0.00000 0.00000 0.00000 0.00000 0.00000 0.00000 0.00000 0.00000 0.00000 0.00000 0.00000 0.00000 0.00000 0.00000 0.00000 0.00000 0.00000 0.00000 0.00000 0.00000 0.00000 0.00000 0.00000 0.00000 0.00000 0.00000 0.00000 0.00000 0.00000 0.00000 0.00000 0.00000 0.00000 0.00000 0.00000 0.00000 0.00000 0.00000 0.00000 0.00000 0.00000 0.00000 0.00000 0.00000 0.00000 0.00000 0.00000 0.00000 0.00000 0.00000 0.00000 0.00000 0.00000 0.00000 0.00000 0.00000
0.00000 0.00000 0.00000 0.00000 0.00000 0.00000 0.00000 0.00000 0.00000 0.00000 0.00000 0.00000 0.00000 0.00000 0.00000 0.00000 0.00000 0.00000 0.00000 0.00000 0.00000 0.00000 0.00000 0.00000 0.00000 0.00000 0.00000 0.00000 0.00000 0.00000 0.00000 0.00000 0.00000 0.00000 0.00000 0.00000 0.00000 0.00000 0.00000 0.00000 0.00000 0.00000 0.00000 0.00000 0.00000 0.00000 0.00000 0.00000 0.00000 0.00000 0.00000 0.00000 0.00000 0.00000 0.00000 0.00000 0.00000 0.00000 0.00000 0.00000
0.00000 0.00000 0.00000 0.00000 0.00000 0.00000 0.00000 0.00000 0.00000 0.00000 0.00000 0.00000 0.00000 0.00000 0.00000 0.00000 0.00000 0.00000 0.00000 0.00000 0.00000 0.00000 0.00000 0.00000 0.00000 0.00000 0.00000 0.00000 0.00000 0.00000 0.00000 0.00000 0.00000 0.00000 0.00000 0.00000 0.00000 0.00000 0.00000 0.00000 0.00000 0.00000 0.00000 0.00000 0.00000 0.00000 0.00000 0.00000 0.00000 0.00000 0.00000 0.00000 0.00000 0.00000 0.00000 0.00000 0.00000 0.00000 0.00000 0.00000
0.00000 0.00000 0.00000 0.00000 0.00000 0.00000 0.00000 0.00000 0.00000 0.00000 0.00000 0.00000 0.00000 0.00000 0.00000 0.00000 0.00000 0.00000 0.00000 0.00000 0.00000 0.00000 0.00000 0.00000 0.00000 0.00000 0.00000 0.00000 0.00000 0.00000 0.00000 0.00000 0.00000 0.00000 0.00000 0.00000 0.00000 0.00000 0.00000 0.00000 0.00000 0.00000 0.00000 0.00000 0.00000 0.00000 0.00000 0.00000 0.00000 0.00000 0.00000 0.00000 0.00000 0.00000 0.00000 0.00000 0.00000 0.00000 0.00000 0.00000
0.00000 0.00000 0.00000 0.00000 0.00000 0.00000 0.00000 0.00000 0.00000 0.00000 0.00000 0.00000 0.00000 0.00000 0.00000 0.00000 0.00000 0.00000 0.00000 0.00000 0.00000 0.00000 0.00000 0.00000 0.00000 0.00000 0.00000 0.00000 0.00000 0.00000 0.00000 0.00000 0.00000 0.00000 0.00000 0.00000 0.00000 0.00000 0.00000 0.00000 0.00000 0.00000 0.00000 0.00000 0.00000 0.00000 0.00000 0.00000 0.00000 0.00000 0.00000 0.00000 0.00000 0.00000 0.00000 0.00000 0.00000 0.00000 0.00000 0.00000
0.00000 0.00000 0.00000 0.00000 0.00000 0.00000 0.00000 0.00000 0.00000 0.00000 0.00000 0.00000 0.00000 0.00000 0.00000 0.00000 0.00000 0.00000 0.00000 0.00000 0.00000 0.00000 0.00000 0.00000 0.00000 0.00000 0.00000 0.00000 0.00000 0.00000 0.00000 0.00000 0.00000 0.00000 0.00000 0.00000 0.00000 0.00000 0.00000 0.00000 0.00000 0.00000 0.00000 0.00000 0.00000 0.00000 0.00000 0.00000 0.00000 0.00000 0.00000 0.00000 0.00000 0.00000 0.00000 0.00000 0.00000 0.00000 0.00000 0.00000
0.00000 0.00000 0.00000 0.00000 0.00000 0.00000 0.00000 0.00000 0.00000 0.00000 0.00000 0.00000 0.00000 0.00000 0.00000 0.00000 0.00000 0.00000 0.00000 0.00000 0.00000 0.00000 0.00000 0.00000 0.00000 0.00000 0.00000 0.00000 0.00000 0.00000 0.00000 0.00000 0.00000 0.00000 0.00000 0.00000 0.00000 0.00000 0.00000 0.00000 0.00000 0.00000 0.00000 0.00000 0.00000 0.00000 0.00000 0.00000 0.00000 0.00000 0.00000 0.00000 0.00000 0.00000 0.00000 0.00000 0.00000 0.00000 0.00000 0.00000
