0.03905 0.04055 0.04094 0.04104 0.04027 0.04249 0.04081 0.04205 0.03910 0.04202 0.03591 0.04087 0.03540 0.03853 0.03300 0.03452 0.03222 0.02980 0.03023 0.02726 0.02915 0.02421 0.02628 0.02330 0.02374 0.02099 0.02256 0.02105 0.02052 0.01937 0.01999 0.01903 0.01832 0.01759 0.01852 0.01698 0.01752 0.01727 0.01899 0.01859 0.01717 0.01720 0.01610 0.01809 0.01276 0.01549 0.00819 0.01452 0.00389 0.01199 0.00111 0.01160 0.00000 0.01142 0.00167 0.01280 0.00634 0.01616 0.01317 0.02185
0.04457 0.04651 0.04525 0.04695 0.04594 0.04863 0.04550 0.04764 0.04583 0.04751 0.04183 0.04542 0.04184 0.04343 0.03801 0.03944 0.03780 0.03579 0.03460 0.03254 0.03312 0.03113 0.03065 0.02749 0.02867 0.02793 0.02621 0.02444 0.02511 0.02467 0.02326 0.02238 0.02187 0.02071 0.02074 0.01974 0.01987 0.01889 0.01956 0.01833 0.01893 0.01743 0.01626 0.01485 0.01456 0.01506 0.00961 0.01008 0.00686 0.01202 0.00330 0.00723 0.00314 0.01299 0.00321 0.01003 0.00717 0.01587 0.01156 0.01920
0.05073 0.05273 0.05113 0.05452 0.05462 0.05542 0.05175 0.05455 0.05168 0.05490 0.04884 0.05150 0.04725 0.04991 0.04465 0.04469 0.04305 0.04248 0.04080 0.03642 0.03842 0.03735 0.03500 0.03024 0.03345 0.03245 0.02962 0.02657 0.02971 0.02875 0.02529 0.02539 0.02701 0.02404 0.02172 0.02195 0.02436 0.02146 0.01913 0.01879 0.02129 0.01932 0.01533 0.01478 0.01485 0.01615 0.00895 0.00996 0.00677 0.01265 0.00243 0.00738 0.00335 0.01218 0.00354 0.00958 0.00720 0.01611 0.01242 0.02017
0.05510 0.05642 0.05549 0.06056 0.05855 0.05912 0.05753 0.05970 0.05509 0.05792 0.05746 0.05631 0.05099 0.05334 0.05297 0.05008 0.04641 0.04623 0.04729 0.04356 0.04132 0.03967 0.04092 0.03883 0.03608 0.03460 0.03488 0.03411 0.03281 0.03062 0.02945 0.02919 0.02990 0.02764 0.02443 0.02360 0.02569 0.02372 0.02069 0.01909 0.02063 0.01864 0.01664 0.01437 0.01431 0.01248 0.01083 0.01028 0.00742 0.00758 0.00561 0.00924 0.00386 0.00707 0.00546 0.01133 0.00687 0.01223 0.01109 0.01737
0.06029 0.06456 0.06485 0.06592 0.06264 0.06540 0.06579 0.06711 0.06149 0.06323 0.06232 0.06436 0.05733 0.05786 0.05723 0.05817 0.05245 0.05023 0.05135 0.05166 0.04675 0.04239 0.04523 0.04542 0.04005 0.03545 0.03939 0.03880 0.03395 0.03279 0.03553 0.03274 0.02925 0.03024 0.03081 0.02659 0.02350 0.02418 0.02559 0.02119 0.01773 0.01752 0.01958 0.01621 0.01183 0.01111 0.01233 0.01216 0.00533 0.00624 0.00671 0.01006 0.00233 0.00526 0.00605 0.01145 0.00741 0.01261 0.01324 0.02072
0.05854 0.06261 0.06228 0.06179 0.06052 0.06397 0.06144 0.06297 0.06258 0.06138 0.05782 0.06044 0.06058 0.05670 0.05363 0.05486 0.05543 0.05064 0.04837 0.04806 0.04907 0.04501 0.04264 0.04173 0.04230 0.03969 0.03757 0.03636 0.03511 0.03433 0.03465 0.03249 0.02934 0.02870 0.03007 0.02796 0.02380 0.02226 0.02447 0.02239 0.01849 0.01607 0.01824 0.01600 0.01299 0.01047 0.01155 0.01001 0.00743 0.00680 0.00621 0.00700 0.00484 0.00753 0.00518 0.00828 0.00749 0.01201 0.01098 0.01462
0.05321 0.05375 0.05337 0.05576 0.05676 0.05645 0.05372 0.05445 0.05599 0.05643 0.05176 0.05146 0.05296 0.05305 0.04804 0.04666 0.04822 0.04805 0.04346 0.04088 0.04295 0.04248 0.03824 0.03506 0.03731 0.03693 0.03287 0.02972 0.03248 0.03167 0.02814 0.02838 0.02916 0.02561 0.02301 0.02412 0.02502 0.02087 0.01853 0.01955 0.02098 0.01646 0.01374 0.01392 0.01562 0.01238 0.00815 0.00802 0.00964 0.00913 0.00324 0.00376 0.00669 0.00877 0.00441 0.00661 0.00865 0.01315 0.01293 0.01823
0.04358 0.04472 0.04505 0.04792 0.04762 0.04758 0.04704 0.04735 0.04561 0.04747 0.04744 0.04485 0.04311 0.04484 0.04462 0.04112 0.03946 0.04048 0.04044 0.03678 0.03535 0.03565 0.03541 0.03241 0.03104 0.03069 0.02988 0.02813 0.02947 0.02683 0.02456 0.02441 0.02550 0.02373 0.02051 0.01988 0.02176 0.02089 0.01773 0.01664 0.01893 0.01754 0.01411 0.01223 0.01498 0.01284 0.00923 0.00738 0.00932 0.00812 0.00488 0.00497 0.00607 0.00725 0.00563 0.00797 0.00763 0.01033 0.01008 0.01309
0.04095 0.04179 0.04169 0.04080 0.04005 0.04061 0.04208 0.04183 0.03960 0.03901 0.04110 0.04067 0.03758 0.03657 0.03817 0.03775 0.03444 0.03248 0.03443 0.03398 0.03079 0.02862 0.03037 0.02959 0.02685 0.02484 0.02636 0.02524 0.02273 0.02232 0.02331 0.02114 0.01955 0.02015 0.02039 0.01738 0.01687 0.01800 0.01942 0.01591 0.01472 0.01546 0.01703 0.01332 0.01119 0.01114 0.01228 0.00981 0.00585 0.00550 0.00759 0.00744 0.00328 0.00341 0.00709 0.00891 0.00781 0.01040 0.01297 0.01824
0.03253 0.03276 0.03302 0.03288 0.03272 0.03380 0.03349 0.03415 0.03411 0.03304 0.03219 0.03347 0.03309 0.03113 0.03002 0.03091 0.03057 0.02818 0.02676 0.02776 0.02747 0.02498 0.02429 0.02440 0.02383 0.02175 0.02078 0.02091 0.01879 0.01844 0.01955 0.01831 0.01679 0.01606 0.01629 0.01622 0.01481 0.01503 0.01675 0.01656 0.01415 0.01360 0.01606 0.01480 0.01150 0.01007 0.01201 0.01040 0.00564 0.00552 0.00762 0.00729 0.00446 0.00532 0.00666 0.00816 0.00793 0.01051 0.01056 0.01225
0.02801 0.02733 0.02724 0.02768 0.02824 0.02801 0.02725 0.02697 0.02836 0.02800 0.02647 0.02629 0.02716 0.02640 0.02475 0.02408 0.02487 0.02476 0.02239 0.02061 0.02221 0.02156 0.01985 0.01870 0.01930 0.01837 0.01711 0.01707 0.01676 0.01584 0.01481 0.01496 0.01505 0.01292 0.01207 0.01299 0.01453 0.01330 0.01349 0.01445 0.01611 0.01359 0.01306 0.01310 0.01449 0.01202 0.00945 0.00822 0.00950 0.00836 0.00510 0.00395 0.00690 0.00739 0.00531 0.00624 0.00913 0.01214 0.01323 0.01611
0.01969 0.01999 0.02006 0.02063 0.02089 0.02094 0.02097 0.02110 0.02089 0.02131 0.02124 0.02047 0.02007 0.02025 0.01992 0.01888 0.01844 0.01849 0.01837 0.01689 0.01662 0.01653 0.01593 0.01488 0.01457 0.01432 0.01383 0.01280 0.01326 0.01256 0.01160 0.01160 0.01114 0.01062 0.00940 0.00995 0.01181 0.01259 0.01205 0.01272 0.01498 0.01463 0.01243 0.01233 0.01495 0.01332 0.00829 0.00820 0.00966 0.00896 0.00408 0.00519 0.00726 0.00768 0.00688 0.00815 0.00911 0.01010 0.01014 0.01283
0.01560 0.01549 0.01558 0.01519 0.01477 0.01488 0.01546 0.01541 0.01478 0.01488 0.01547 0.01479 0.01422 0.01427 0.01446 0.01383 0.01305 0.01278 0.01308 0.01267 0.01166 0.01140 0.01157 0.01092 0.01029 0.01019 0.00997 0.00919 0.00872 0.00899 0.00841 0.00792 0.00752 0.00754 0.00744 0.00744 0.00891 0.01051 0.01222 0.01178 0.01240 0.01299 0.01432 0.01340 0.01275 0.01131 0.01175 0.01061 0.00831 0.00616 0.00805 0.00804 0.00558 0.00539 0.00784 0.00948 0.00907 0.01049 0.01168 0.01472
0.00849 0.00847 0.00854 0.00858 0.00866 0.00894 0.00900 0.00903 0.00907 0.00902 0.00890 0.00888 0.00876 0.00856 0.00841 0.00825 0.00802 0.00776 0.00769 0.00746 0.00718 0.00682 0.00685 0.00669 0.00629 0.00603 0.00596 0.00570 0.00542 0.00499 0.00520 0.00485 0.00454 0.00450 0.00442 0.00530 0.00679 0.00854 0.01094 0.01167 0.01132 0.01226 0.01524 0.01445 0.01134 0.01171 0.01295 0.01149 0.00572 0.00715 0.00905 0.00870 0.00630 0.00694 0.00852 0.00951 0.00963 0.01203 0.01249 0.01258
0.00316 0.00305 0.00297 0.00298 0.00308 0.00304 0.00294 0.00299 0.00312 0.00302 0.00290 0.00299 0.00300 0.00282 0.00274 0.00277 0.00276 0.00261 0.00247 0.00248 0.00248 0.00232 0.00222 0.00221 0.00217 0.00203 0.00195 0.00196 0.00184 0.00174 0.00177 0.00167 0.00166 0.00145 0.00141 0.00270 0.00507 0.00676 0.00861 0.01024 0.01174 0.01226 0.01300 0.01274 0.01387 0.01377 0.01187 0.00902 0.00983 0.00994 0.00782 0.00645 0.00826 0.00919 0.00758 0.00804 0.01006 0.01219 0.01356 0.01552
0.00000 0.00000 0.00000 0.00000 0.00000 0.00000 0.00000 0.00000 0.00000 0.00000 0.00000 0.00000 0.00000 0.00000 0.00000 0.00014 0.00041 0.00065 0.00088 0.00112 0.00136 0.00156 0.00169 0.00187 0.00206 0.00197 0.00169 0.00143 0.00123 0.00099 0.00076 0.00061 0.00041 0.00023 0.00007 0.00130 0.00392 0.00594 0.00740 0.00917 0.01205 0.01226 0.01131 0.01254 0.01530 0.01388 0.00859 0.00956 0.01095 0.01004 0.00597 0.00702 0.00923 0.00907 0.00883 0.00980 0.01064 0.01101 0.01108 0.01400
0.00000 0.00000 0.00000 0.00000 0.00000 0.00000 0.00000 0.00000 0.00000 0.00000 0.00000 0.00000 0.00000 0.00000 0.00000 0.00041 0.00118 0.00200 0.00274 0.00335 0.00391 0.00466 0.00529 0.00561 0.00621 0.00603 0.00518 0.00431 0.00367 0.00303 0.00225 0.00171 0.00122 0.00071 0.00022 0.00115 0.00339 0.00543 0.00706 0.00844 0.00983 0.01051 0.01133 0.01249 0.01272 0.01057 0.01061 0.01090 0.00921 0.00716 0.00812 0.00888 0.00701 0.00676 0.00839 0.00962 0.00935 0.00971 0.01032 0.01152
0.00000 0.00000 0.00000 0.00000 0.00000 0.00000 0.00000 0.00000 0.00000 0.00000 0.00000 0.00000 0.00000 0.00000 0.00000 0.00067 0.00202 0.00341 0.00466 0.00541 0.00663 0.00782 0.00878 0.00952 0.01026 0.01012 0.00866 0.00729 0.00614 0.00496 0.00402 0.00299 0.00200 0.00117 0.00038 0.00108 0.00297 0.00477 0.00699 0.00788 0.00816 0.00945 0.01198 0.01159 0.00935 0.01018 0.01139 0.00985 0.00613 0.00681 0.00873 0.00800 0.00671 0.00699 0.00801 0.00880 0.00909 0.01096 0.01132 0.01013
0.00000 0.00000 0.00000 0.00000 0.00000 0.00000 0.00000 0.00000 0.00000 0.00000 0.00000 0.00000 0.00000 0.00000 0.00000 0.00100 0.00294 0.00466 0.00624 0.00808 0.00954 0.01091 0.01245 0.01360 0.01468 0.01400 0.01243 0.01053 0.00853 0.00699 0.00586 0.00425 0.00288 0.00159 0.00054 0.00096 0.00269 0.00410 0.00570 0.00684 0.00768 0.00895 0.00962 0.00907 0.00967 0.01065 0.00943 0.00716 0.00739 0.00821 0.00679 0.00592 0.00688 0.00764 0.00646 0.00655 0.00779 0.00874 0.00930 0.00975
0.00000 0.00000 0.00000 0.00000 0.00000 0.00000 0.00000 0.00000 0.00000 0.00000 0.00000 0.00000 0.00000 0.00000 0.00000 0.00132 0.00386 0.00580 0.00814 0.01068 0.01256 0.01388 0.01583 0.01784 0.01874 0.01816 0.01598 0.01374 0.01136 0.00935 0.00732 0.00546 0.00379 0.00222 0.00068 0.00080 0.00245 0.00375 0.00463 0.00575 0.00774 0.00792 0.00711 0.00810 0.01016 0.00919 0.00624 0.00646 0.00792 0.00697 0.00515 0.00542 0.00660 0.00667 0.00661 0.00677 0.00707 0.00763 0.00780 0.00991
0.00000 0.00000 0.00000 0.00000 0.00000 0.00000 0.00000 0.00000 0.00000 0.00000 0.00000 0.00000 0.00000 0.00000 0.00000 0.00157 0.00449 0.00753 0.01039 0.01298 0.01531 0.01760 0.01962 0.02158 0.02392 0.02273 0.01943 0.01659 0.01446 0.01161 0.00885 0.00660 0.00481 0.00275 0.00086 0.00064 0.00197 0.00312 0.00400 0.00497 0.00591 0.00607 0.00656 0.00772 0.00788 0.00641 0.00631 0.00702 0.00610 0.00483 0.00532 0.00597 0.00480 0.00475 0.00565 0.00620 0.00561 0.00557 0.00620 0.00658
0.00000 0.00000 0.00000 0.00000 0.00000 0.00000 0.00000 0.00000 0.00000 0.00000 0.00000 0.00000 0.00000 0.00000 0.00000 0.00178 0.00537 0.00933 0.01263 0.01471 0.01819 0.02148 0.02314 0.02560 0.02842 0.02760 0.02297 0.01989 0.01704 0.01371 0.01085 0.00839 0.00563 0.00317 0.00105 0.00055 0.00151 0.00236 0.00353 0.00413 0.00407 0.00479 0.00628 0.00624 0.00504 0.00529 0.00627 0.00550 0.00394 0.00400 0.00499 0.00467 0.00415 0.00411 0.00447 0.00512 0.00526 0.00559 0.00560 0.00520
0.00000 0.00000 0.00000 0.00000 0.00000 0.00000 0.00000 0.00000 0.00000 0.00000 0.00000 0.00000 0.00000 0.00000 0.00000 0.00218 0.00656 0.01069 0.01395 0.01769 0.02122 0.02466 0.02813 0.03006 0.03224 0.03153 0.02821 0.02339 0.01923 0.01577 0.01320 0.00977 0.00647 0.00360 0.00125 0.00040 0.00108 0.00168 0.00245 0.00287 0.00316 0.00392 0.00423 0.00382 0.00415 0.00482 0.00426 0.00325 0.00343 0.00384 0.00316 0.00287 0.00346 0.00356 0.00286 0.00312 0.00391 0.00408 0.00366 0.00341
0.00000 0.00000 0.00000 0.00000 0.00000 0.00000 0.00000 0.00000 0.00000 0.00000 0.00000 0.00000 0.00000 0.00000 0.00000 0.00261 0.00757 0.01128 0.01617 0.02118 0.02418 0.02766 0.03226 0.03507 0.03639 0.03600 0.03223 0.02723 0.02209 0.01867 0.01496 0.01080 0.00748 0.00452 0.00141 0.00023 0.00069 0.00113 0.00138 0.00167 0.00228 0.00245 0.00215 0.00240 0.00311 0.00292 0.00208 0.00207 0.00253 0.00230 0.00183 0.00189 0.00212 0.00224 0.00223 0.00210 0.00209 0.00246 0.00251 0.00292
0.00000 0.00000 0.00000 0.00000 0.00000 0.00000 0.00000 0.00000 0.00000 0.00000 0.00000 0.00000 0.00000 0.00000 0.00000 0.00288 0.00789 0.01304 0.01873 0.02377 0.02799 0.03136 0.03496 0.03930 0.04362 0.04070 0.03488 0.03024 0.02645 0.02110 0.01619 0.01209 0.00891 0.00512 0.00154 0.00007 0.00024 0.00038 0.00046 0.00057 0.00072 0.00073 0.00078 0.00099 0.00099 0.00079 0.00082 0.00093 0.00078 0.00064 0.00078 0.00076 0.00054 0.00066 0.00085 0.00084 0.00064 0.00068 0.00089 0.00093
0.00000 0.00000 0.00000 0.00000 0.00000 0.00000 0.00000 0.00000 0.00000 0.00000 0.00000 0.00000 0.00000 0.00000 0.00000 0.00268 0.00809 0.01414 0.01839 0.02260 0.02906 0.03244 0.03491 0.03944 0.04421 0.04206 0.03501 0.03066 0.02670 0.02115 0.01635 0.01298 0.00902 0.00486 0.00157 0.00000 0.00000 0.00000 0.00000 0.00000 0.00000 0.00000 0.00000 0.00000 0.00000 0.00000 0.00000 0.00000 0.00000 0.00000 0.00000 0.00000 0.00000 0.00000 0.00000 0.00000 0.00000 0.00000 0.00000 0.00000
0.00000 0.00000 0.00000 0.00000 0.00000 0.00000 0.00000 0.00000 0.00000 0.00000 0.00000 0.00000 0.00000 0.00000 0.00000 0.00245 0.00775 0.01304 0.01643 0.02060 0.02469 0.02950 0.03355 0.03553 0.03762 0.03773 0.03360 0.02763 0.02274 0.01891 0.01593 0.01173 0.00768 0.00435 0.00153 0.00000 0.00000 0.00000 0.00000 0.00000 0.00000 0.00000 0.00000 0.00000 0.00000 0.00000 0.00000 0.00000 0.00000 0.00000 0.00000 0.00000 0.00000 0.00000 0.00000 0.00000 0.00000 0.00000 0.00000 0.00000
0.00000 0.00000 0.00000 0.00000 0.00000 0.00000 0.00000 0.00000 0.00000 0.00000 0.00000 0.00000 0.00000 0.00000 0.00000 0.00234 0.00686 0.01052 0.01571 0.01885 0.02178 0.02600 0.03024 0.03203 0.03377 0.03323 0.03002 0.02497 0.02029 0.01737 0.01414 0.01000 0.00681 0.00424 0.00137 0.00000 0.00000 0.00000 0.00000 0.00000 0.00000 0.00000 0.00000 0.00000 0.00000 0.00000 0.00000 0.00000 0.00000 0.00000 0.00000 0.00000 0.00000 0.00000 0.00000 0.00000 0.00000 0.00000 0.00000 0.00000
0.00000 0.00000 0.00000 0.00000 0.00000 0.00000 0.00000 0.00000 0.00000 0.00000 0.00000 0.00000 0.00000 0.00000 0.00000 0.00205 0.00549 0.00925 0.01304 0.01670 0.02053 0.02251 0.02458 0.02827 0.03110 0.02893 0.02474 0.02182 0.01902 0.01499 0.01150 0.00878 0.00653 0.00368 0.00110 0.00000 0.00000 0.00000 0.00000 0.00000 0.00000 0.00000 0.00000 0.00000 0.00000 0.00000 0.00000 0.00000 0.00000 0.00000 0.00000 0.00000 0.00000 0.00000 0.00000 0.00000 0.00000 0.00000 0.00000 0.00000
0.00000 0.00000 0.00000 0.00000 0.00000 0.00000 0.00000 0.00000 0.00000 0.00000 0.00000 0.00000 0.00000 0.00000 0.00000 0.00163 0.00480 0.00807 0.01095 0.01443 0.01755 0.01923 0.02105 0.02379 0.02667 0.02520 0.02128 0.01861 0.01622 0.01269 0.00990 0.00793 0.00550 0.00294 0.00093 0.00000 0.00000 0.00000 0.00000 0.00000 0.00000 0.00000 0.00000 0.00000 0.00000 0.00000 0.00000 0.00000 0.00000 0.00000 0.00000 0.00000 0.00000 0.00000 0.00000 0.00000 0.00000 0.00000 0.00000 0.00000
0.00000 0.00000 0.00000 0.00000 0.00000 0.00000 0.00000 0.00000 0.00000 0.00000 0.00000 0.00000 0.00000 0.00000 0.00000 0.00138 0.00427 0.00650 0.00893 0.01188 0.01362 0.01592 0.01837 0.01955 0.02082 0.02092 0.01861 0.01517 0.01248 0.01060 0.00886 0.00636 0.00422 0.00246 0.00086 0.00000 0.00000 0.00000 0.00000 0.00000 0.00000 0.00000 0.00000 0.00000 0.00000 0.00000 0.00000 0.00000 0.00000 0.00000 0.00000 0.00000 0.00000 0.00000 0.00000 0.00000 0.00000 0.00000 0.00000 0.00000
0.00000 0.00000 0.00000 0.00000 0.00000 0.00000 0.00000 0.00000 0.00000 0.00000 0.00000 0.00000 0.00000 0.00000 0.00000 0.00111 0.00321 0.00507 0.00763 0.00923 0.01051 0.01237 0.01459 0.01564 0.01640 0.01619 0.01458 0.01206 0.00991 0.00851 0.00688 0.00487 0.00332 0.00208 0.00068 0.00000 0.00000 0.00000 0.00000 0.00000 0.00000 0.00000 0.00000 0.00000 0.00000 0.00000 0.00000 0.00000 0.00000 0.00000 0.00000 0.00000 0.00000 0.00000 0.00000 0.00000 0.00000 0.00000 0.00000 0.00000
0.00000 0.00000 0.00000 0.00000 0.00000 0.00000 0.00000 0.00000 0.00000 0.00000 0.00000 0.00000 0.00000 0.00000 0.00000 0.00074 0.00220 0.00396 0.00541 0.00625 0.00763 0.00911 0.01012 0.01112 0.01241 0.01162 0.00992 0.00880 0.00766 0.00596 0.00460 0.00358 0.00261 0.00147 0.00045 0.00000 0.00000 0.00000 0.00000 0.00000 0.00000 0.00000 0.00000 0.00000 0.00000 0.00000 0.00000 0.00000 0.00000 0.00000 0.00000 0.00000 0.00000 0.00000 0.00000 0.00000 0.00000 0.00000 0.00000 0.00000
0.00000 0.00000 0.00000 0.00000 0.00000 0.00000 0.00000 0.00000 0.00000 0.00000 0.00000 0.00000 0.00000 0.00000 0.00000 0.00046 0.00142 0.00234 0.00304 0.00374 0.00494 0.00566 0.00590 0.00655 0.00757 0.00723 0.00605 0.00530 0.00462 0.00361 0.00282 0.00224 0.00159 0.00086 0.00027 0.00000 0.00000 0.00000 0.00000 0.00000 0.00000 0.00000 0.00000 0.00000 0.00000 0.00000 0.00000 0.00000 0.00000 0.00000 0.00000 0.00000 0.00000 0.00000 0.00000 0.00000 0.00000 0.00000 0.00000 0.00000
0.00000 0.00000 0.00000 0.00000 0.00000 0.00000 0.00000 0.00000 0.00000 0.00000 0.00000 0.00000 0.00000 0.00000 0.00000 0.00017 0.00049 0.00073 0.00100 0.00137 0.00164 0.00174 0.00201 0.00229 0.00248 0.00240 0.00213 0.00177 0.00146 0.00123 0.00102 0.00074 0.00050 0.00029 0.00010 0.00000 0.00000 0.00000 0.00000 0.00000 0.00000 0.00000 0.00000 0.00000 0.00000 0.00000 0.00000 0.00000 0.00000 0.00000 0.00000 0.00000 0.00000 0.00000 0.00000 0.00000 0.00000 0.00000 0.00000 0.00000
0.00000 0.00000 0.00000 0.00000 0.00000 0.00000 0.00000 0.00000 0.00000 0.00000 0.00000 0.00000 0.00000 0.00000 0.00000 0.00000 0.00000 0.00000 0.00000 0.00000 0.00000 0.00000 0.00000 0.00000 0.00000 0.00000 0.00000 0.00000 0.00000 0.00000 0.00000 0.00000 0.00000 0.00000 0.00000 0.00000 0.00000 0.00000 0.00000 0.00000 0.00000 0.00000 0.00000 0.00000 0.00000 0.00000 0.00000 0.00000 0.00000 0.00000 0.00000 0.00000 0.00000 0.00000 0.00000 0.00000 0.00000 0.00000 0.00000 0.00000
0.00000 0.00000 0.00000 0.00000 0.00000 0.00000 0.00000 0.00000 0.00000 0.00000 0.00000 0.00000 0.00000 0.00000 0.00000 0.00000 0.00000 0.00000 0.00000 0.00000 0.00000 0.00000 0.00000 0.00000 0.00000 0.00000 0.00000 0.00000 0.00000 0.00000 0.00000 0.00000 0.00000 0.00000 0.00000 0.00000 0.00000 0.00000 0.00000 0.00000 0.00000 0.00000 0.00000 0.00000 0.00000 0.00000 0.00000 0.00000 0.00000 0.00000 0.00000 0.00000 0.00000 0.00000 0.00000 0.00000 0.00000 0.00000 0.00000 0.00000
0.00000 0.00000 0.00000 0.00000 0.00000 0.00000 0.00000 0.00000 0.00000 0.00000 0.00000 0.00000 0.00000 0.00000 0.00000 0.00000 0.00000 0.00000 0.00000 0.00000 0.00000 0.00000 0.00000 0.00000 0.00000 0.00000 0.00000 0.00000 0.00000 0.00000 0.00000 0.00000 0.00000 0.00000 0.00000 0.00000 0.00000 0.00000 0.00000 0.00000 0.00000 0.00000 0.00000 0.00000 0.00000 0.00000 0.00000 0.00000 0.00000 0.00000 0.00000 0.00000 0.00000 0.00000 0.00000 0.00000 0.00000 0.00000 0.00000 0.00000
0.00000 0.00000 0.00000 0.00000 0.00000 0.00000 0.00000 0.00000 0.00000 0.00000 0.00000 0.00000 0.00000 0.00000 0.00000 0.00000 0.00000 0.00000 0.00000 0.00000 0.00000 0.00000 0.00000 0.00000 0.00000 0.00000 0.00000 0.00000 0.00000 0.00000 0.00000 0.00000 0.00000 0.00000 0.00000 0.00000 0.00000 0.00000 0.00000 0.00000 0.00000 0.00000 0.00000 0.00000 0.00000 0.00000 0.00000 0.00000 0.00000 0.00000 0.00000 0.00000 0.00000 0.00000 0.00000 0.00000 0.00000 0.00000 0.00000 0.00000
0.00000 0.00000 0.00000 0.00000 0.00000 0.00000 0.00000 0.00000 0.00000 0.00000 0.00000 0.00000 0.00000 0.00000 0.00000 0.00000 0.00000 0.00000 0.00000 0.00000 0.00000 0.00000 0.00000 0.00000 0.00000 0.00000 0.00000 0.00000 0.00000 0.00000 0.00000 0.00000 0.00000 0.00000 0.00000 0.00000 0.00000 0.00000 0.00000 0.00000 0.00000 0.00000 0.00000 0.00000 0.00000 0.00000 0.00000 0.00000 0.00000 0.00000 0.00000 0.00000 0.00000 0.00000 0.00000 0.00000 0.00000 0.00000 0.00000 0.00000
0.00000 0.00000 0.00000 0.00000 0.00000 0.00000 0.00000 0.00000 0.00000 0.00000 0.00000 0.00000 0.00000 0.00000 0.00000 0.00000 0.00000 0.00000 0.00000 0.00000 0.00000 0.00000 0.00000 0.00000 0.00000 0.00000 0.00000 0.00000 0.00000 0.00000 0.00000 0.00000 0.00000 0.00000 0.00000 0.00000 0.00000 0.00000 0.00000 0.00000 0.00000 0.00000 0.00000 0.00000 0.00000 0.00000 0.00000 0.00000 0.00000 0.00000 0.00000 0.00000 0.00000 0.00000 0.00000 0.00000 0.00000 0.00000 0.00000 0.00000
0.00000 0.00000 0.00000 0.00000 0.00000 0.00000 0.00000 0.00000 0.00000 0.00000 0.00000 0.00000 0.00000 0.00000 0.00000 0.00000 0.00000 0.00000 0.00000 0.00000 0.00000 0.00000 0.00000 0.00000 0.00000 0.00000 0.00000 0.00000 0.00000 0.00000 0.00000 0.00000 0.00000 0.00000 0.00000 0.00000 0.00000 0.00000 0.00000 0.00000 0.00000 0.00000 0.00000 0.00000 0.00000 0.00000 0.00000 0.00000 0.00000 0.00000 0.00000 0.00000 0.00000 0.00000 0.00000 0.00000 0.00000 0.00000 0.00000 0.00000
0.00000 0.00000 0.00000 0.00000 0.00000 0.00000 0.00000 0.00000 0.00000 0.00000 0.00000 0.00000 0.00000 0.00000 0.00000 0.00000 0.00000 0.00000 0.00000 0.00000 0.00000 0.00000 0.00000 0.00000 0.00000 0.00000 0.00000 0.00000 0.00000 0.00000 0.00000 0.00000 0.00000 0.00000 0.00000 0.00000 0.00000 0.00000 0.00000 0.00000 0.00000 0.00000 0.00000 0.00000 0.00000 0.00000 0.00000 0.00000 0.00000 0.00000 0.00000 0.00000 0.00000 0.00000 0.00000 0.00000 0.00000 0.00000 0.00000 0.00000
0.00000 0.00000 0.00000 0.00000 0.00000 0.00000 0.00000 0.00000 0.00000 0.00000 0.00000 0.00000 0.00000 0.00000 0.00000 0.00000 0.00000 0.00000 0.00000 0.00000 0.00000 0.00000 0.00000 0.00000 0.00000 0.00000 0.00000 0.00000 0.00000 0.00000 0.00000 0.00000 0.00000 0.00000 0.00000 0.00000 0.00000 0.00000 0.00000 0.00000 0.00000 0.00000 0.00000 0.00000 0.00000 0.00000 0.00000 0.00000 0.00000 0.00000 0.00000 0.00000 0.00000 0.00000 0.00000 0.00000 0.00000 0.00000 0.00000 0.00000
0.00000 0.00000 0.00000 0.00000 0.00000 0.00000 0.00000 0.00000 0.00000 0.00000 0.00000 0.00000 0.00000 0.00000 0.00000 0.00000 0.00000 0.00000 0.00000 0.00000 0.00000 0.00000 0.00000 0.00000 0.00000 0.00000 0.00000 0.00000 0.00000 0.00000 0.00000 0.00000 0.00000 0.00000 0.00000 0.00000 0.00000 0.00000 0.00000 0.00000 0.00000 0.00000 0.00000 0.00000 0.00000 0.00000 0.00000 0.00000 0.00000 0.00000 0.00000 0.00000 0.00000 0.00000 0.00000 0.00000 0.00000 0.00000 0.00000 0.00000
0.00000 0.00000 0.00000 0.00000 0.00000 0.00000 0.00000 0.00000 0.00000 0.00000 0.00000 0.00000 0.00000 0.00000 0.00000 0.00000 0.00000 0.00000 0.00000 0.00000 0.00000 0.00000 0.00000 0.00000 0.00000 0.00000 0.00000 0.00000 0.00000 0.00000 0.00000 0.00000 0.00000 0.00000 0.00000 0.00000 0.00000 0.00000 0.00000 0.00000 0.00000 0.00000 0.00000 0.00000 0.00000 0.00000 0.00000 0.00000 0.00000 0.00000 0.00000 0.00000 0.00000 0.00000 0.00000 0.00000 0.00000 0.00000 0.00000 0.00000
0.00000 0.00000 0.00000 0.00000 0.00000 0.00000 0.00000 0.00000 0.00000 0.00000 0.00000 0.00000 0.00000 0.00000 0.00000 0.00000 0.00000 0.00000 0.00000 0.00000 0.00000 0.00000 0.00000 0.00000 0.00000 0.00000 0.00000 0.00000 0.00000 0.00000 0.00000 0.00000 0.00000 0.00000 0.00000 0.00000 0.00000 0.00000 0.00000 0.00000 0.00000 0.00000 0.00000 0.00000 0.00000 0.00000 0.00000 0.00000 0.00000 0.00000 0.00000 0.00000 0.00000 0.00000 0.00000 0.00000 0.00000 0.00000 0.00000 0.00000
0.00000 0.00000 0.00000 0.00000 0.00000 0.00000 0.00000 0.00000 0.00000 0.00000 0.00000 0.00000 0.00000 0.00000 0.00000 0.00000 0.00000 0.00000 0.00000 0.00000 0.00000 0.00000 0.00000 0.00000 0.00000 0.00000 0.00000 0.00000 0.00000 0.00000 0.00000 0.00000 0.00000 0.00000 0.00000 0.00000 0.00000 0.00000 0.00000 0.00000 0.00000 0.00000 0.00000 0.00000 0.00000 0.00000 0.00000 0.00000 0.00000 0.00000 0.00000 0.00000 0.00000 0.00000 0.00000 0.00000 0.00000 0.00000 0.00000 0.00000
0.00000 0.00000 0.00000 0.00000 0.00000 0.00000 0.00000 0.00000 0.00000 0.00000 0.00000 0.00000 0.00000 0.00000 0.00000 0.00000 0.00000 0.00000 0.00000 0.00000 0.00000 0.00000 0.00000 0.00000 0.00000 0.00000 0.00000 0.00000 0.00000 0.00000 0.00000 0.00000 0.00000 0.00000 0.00000 0.00000 0.00000 0.00000 0.00000 0.00000 0.00000 0.00000 0.00000 0.00000 0.00000 0.00000 0.00000 0.00000 0.00000 0.00000 0.00000 0.00000 0.00000 0.00000 0.00000 0.00000 0.00000 0.00000 0.00000 0.00000
0.00000 0.00000 0.00000 0.00000 0.00000 0.00000 0.00000 0.00000 0.00000 0.00000 0.00000 0.00000 0.00000 0.00000 0.00000 0.00000 0.00000 0.00000 0.00000 0.00000 0.00000 0.00000 0.00000 0.00000 0.00000 0.00000 0.00000 0.00000 0.00000 0.00000 0.00000 0.00000 0.00000 0.00000 0.00000 0.00000 0.00000 0.00000 0.00000 0.00000 0.00000 0.00000 0.00000 0.00000 0.00000 0.00000 0.00000 0.00000 0.00000 0.00000 0.00000 0.00000 0.00000 0.00000 0.00000 0.00000 0.00000 0.00000 0.00000 0.00000
0.00000 0.00000 0.00000 0.00000 0.00000 0.00000 0.00000 0.00000 0.00000 0.00000 0.00000 0.00000 0.00000 0.00000 0.00000 0.00000 0.00000 0.00000 0.00000 0.00000 0.00000 0.00000 0.00000 0.00000 0.00000 0.00000 0.00000 0.00000 0.00000 0.00000 0.00000 0.00000 0.00000 0.00000 0.00000 0.00000 0.00000 0.00000 0.00000 0.00000 0.00000 0.00000 0.00000 0.00000 0.00000 0.00000 0.00000 0.00000 0.00000 0.00000 0.00000 0.00000 0.00000 0.00000 0.00000 0.00000 0.00000 0.00000 0.00000 0.00000
0.00000 0.00000 0.00000 0.00000 0.00000 0.00000 0.00000 0.00000 0.00000 0.00000 0.00000 0.00000 0.00000 0.00000 0.00000 0.00000 0.00000 0.00000 0.00000 0.00000 0.00000 0.00000 0.00000 0.00000 0.00000 0.00000 0.00000 0.00000 0.00000 0.00000 0.00000 0.00000 0.00000 0.00000 0.00000 0.00000 0.00000 0.00000 0.00000 0.00000 0.00000 0.00000 0.00000 0.00000 0.00000 0.00000 0.00000 0.00000 0.00000 0.00000 0.00000 0.00000 0.00000 0.00000 0.00000 0.00000 0.00000 0.00000 0.00000 0.00000
0.00000 0.00000 0.00000 0.00000 0.00000 0.00000 0.00000 0.00000 0.00000 0.00000 0.00000 0.00000 0.00000 0.00000 0.00000 0.00000 0.00000 0.00000 0.00000 0.00000 0.00000 0.00000 0.00000 0.00000 0.00000 0.00000 0.00000 0.00000 0.00000 0.00000 0.00000 0.00000 0.00000 0.00000 0.00000 0.00000 0.00000 0.00000 0.00000 0.00000 0.00000 0.00000 0.00000 0.00000 0.00000 0.00000 0.00000 0.00000 0.00000 0.00000 0.00000 0.00000 0.00000 0.00000 0.00000 0.00000 0.00000 0.00000 0.00000 0.00000
0.00000 0.00000 0.00000 0.00000 0.00000 0.00000 0.00000 0.00000 0.00000 0.00000 0.00000 0.00000 0.00000 0.00000 0.00000 0.00000 0.00000 0.00000 0.00000 0.00000 0.00000 0.00000 0.00000 0.00000 0.00000 0.00000 0.00000 0.00000 0.00000 0.00000 0.00000 0.00000 0.00000 0.00000 0.00000 0.00000 0.00000 0.00000 0.00000 0.00000 0.00000 0.00000 0.00000 0.00000 0.00000 0.00000 0.00000 0.00000 0.00000 0.00000 0.00000 0.00000 0.00000 0.00000 0.00000 0.00000 0.00000 0.00000 0.00000 0.00000
0.00000 0.00000 0.00000 0.00000 0.00000 0.00000 0.00000 0.00000 0.00000 0.00000 0.00000 0.00000 0.00000 0.00000 0.00000 0.00000 0.00000 0.00000 0.00000 0.00000 0.00000 0.00000 0.00000 0.00000 0.00000 0.00000 0.00000 0.00000 0.00000 0.00000 0.00000 0.00000 0.00000 0.00000 0.00000 0.00000 0.00000 0.00000 0.00000 0.00000 0.00000 0.00000 0.00000 0.00000 0.00000 0.00000 0.00000 0.00000 0.00000 0.00000 0.00000 0.00000 0.00000 0.00000 0.00000 0.00000 0.00000 0.00000 0.00000 0.00000
0.00000 0.00000 0.00000 0.00000 0.00000 0.00000 0.00000 0.00000 0.00000 0.00000 0.00000 0.00000 0.00000 0.00000 0.00000 0.00000 0.00000 0.00000 0.00000 0.00000 0.00000 0.00000 0.00000 0.00000 0.00000 0.00000 0.00000 0.00000 0.00000 0.00000 0.00000 0.00000 0.00000 0.00000 0.00000 0.00000 0.00000 0.00000 0.00000 0.00000 0.00000 0.00000 0.00000 0.00000 0.00000 0.00000 0.00000 0.00000 0.00000 0.00000 0.00000 0.00000 0.00000 0.00000 0.00000 0.00000 0.00000 0.00000 0.00000 0.00000
0.00000 0.00000 0.00000 0.00000 0.00000 0.00000 0.00000 0.00000 0.00000 0.00000 0.00000 0.00000 0.00000 0.00000 0.00000 0.00000 0.00000 0.00000 0.00000 0.00000 0.00000 0.00000 0.00000 0.00000 0.00000 0.00000 0.00000 0.00000 0.00000 0.00000 0.00000 0.00000 0.00000 0.00000 0.00000 0.00000 0.00000 0.00000 0.00000 0.00000 0.00000 0.00000 0.00000 0.00000 0.00000 0.00000 0.00000 0.00000 0.00000 0.00000 0.00000 0.00000 0.00000 0.00000 0.00000 0.00000 0.00000 0.00000 0.00000 0.00000
0.00000 0.00000 0.00000 0.00000 0.00000 0.00000 0.00000 0.00000 0.00000 0.00000 0.00000 0.00000 0.00000 0.00000 0.00000 0.00000 0.00000 0.00000 0.00000 0.00000 0.00000 0.00000 0.00000 0.00000 0.00000 0.00000 0.00000 0.00000 0.00000 0.00000 0.00000 0.00000 0.00000 0.00000 0.00000 0.00000 0.00000 0.00000 0.00000 0.00000 0.00000 0.00000 0.00000 0.00000 0.00000 0.00000 0.00000 0.00000 0.00000 0.00000 0.00000 0.00000 0.00000 0.00000 0.00000 0.00000 0.00000 0.00000 0.00000 0.00000
0.00000 0.00000 0.00000 0.00000 0.00000 0.00000 0.00000 0.00000 0.00000 0.00000 0.00000 0.00000 0.00000 0.00000 0.00000 0.00000 0.00000 0.00000 0.00000 0.00000 0.00000 0.00000 0.00000 0.00000 0.00000 0.00000 0.00000 0.00000 0.00000 0.00000 0.00000 0.00000 0.00000 0.00000 0.00000 0.00000 0.00000 0.00000 0.00000 0.00000 0.00000 0.00000 0.00000 0.00000 0.00000 0.00000 0.00000 0.00000 0.00000 0.00000 0.00000 0.00000 0.00000 0.00000 0.00000 0.00000 0.00000 0.00000 0.00000 0.00000
0.00000 0.00000 0.00000 0.00000 0.00000 0.00000 0.00000 0.00000 0.00000 0.00000 0.00000 0.00000 0.00000 0.00000 0.00000 0.00000 0.00000 0.00000 0.00000 0.00000 0.00000 0.00000 0.00000 0.00000 0.00000 0.00000 0.00000 0.00000 0.00000 0.00000 0.00000 0.00000 0.00000 0.00000 0.00000 0.00000 0.00000 0.00000 0.00000 0.00000 0.00000 0.00000 0.00000 0.00000 0.00000 0.00000 0.00000 0.00000 0.00000 0.00000 0.00000 0.00000 0.00000 0.00000 0.00000 0.00000 0.00000 0.00000 0.00000 0.00000
