0.21207 0.25193 0.29046 0.32943 0.36826 0.36992 0.33167 0.29102 0.25342 0.21406 0.17590 0.13586 0.09752 0.05852 0.01949 0.00000 0.00000 0.00000 0.00000 0.00000 0.00000 0.00000 0.00000 0.00000 0.00000 0.00000 0.00000 0.00000 0.00000 0.00000 0.00000 0.00000 0.00000 0.00000 0.00000 0.01947 0.05847 0.09714 0.13586 0.17576 0.21460 0.25309 0.29224 0.33236 0.37164 0.40561 0.43726 0.47095 0.50043 0.53281 0.56341 0.59616 0.62621 0.65974 0.69015 0.68871 0.65747 0.62523 0.59372 0.56078
0.25137 0.29819 0.34417 0.39118 0.43635 0.43713 0.39194 0.34612 0.30002 0.25319 0.20774 0.16158 0.11556 0.06914 0.02305 0.00000 0.00000 0.00000 0.00000 0.00000 0.00000 0.00000 0.00000 0.00000 0.00000 0.00000 0.00000 0.00000 0.00000 0.00000 0.00000 0.00000 0.00000 0.00000 0.00000 0.02304 0.06919 0.11552 0.16137 0.20762 0.25411 0.30010 0.34588 0.39308 0.43973 0.47357 0.49794 0.52451 0.54957 0.57190 0.59619 0.62241 0.64802 0.67088 0.69559 0.69546 0.67117 0.64520 0.62083 0.59539
0.29021 0.34384 0.39646 0.45209 0.50509 0.50366 0.45157 0.40004 0.34695 0.29174 0.23960 0.18679 0.13349 0.07970 0.02657 0.00000 0.00000 0.00000 0.00000 0.00000 0.00000 0.00000 0.00000 0.00000 0.00000 0.00000 0.00000 0.00000 0.00000 0.00000 0.00000 0.00000 0.00000 0.00000 0.00000 0.02655 0.07977 0.13373 0.18668 0.23939 0.29255 0.34704 0.40066 0.45252 0.50639 0.54271 0.55902 0.57695 0.59570 0.61172 0.62744 0.64855 0.66579 0.68084 0.69824 0.70007 0.68199 0.66123 0.64423 0.62634
0.33088 0.39086 0.45035 0.51304 0.57387 0.57338 0.51233 0.45350 0.39328 0.33237 0.27213 0.21166 0.15134 0.09073 0.03023 0.00000 0.00000 0.00000 0.00000 0.00000 0.00000 0.00000 0.00000 0.00000 0.00000 0.00000 0.00000 0.00000 0.00000 0.00000 0.00000 0.00000 0.00000 0.00000 0.00000 0.03024 0.09070 0.15132 0.21210 0.27208 0.33176 0.39426 0.45529 0.51313 0.57350 0.61267 0.62351 0.62967 0.64130 0.65295 0.66501 0.67279 0.68358 0.69406 0.70537 0.70445 0.69435 0.68323 0.67092 0.65935
0.36893 0.43772 0.50511 0.57295 0.63996 0.64232 0.57487 0.50598 0.43916 0.37282 0.30484 0.23635 0.16893 0.10189 0.03390 0.00000 0.00000 0.00000 0.00000 0.00000 0.00000 0.00000 0.00000 0.00000 0.00000 0.00000 0.00000 0.00000 0.00000 0.00000 0.00000 0.00000 0.00000 0.00000 0.00000 0.03397 0.10182 0.16892 0.23625 0.30490 0.37295 0.43979 0.50729 0.57504 0.64287 0.67872 0.68360 0.68470 0.68709 0.69318 0.69800 0.69737 0.69975 0.70699 0.71034 0.70665 0.70310 0.70014 0.69645 0.69073
0.37068 0.43913 0.50681 0.57302 0.64017 0.64366 0.57517 0.50669 0.43980 0.37297 0.30480 0.23666 0.16940 0.10173 0.03390 0.00000 0.00000 0.00000 0.00000 0.00000 0.00000 0.00000 0.00000 0.00000 0.00000 0.00000 0.00000 0.00000 0.00000 0.00000 0.00000 0.00000 0.00000 0.00000 0.00000 0.03389 0.10184 0.16914 0.23622 0.30547 0.37359 0.43947 0.50649 0.57802 0.64567 0.67692 0.68135 0.68743 0.69155 0.69155 0.69607 0.69948 0.70366 0.70643 0.71087 0.70982 0.70423 0.70087 0.69992 0.69717
0.33188 0.39288 0.45269 0.51369 0.57526 0.57594 0.51441 0.45471 0.39422 0.33295 0.27271 0.21305 0.15191 0.09087 0.03028 0.00000 0.00000 0.00000 0.00000 0.00000 0.00000 0.00000 0.00000 0.00000 0.00000 0.00000 0.00000 0.00000 0.00000 0.00000 0.00000 0.00000 0.00000 0.00000 0.00000 0.03025 0.09072 0.15194 0.21296 0.27298 0.33293 0.39388 0.45553 0.51634 0.57679 0.61083 0.62177 0.63437 0.64637 0.65288 0.66283 0.67697 0.68790 0.69447 0.70469 0.70719 0.69652 0.68267 0.67223 0.66132
0.29280 0.34625 0.39983 0.45503 0.50767 0.50632 0.45429 0.40236 0.34746 0.29371 0.24139 0.18804 0.13386 0.08012 0.02680 0.00000 0.00000 0.00000 0.00000 0.00000 0.00000 0.00000 0.00000 0.00000 0.00000 0.00000 0.00000 0.00000 0.00000 0.00000 0.00000 0.00000 0.00000 0.00000 0.00000 0.02672 0.08004 0.13409 0.18791 0.24050 0.29322 0.34922 0.40279 0.45362 0.50733 0.54598 0.56346 0.57796 0.59725 0.61624 0.63334 0.64993 0.66957 0.68615 0.70201 0.70270 0.68792 0.66901 0.64914 0.63037
0.25393 0.30046 0.34767 0.39497 0.43999 0.43945 0.39437 0.34822 0.30163 0.25569 0.20913 0.16220 0.11595 0.06996 0.02330 0.00000 0.00000 0.00000 0.00000 0.00000 0.00000 0.00000 0.00000 0.00000 0.00000 0.00000 0.00000 0.00000 0.00000 0.00000 0.00000 0.00000 0.00000 0.00000 0.00000 0.02330 0.06995 0.11600 0.16185 0.20870 0.25620 0.30255 0.34769 0.39359 0.44135 0.47840 0.50270 0.52516 0.55085 0.57848 0.60311 0.62465 0.64978 0.67673 0.70112 0.69888 0.67442 0.64964 0.62397 0.59840
0.21566 0.25502 0.29350 0.33207 0.37224 0.37387 0.33330 0.29350 0.25599 0.21713 0.17667 0.13714 0.09855 0.05928 0.01965 0.00000 0.00000 0.00000 0.00000 0.00000 0.00000 0.00000 0.00000 0.00000 0.00000 0.00000 0.00000 0.00000 0.00000 0.00000 0.00000 0.00000 0.00000 0.00000 0.00000 0.01969 0.05915 0.09812 0.13688 0.17718 0.21682 0.25478 0.29388 0.33513 0.37402 0.40730 0.44079 0.47474 0.50508 0.53575 0.57056 0.60224 0.63177 0.66426 0.69947 0.69767 0.66237 0.63104 0.60285 0.57184
0.17689 0.20922 0.24046 0.27207 0.30520 0.30583 0.27318 0.24089 0.20906 0.17667 0.14470 0.11291 0.08061 0.04818 0.01605 0.00000 0.00000 0.00000 0.00000 0.00000 0.00000 0.00000 0.00000 0.00000 0.00000 0.00000 0.00000 0.00000 0.00000 0.00000 0.00000 0.00000 0.00000 0.00000 0.00000 0.01604 0.04807 0.08040 0.11301 0.14500 0.17621 0.20842 0.24182 0.27453 0.30510 0.33997 0.38084 0.42149 0.45917 0.49677 0.53741 0.57772 0.61531 0.65398 0.69395 0.69323 0.65225 0.61410 0.57575 0.53560
0.13669 0.16166 0.18727 0.21254 0.23701 0.23649 0.21259 0.18833 0.16239 0.13708 0.11294 0.08798 0.06254 0.03742 0.01255 0.00000 0.00000 0.00000 0.00000 0.00000 0.00000 0.00000 0.00000 0.00000 0.00000 0.00000 0.00000 0.00000 0.00000 0.00000 0.00000 0.00000 0.00000 0.00000 0.00000 0.01250 0.03738 0.06259 0.08786 0.11247 0.13719 0.16292 0.18799 0.21208 0.23745 0.27428 0.31964 0.36511 0.41333 0.46030 0.50387 0.55014 0.60023 0.64472 0.68751 0.68906 0.64598 0.59904 0.55095 0.50539
0.09804 0.11584 0.13390 0.15210 0.16962 0.16945 0.15182 0.13398 0.11619 0.09855 0.08053 0.06248 0.04465 0.02688 0.00897 0.00000 0.00000 0.00000 0.00000 0.00000 0.00000 0.00000 0.00000 0.00000 0.00000 0.00000 0.00000 0.00000 0.00000 0.00000 0.00000 0.00000 0.00000 0.00000 0.00000 0.00895 0.02693 0.04468 0.06229 0.08024 0.09864 0.11656 0.13359 0.15136 0.17021 0.20625 0.25862 0.31167 0.36693 0.42077 0.47217 0.52601 0.58106 0.63330 0.68431 0.68711 0.63440 0.57797 0.52423 0.47151
0.05880 0.06945 0.07991 0.09051 0.10181 0.10206 0.09101 0.08004 0.06977 0.05921 0.04824 0.03739 0.02689 0.01615 0.00536 0.00000 0.00000 0.00000 0.00000 0.00000 0.00000 0.00000 0.00000 0.00000 0.00000 0.00000 0.00000 0.00000 0.00000 0.00000 0.00000 0.00000 0.00000 0.00000 0.00000 0.00536 0.01614 0.02681 0.03738 0.04827 0.05912 0.06961 0.08030 0.09135 0.10188 0.13727 0.19853 0.25983 0.31893 0.37935 0.44260 0.50242 0.55995 0.62173 0.68545 0.68370 0.62033 0.56135 0.50305 0.44307
0.01963 0.02323 0.02681 0.03033 0.03391 0.03391 0.03039 0.02687 0.02324 0.01964 0.01609 0.01256 0.00896 0.00536 0.00178 0.00000 0.00000 0.00000 0.00000 0.00000 0.00000 0.00000 0.00000 0.00000 0.00000 0.00000 0.00000 0.00000 0.00000 0.00000 0.00000 0.00000 0.00000 0.00000 0.00000 0.00178 0.00534 0.00893 0.01256 0.01611 0.01959 0.02317 0.02692 0.03052 0.03385 0.06944 0.13807 0.20616 0.27246 0.34053 0.41016 0.47686 0.54230 0.61276 0.68181 0.67795 0.60936 0.54460 0.47724 0.40680
0.00000 0.00000 0.00000 0.00000 0.00000 0.00000 0.00000 0.00000 0.00000 0.00000 0.00000 0.00000 0.00000 0.00000 0.00000 0.00179 0.00535 0.00895 0.01253 0.01607 0.01967 0.02326 0.02679 0.03047 0.03405 0.03387 0.03033 0.02691 0.02331 0.01962 0.01607 0.01253 0.00894 0.00536 0.00179 0.00000 0.00000 0.00000 0.00000 0.00000 0.00000 0.00000 0.00000 0.00000 0.00000 0.03402 0.10165 0.16934 0.23827 0.30584 0.37185 0.44027 0.51057 0.57650 0.64169 0.64359 0.57742 0.50867 0.43969 0.37234
0.00000 0.00000 0.00000 0.00000 0.00000 0.00000 0.00000 0.00000 0.00000 0.00000 0.00000 0.00000 0.00000 0.00000 0.00000 0.00536 0.01604 0.02679 0.03764 0.04837 0.05916 0.06960 0.08018 0.09126 0.10212 0.10170 0.09109 0.08053 0.06970 0.05880 0.04815 0.03766 0.02688 0.01603 0.00535 0.00000 0.00000 0.00000 0.00000 0.00000 0.00000 0.00000 0.00000 0.00000 0.00000 0.03049 0.09080 0.15143 0.21337 0.27370 0.33268 0.39476 0.45685 0.51471 0.57394 0.57748 0.51702 0.45283 0.39218 0.33289
0.00000 0.00000 0.00000 0.00000 0.00000 0.00000 0.00000 0.00000 0.00000 0.00000 0.00000 0.00000 0.00000 0.00000 0.00000 0.00893 0.02686 0.04466 0.06248 0.08064 0.09836 0.11602 0.13404 0.15186 0.16966 0.17008 0.15211 0.13368 0.11604 0.09843 0.08051 0.06248 0.04471 0.02683 0.00892 0.00000 0.00000 0.00000 0.00000 0.00000 0.00000 0.00000 0.00000 0.00000 0.00000 0.02676 0.08052 0.13413 0.18694 0.24082 0.29583 0.34813 0.40016 0.45505 0.50968 0.50795 0.45356 0.40109 0.34819 0.29460
0.00000 0.00000 0.00000 0.00000 0.00000 0.00000 0.00000 0.00000 0.00000 0.00000 0.00000 0.00000 0.00000 0.00000 0.00000 0.01252 0.03768 0.06269 0.08756 0.11240 0.13727 0.16306 0.18827 0.21213 0.23699 0.23820 0.21301 0.18701 0.16214 0.13801 0.11274 0.08727 0.06234 0.03763 0.01255 0.00000 0.00000 0.00000 0.00000 0.00000 0.00000 0.00000 0.00000 0.00000 0.00000 0.02315 0.06994 0.11646 0.16194 0.20879 0.25635 0.30147 0.34670 0.39533 0.44217 0.43907 0.39252 0.34830 0.30189 0.25417
0.00000 0.00000 0.00000 0.00000 0.00000 0.00000 0.00000 0.00000 0.00000 0.00000 0.00000 0.00000 0.00000 0.00000 0.00000 0.01613 0.04822 0.08053 0.11273 0.14445 0.17673 0.20931 0.24140 0.27335 0.30536 0.30537 0.27334 0.24136 0.20910 0.17669 0.14472 0.11261 0.08039 0.04821 0.01610 0.00000 0.00000 0.00000 0.00000 0.00000 0.00000 0.00000 0.00000 0.00000 0.00000 0.01967 0.05882 0.09816 0.13800 0.17681 0.21533 0.25538 0.29543 0.33332 0.37195 0.37321 0.33398 0.29396 0.25438 0.21538
0.00000 0.00000 0.00000 0.00000 0.00000 0.00000 0.00000 0.00000 0.00000 0.00000 0.00000 0.00000 0.00000 0.00000 0.00000 0.01965 0.05894 0.09823 0.13733 0.17739 0.21684 0.25499 0.29375 0.33497 0.37439 0.37227 0.33289 0.29553 0.25614 0.21536 0.17620 0.13797 0.09855 0.05875 0.01961 0.00000 0.00000 0.00000 0.00000 0.00000 0.00000 0.00000 0.00000 0.00000 0.00000 0.01613 0.04803 0.08020 0.11294 0.14479 0.17612 0.20922 0.24181 0.27230 0.30406 0.30604 0.27371 0.23978 0.20768 0.17622
0.00000 0.00000 0.00000 0.00000 0.00000 0.00000 0.00000 0.00000 0.00000 0.00000 0.00000 0.00000 0.00000 0.00000 0.00000 0.02319 0.06978 0.11625 0.16246 0.20929 0.25587 0.30177 0.34792 0.39497 0.44164 0.44114 0.39448 0.34830 0.30189 0.25549 0.20900 0.16247 0.11609 0.06973 0.02322 0.00000 0.00000 0.00000 0.00000 0.00000 0.00000 0.00000 0.00000 0.00000 0.00000 0.01250 0.03759 0.06252 0.08726 0.11257 0.13807 0.16231 0.18690 0.21274 0.23773 0.23686 0.21192 0.18745 0.16251 0.13737
0.00000 0.00000 0.00000 0.00000 0.00000 0.00000 0.00000 0.00000 0.00000 0.00000 0.00000 0.00000 0.00000 0.00000 0.00000 0.02682 0.08039 0.13428 0.18820 0.24086 0.29398 0.34942 0.40327 0.45424 0.50732 0.51064 0.45707 0.40038 0.34700 0.29563 0.24194 0.18685 0.13359 0.08066 0.02684 0.00000 0.00000 0.00000 0.00000 0.00000 0.00000 0.00000 0.00000 0.00000 0.00000 0.00891 0.02689 0.04477 0.06230 0.08035 0.09858 0.11589 0.13346 0.15217 0.17007 0.16891 0.15116 0.13410 0.11620 0.09792
0.00000 0.00000 0.00000 0.00000 0.00000 0.00000 0.00000 0.00000 0.00000 0.00000 0.00000 0.00000 0.00000 0.00000 0.00000 0.03045 0.09110 0.15180 0.21304 0.27317 0.33353 0.39533 0.45636 0.51589 0.57617 0.57727 0.51645 0.45535 0.39461 0.33396 0.27312 0.21277 0.15190 0.09093 0.03034 0.00000 0.00000 0.00000 0.00000 0.00000 0.00000 0.00000 0.00000 0.00000 0.00000 0.00535 0.01604 0.02685 0.03764 0.04818 0.05874 0.06976 0.08057 0.09088 0.10156 0.10194 0.09112 0.08016 0.06942 0.05879
0.00000 0.00000 0.00000 0.00000 0.00000 0.00000 0.00000 0.00000 0.00000 0.00000 0.00000 0.00000 0.00000 0.00000 0.00000 0.03395 0.10218 0.16967 0.23722 0.30627 0.37464 0.44033 0.50759 0.57900 0.64704 0.64279 0.57502 0.51069 0.44279 0.37187 0.30444 0.23839 0.17018 0.10148 0.03389 0.00000 0.00000 0.00000 0.00000 0.00000 0.00000 0.00000 0.00000 0.00000 0.00000 0.00179 0.00535 0.00891 0.01254 0.01609 0.01958 0.02325 0.02687 0.03027 0.03382 0.03403 0.03043 0.02668 0.02311 0.01959
0.00000 0.00000 0.00000 0.00000 0.00000 0.00000 0.00000 0.00000 0.00000 0.00000 0.00000 0.00000 0.00000 0.00000 0.00000 0.03391 0.10226 0.16967 0.23700 0.30601 0.37423 0.44062 0.50811 0.57783 0.64564 0.64412 0.57648 0.50933 0.44096 0.37339 0.30560 0.23730 0.16946 0.10214 0.03399 0.00000 0.00000 0.00000 0.00000 0.00000 0.00000 0.00000 0.00000 0.00000 0.00000 0.00000 0.00000 0.00000 0.00000 0.00000 0.00000 0.00000 0.00000 0.00000 0.00000 0.00000 0.00000 0.00000 0.00000 0.00000
0.00000 0.00000 0.00000 0.00000 0.00000 0.00000 0.00000 0.00000 0.00000 0.00000 0.00000 0.00000 0.00000 0.00000 0.00000 0.03038 0.09097 0.15213 0.21333 0.27306 0.33345 0.39604 0.45695 0.51479 0.57515 0.57916 0.51821 0.45371 0.39333 0.33522 0.27430 0.21181 0.15141 0.09143 0.03040 0.00000 0.00000 0.00000 0.00000 0.00000 0.00000 0.00000 0.00000 0.00000 0.00000 0.00000 0.00000 0.00000 0.00000 0.00000 0.00000 0.00000 0.00000 0.00000 0.00000 0.00000 0.00000 0.00000 0.00000 0.00000
0.00000 0.00000 0.00000 0.00000 0.00000 0.00000 0.00000 0.00000 0.00000 0.00000 0.00000 0.00000 0.00000 0.00000 0.00000 0.02680 0.08017 0.13418 0.18810 0.24070 0.29394 0.34928 0.40279 0.45453 0.50841 0.50990 0.45558 0.40143 0.34838 0.29473 0.24081 0.18789 0.13415 0.08017 0.02674 0.00000 0.00000 0.00000 0.00000 0.00000 0.00000 0.00000 0.00000 0.00000 0.00000 0.00000 0.00000 0.00000 0.00000 0.00000 0.00000 0.00000 0.00000 0.00000 0.00000 0.00000 0.00000 0.00000 0.00000 0.00000
0.00000 0.00000 0.00000 0.00000 0.00000 0.00000 0.00000 0.00000 0.00000 0.00000 0.00000 0.00000 0.00000 0.00000 0.00000 0.02325 0.06996 0.11612 0.16228 0.20951 0.25610 0.30118 0.34762 0.39612 0.44264 0.43959 0.39357 0.34965 0.30306 0.25451 0.20826 0.16311 0.11643 0.06947 0.02320 0.00000 0.00000 0.00000 0.00000 0.00000 0.00000 0.00000 0.00000 0.00000 0.00000 0.00000 0.00000 0.00000 0.00000 0.00000 0.00000 0.00000 0.00000 0.00000 0.00000 0.00000 0.00000 0.00000 0.00000 0.00000
0.00000 0.00000 0.00000 0.00000 0.00000 0.00000 0.00000 0.00000 0.00000 0.00000 0.00000 0.00000 0.00000 0.00000 0.00000 0.01967 0.05915 0.09810 0.13713 0.17739 0.21690 0.25473 0.29426 0.33498 0.37386 0.37242 0.33391 0.29509 0.25518 0.21611 0.17705 0.13732 0.09806 0.05914 0.01969 0.00000 0.00000 0.00000 0.00000 0.00000 0.00000 0.00000 0.00000 0.00000 0.00000 0.00000 0.00000 0.00000 0.00000 0.00000 0.00000 0.00000 0.00000 0.00000 0.00000 0.00000 0.00000 0.00000 0.00000 0.00000
0.00000 0.00000 0.00000 0.00000 0.00000 0.00000 0.00000 0.00000 0.00000 0.00000 0.00000 0.00000 0.00000 0.00000 0.00000 0.01608 0.04813 0.08048 0.11286 0.14457 0.17663 0.20962 0.24167 0.27252 0.30476 0.30675 0.27430 0.24019 0.20826 0.17757 0.14529 0.11217 0.08018 0.04842 0.01610 0.00000 0.00000 0.00000 0.00000 0.00000 0.00000 0.00000 0.00000 0.00000 0.00000 0.00000 0.00000 0.00000 0.00000 0.00000 0.00000 0.00000 0.00000 0.00000 0.00000 0.00000 0.00000 0.00000 0.00000 0.00000
0.00000 0.00000 0.00000 0.00000 0.00000 0.00000 0.00000 0.00000 0.00000 0.00000 0.00000 0.00000 0.00000 0.00000 0.00000 0.01249 0.03738 0.06265 0.08779 0.11222 0.13724 0.16313 0.18809 0.21194 0.23734 0.23818 0.21260 0.18730 0.16267 0.13751 0.11234 0.08770 0.06264 0.03740 0.01248 0.00000 0.00000 0.00000 0.00000 0.00000 0.00000 0.00000 0.00000 0.00000 0.00000 0.00000 0.00000 0.00000 0.00000 0.00000 0.00000 0.00000 0.00000 0.00000 0.00000 0.00000 0.00000 0.00000 0.00000 0.00000
0.00000 0.00000 0.00000 0.00000 0.00000 0.00000 0.00000 0.00000 0.00000 0.00000 0.00000 0.00000 0.00000 0.00000 0.00000 0.00894 0.02691 0.04464 0.06246 0.08052 0.09841 0.11585 0.13384 0.15242 0.17015 0.16920 0.15138 0.13449 0.11657 0.09791 0.08016 0.06277 0.04479 0.02671 0.00892 0.00000 0.00000 0.00000 0.00000 0.00000 0.00000 0.00000 0.00000 0.00000 0.00000 0.00000 0.00000 0.00000 0.00000 0.00000 0.00000 0.00000 0.00000 0.00000 0.00000 0.00000 0.00000 0.00000 0.00000 0.00000
0.00000 0.00000 0.00000 0.00000 0.00000 0.00000 0.00000 0.00000 0.00000 0.00000 0.00000 0.00000 0.00000 0.00000 0.00000 0.00537 0.01615 0.02669 0.03742 0.04841 0.05917 0.06944 0.08022 0.09143 0.10199 0.10164 0.09109 0.08045 0.06960 0.05902 0.04831 0.03745 0.02674 0.01613 0.00537 0.00000 0.00000 0.00000 0.00000 0.00000 0.00000 0.00000 0.00000 0.00000 0.00000 0.00000 0.00000 0.00000 0.00000 0.00000 0.00000 0.00000 0.00000 0.00000 0.00000 0.00000 0.00000 0.00000 0.00000 0.00000
0.00000 0.00000 0.00000 0.00000 0.00000 0.00000 0.00000 0.00000 0.00000 0.00000 0.00000 0.00000 0.00000 0.00000 0.00000 0.00179 0.00536 0.00895 0.01252 0.01606 0.01966 0.02328 0.02685 0.03029 0.03386 0.03407 0.03049 0.02670 0.02315 0.01973 0.01613 0.01247 0.00891 0.00538 0.00179 0.00000 0.00000 0.00000 0.00000 0.00000 0.00000 0.00000 0.00000 0.00000 0.00000 0.00000 0.00000 0.00000 0.00000 0.00000 0.00000 0.00000 0.00000 0.00000 0.00000 0.00000 0.00000 0.00000 0.00000 0.00000
0.00000 0.00000 0.00000 0.00000 0.00000 0.00000 0.00000 0.00000 0.00000 0.00000 0.00000 0.00000 0.00000 0.00000 0.00000 0.00000 0.00000 0.00000 0.00000 0.00000 0.00000 0.00000 0.00000 0.00000 0.00000 0.00000 0.00000 0.00000 0.00000 0.00000 0.00000 0.00000 0.00000 0.00000 0.00000 0.00000 0.00000 0.00000 0.00000 0.00000 0.00000 0.00000 0.00000 0.00000 0.00000 0.00000 0.00000 0.00000 0.00000 0.00000 0.00000 0.00000 0.00000 0.00000 0.00000 0.00000 0.00000 0.00000 0.00000 0.00000
0.00000 0.00000 0.00000 0.00000 0.00000 0.00000 0.00000 0.00000 0.00000 0.00000 0.00000 0.00000 0.00000 0.00000 0.00000 0.00000 0.00000 0.00000 0.00000 0.00000 0.00000 0.00000 0.00000 0.00000 0.00000 0.00000 0.00000 0.00000 0.00000 0.00000 0.00000 0.00000 0.00000 0.00000 0.00000 0.00000 0.00000 0.00000 0.00000 0.00000 0.00000 0.00000 0.00000 0.00000 0.00000 0.00000 0.00000 0.00000 0.00000 0.00000 0.00000 0.00000 0.00000 0.00000 0.00000 0.00000 0.00000 0.00000 0.00000 0.00000
0.00000 0.00000 0.00000 0.00000 0.00000 0.00000 0.00000 0.00000 0.00000 0.00000 0.00000 0.00000 0.00000 0.00000 0.00000 0.00000 0.00000 0.00000 0.00000 0.00000 0.00000 0.00000 0.00000 0.00000 0.00000 0.00000 0.00000 0.00000 0.00000 0.00000 0.00000 0.00000 0.00000 0.00000 0.00000 0.00000 0.00000 0.00000 0.00000 0.00000 0.00000 0.00000 0.00000 0.00000 0.00000 0.00000 0.00000 0.00000 0.00000 0.00000 0.00000 0.00000 0.00000 0.00000 0.00000 0.00000 0.00000 0.00000 0.00000 0.00000
0.00000 0.00000 0.00000 0.00000 0.00000 0.00000 0.00000 0.00000 0.00000 0.00000 0.00000 0.00000 0.00000 0.00000 0.00000 0.00000 0.00000 0.00000 0.00000 0.00000 0.00000 0.00000 0.00000 0.00000 0.00000 0.00000 0.00000 0.00000 0.00000 0.00000 0.00000 0.00000 0.00000 0.00000 0.00000 0.00000 0.00000 0.00000 0.00000 0.00000 0.00000 0.00000 0.00000 0.00000 0.00000 0.00000 0.00000 0.00000 0.00000 0.00000 0.00000 0.00000 0.00000 0.00000 0.00000 0.00000 0.00000 0.00000 0.00000 0.00000
0.00000 0.00000 0.00000 0.00000 0.00000 0.00000 0.00000 0.00000 0.00000 0.00000 0.00000 0.00000 0.00000 0.00000 0.00000 0.00000 0.00000 0.00000 0.00000 0.00000 0.00000 0.00000 0.00000 0.00000 0.00000 0.00000 0.00000 0.00000 0.00000 0.00000 0.00000 0.00000 0.00000 0.00000 0.00000 0.00000 0.00000 0.00000 0.00000 0.00000 0.00000 0.00000 0.00000 0.00000 0.00000 0.00000 0.00000 0.00000 0.00000 0.00000 0.00000 0.00000 0.00000 0.00000 0.00000 0.00000 0.00000 0.00000 0.00000 0.00000
0.00000 0.00000 0.00000 0.00000 0.00000 0.00000 0.00000 0.00000 0.00000 0.00000 0.00000 0.00000 0.00000 0.00000 0.00000 0.00000 0.00000 0.00000 0.00000 0.00000 0.00000 0.00000 0.00000 0.00000 0.00000 0.00000 0.00000 0.00000 0.00000 0.00000 0.00000 0.00000 0.00000 0.00000 0.00000 0.00000 0.00000 0.00000 0.00000 0.00000 0.00000 0.00000 0.00000 0.00000 0.00000 0.00000 0.00000 0.00000 0.00000 0.00000 0.00000 0.00000 0.00000 0.00000 0.00000 0.00000 0.00000 0.00000 0.00000 0.00000
0.00000 0.00000 0.00000 0.00000 0.00000 0.00000 0.00000 0.00000 0.00000 0.00000 0.00000 0.00000 0.00000 0.00000 0.00000 0.00000 0.00000 0.00000 0.00000 0.00000 0.00000 0.00000 0.00000 0.00000 0.00000 0.00000 0.00000 0.00000 0.00000 0.00000 0.00000 0.00000 0.00000 0.00000 0.00000 0.00000 0.00000 0.00000 0.00000 0.00000 0.00000 0.00000 0.00000 0.00000 0.00000 0.00000 0.00000 0.00000 0.00000 0.00000 0.00000 0.00000 0.00000 0.00000 0.00000 0.00000 0.00000 0.00000 0.00000 0.00000
0.00000 0.00000 0.00000 0.00000 0.00000 0.00000 0.00000 0.00000 0.00000 0.00000 0.00000 0.00000 0.00000 0.00000 0.00000 0.00000 0.00000 0.00000 0.00000 0.00000 0.00000 0.00000 0.00000 0.00000 0.00000 0.00000 0.00000 0.00000 0.00000 0.00000 0.00000 0.00000 0.00000 0.00000 0.00000 0.00000 0.00000 0.00000 0.00000 0.00000 0.00000 0.00000 0.00000 0.00000 0.00000 0.00000 0.00000 0.00000 0.00000 0.00000 0.00000 0.00000 0.00000 0.00000 0.00000 0.00000 0.00000 0.00000 0.00000 0.00000
0.00000 0.00000 0.00000 0.00000 0.00000 0.00000 0.00000 0.00000 0.00000 0.00000 0.00000 0.00000 0.00000 0.00000 0.00000 0.00000 0.00000 0.00000 0.00000 0.00000 0.00000 0.00000 0.00000 0.00000 0.00000 0.00000 0.00000 0.00000 0.00000 0.00000 0.00000 0.00000 0.00000 0.00000 0.00000 0.00000 0.00000 0.00000 0.00000 0.00000 0.00000 0.00000 0.00000 0.00000 0.00000 0.00000 0.00000 0.00000 0.00000 0.00000 0.00000 0.00000 0.00000 0.00000 0.00000 0.00000 0.00000 0.00000 0.00000 0.00000
0.00000 0.00000 0.00000 0.00000 0.00000 0.00000 0.00000 0.00000 0.00000 0.00000 0.00000 0.00000 0.00000 0.00000 0.00000 0.00000 0.00000 0.00000 0.00000 0.00000 0.00000 0.00000 0.00000 0.00000 0.00000 0.00000 0.00000 0.00000 0.00000 0.00000 0.00000 0.00000 0.00000 0.00000 0.00000 0.00000 0.00000 0.00000 0.00000 0.00000 0.00000 0.00000 0.00000 0.00000 0.00000 0.00000 0.00000 0.00000 0.00000 0.00000 0.00000 0.00000 0.00000 0.00000 0.00000 0.00000 0.00000 0.00000 0.00000 0.00000
0.00000 0.00000 0.00000 0.00000 0.00000 0.00000 0.00000 0.00000 0.00000 0.00000 0.00000 0.00000 0.00000 0.00000 0.00000 0.00000 0.00000 0.00000 0.00000 0.00000 0.00000 0.00000 0.00000 0.00000 0.00000 0.00000 0.00000 0.00000 0.00000 0.00000 0.00000 0.00000 0.00000 0.00000 0.00000 0.00000 0.00000 0.00000 0.00000 0.00000 0.00000 0.00000 0.00000 0.00000 0.00000 0.00000 0.00000 0.00000 0.00000 0.00000 0.00000 0.00000 0.00000 0.00000 0.00000 0.00000 0.00000 0.00000 0.00000 0.00000
0.00000 0.00000 0.00000 0.00000 0.00000 0.00000 0.00000 0.00000 0.00000 0.00000 0.00000 0.00000 0.00000 0.00000 0.00000 0.00000 0.00000 0.00000 0.00000 0.00000 0.00000 0.00000 0.00000 0.00000 0.00000 0.00000 0.00000 0.00000 0.00000 0.00000 0.00000 0.00000 0.00000 0.00000 0.00000 0.00000 0.00000 0.00000 0.00000 0.00000 0.00000 0.00000 0.00000 0.00000 0.00000 0.00000 0.00000 0.00000 0.00000 0.00000 0.00000 0.00000 0.00000 0.00000 0.00000 0.00000 0.00000 0.00000 0.00000 0.00000
0.00000 0.00000 0.00000 0.00000 0.00000 0.00000 0.00000 0.00000 0.00000 0.00000 0.00000 0.00000 0.00000 0.00000 0.00000 0.00000 0.00000 0.00000 0.00000 0.00000 0.00000 0.00000 0.00000 0.00000 0.00000 0.00000 0.00000 0.00000 0.00000 0.00000 0.00000 0.00000 0.00000 0.00000 0.00000 0.00000 0.00000 0.00000 0.00000 0.00000 0.00000 0.00000 0.00000 0.00000 0.00000 0.00000 0.00000 0.00000 0.00000 0.00000 0.00000 0.00000 0.00000 0.00000 0.00000 0.00000 0.00000 0.00000 0.00000 0.00000
0.00000 0.00000 0.00000 0.00000 0.00000 0.00000 0.00000 0.00000 0.00000 0.00000 0.00000 0.00000 0.00000 0.00000 0.00000 0.00000 0.00000 0.00000 0.00000 0.00000 0.00000 0.00000 0.00000 0.00000 0.00000 0.00000 0.00000 0.00000 0.00000 0.00000 0.00000 0.00000 0.00000 0.00000 0.00000 0.00000 0.00000 0.00000 0.00000 0.00000 0.00000 0.00000 0.00000 0.00000 0.00000 0.00000 0.00000 0.00000 0.00000 0.00000 0.00000 0.00000 0.00000 0.00000 0.00000 0.00000 0.00000 0.00000 0.00000 0.00000
0.00000 0.00000 0.00000 0.00000 0.00000 0.00000 0.00000 0.00000 0.00000 0.00000 0.00000 0.00000 0.00000 0.00000 0.00000 0.00000 0.00000 0.00000 0.00000 0.00000 0.00000 0.00000 0.00000 0.00000 0.00000 0.00000 0.00000 0.00000 0.00000 0.00000 0.00000 0.00000 0.00000 0.00000 0.00000 0.00000 0.00000 0.00000 0.00000 0.00000 0.00000 0.00000 0.00000 0.00000 0.00000 0.00000 0.00000 0.00000 0.00000 0.00000 0.00000 0.00000 0.00000 0.00000 0.00000 0.00000 0.00000 0.00000 0.00000 0.00000
0.00000 0.00000 0.00000 0.00000 0.00000 0.00000 0.00000 0.00000 0.00000 0.00000 0.00000 0.00000 0.00000 0.00000 0.00000 0.00000 0.00000 0.00000 0.00000 0.00000 0.00000 0.00000 0.00000 0.00000 0.00000 0.00000 0.00000 0.00000 0.00000 0.00000 0.00000 0.00000 0.00000 0.00000 0.00000 0.00000 0.00000 0.00000 0.00000 0.00000 0.00000 0.00000 0.00000 0.00000 0.00000 0.00000 0.00000 0.00000 0.00000 0.00000 0.00000 0.00000 0.00000 0.00000 0.00000 0.00000 0.00000 0.00000 0.00000 0.00000
0.00000 0.00000 0.00000 0.00000 0.00000 0.00000 0.00000 0.00000 0.00000 0.00000 0.00000 0.00000 0.00000 0.00000 0.00000 0.00000 0.00000 0.00000 0.00000 0.00000 0.00000 0.00000 0.00000 0.00000 0.00000 0.00000 0.00000 0.00000 0.00000 0.00000 0.00000 0.00000 0.00000 0.00000 0.00000 0.00000 0.00000 0.00000 0.00000 0.00000 0.00000 0.00000 0.00000 0.00000 0.00000 0.00000 0.00000 0.00000 0.00000 0.00000 0.00000 0.00000 0.00000 0.00000 0.00000 0.00000 0.00000 0.00000 0.00000 0.00000
0.00000 0.00000 0.00000 0.00000 0.00000 0.00000 0.00000 0.00000 0.00000 0.00000 0.00000 0.00000 0.00000 0.00000 0.00000 0.00000 0.00000 0.00000 0.00000 0.00000 0.00000 0.00000 0.00000 0.00000 0.00000 0.00000 0.00000 0.00000 0.00000 0.00000 0.00000 0.00000 0.00000 0.00000 0.00000 0.00000 0.00000 0.00000 0.00000 0.00000 0.00000 0.00000 0.00000 0.00000 0.00000 0.00000 0.00000 0.00000 0.00000 0.00000 0.00000 0.00000 0.00000 0.00000 0.00000 0.00000 0.00000 0.00000 0.00000 0.00000
0.00000 0.00000 0.00000 0.00000 0.00000 0.00000 0.00000 0.00000 0.00000 0.00000 0.00000 0.00000 0.00000 0.00000 0.00000 0.00000 0.00000 0.00000 0.00000 0.00000 0.00000 0.00000 0.00000 0.00000 0.00000 0.00000 0.00000 0.00000 0.00000 0.00000 0.00000 0.00000 0.00000 0.00000 0.00000 0.00000 0.00000 0.00000 0.00000 0.00000 0.00000 0.00000 0.00000 0.00000 0.00000 0.00000 0.00000 0.00000 0.00000 0.00000 0.00000 0.00000 0.00000 0.00000 0.00000 0.00000 0.00000 0.00000 0.00000 0.00000
0.00000 0.00000 0.00000 0.00000 0.00000 0.00000 0.00000 0.00000 0.00000 0.00000 0.00000 0.00000 0.00000 0.00000 0.00000 0.00000 0.00000 0.00000 0.00000 0.00000 0.00000 0.00000 0.00000 0.00000 0.00000 0.00000 0.00000 0.00000 0.00000 0.00000 0.00000 0.00000 0.00000 0.00000 0.00000 0.00000 0.00000 0.00000 0.00000 0.00000 0.00000 0.00000 0.00000 0.00000 0.00000 0.00000 0.00000 0.00000 0.00000 0.00000 0.00000 0.00000 0.00000 0.00000 0.00000 0.00000 0.00000 0.00000 0.00000 0.00000
0.00000 0.00000 0.00000 0.00000 0.00000 0.00000 0.00000 0.00000 0.00000 0.00000 0.00000 0.00000 0.00000 0.00000 0.00000 0.00000 0.00000 0.00000 0.00000 0.00000 0.00000 0.00000 0.00000 0.00000 0.00000 0.00000 0.00000 0.00000 0.00000 0.00000 0.00000 0.00000 0.00000 0.00000 0.00000 0.00000 0.00000 0.00000 0.00000 0.00000 0.00000 0.00000 0.00000 0.00000 0.00000 0.00000 0.00000 0.00000 0.00000 0.00000 0.00000 0.00000 0.00000 0.00000 0.00000 0.00000 0.00000 0.00000 0.00000 0.00000
0.00000 0.00000 0.00000 0.00000 0.00000 0.00000 0.00000 0.00000 0.00000 0.00000 0.00000 0.00000 0.00000 0.00000 0.00000 0.00000 0.00000 0.00000 0.00000 0.00000 0.00000 0.00000 0.00000 0.00000 0.00000 0.00000 0.00000 0.00000 0.00000 0.00000 0.00000 0.00000 0.00000 0.00000 0.00000 0.00000 0.00000 0.00000 0.00000 0.00000 0.00000 0.00000 0.00000 0.00000 0.00000 0.00000 0.00000 0.00000 0.00000 0.00000 0.00000 0.00000 0.00000 0.00000 0.00000 0.00000 0.00000 0.00000 0.00000 0.00000
0.00000 0.00000 0.00000 0.00000 0.00000 0.00000 0.00000 0.00000 0.00000 0.00000 0.00000 0.00000 0.00000 0.00000 0.00000 0.00000 0.00000 0.00000 0.00000 0.00000 0.00000 0.00000 0.00000 0.00000 0.00000 0.00000 0.00000 0.00000 0.00000 0.00000 0.00000 0.00000 0.00000 0.00000 0.00000 0.00000 0.00000 0.00000 0.00000 0.00000 0.00000 0.00000 0.00000 0.00000 0.00000 0.00000 0.00000 0.00000 0.00000 0.00000 0.00000 0.00000 0.00000 0.00000 0.00000 0.00000 0.00000 0.00000 0.00000 0.00000
0.00000 0.00000 0.00000 0.00000 0.00000 0.00000 0.00000 0.00000 0.00000 0.00000 0.00000 0.00000 0.00000 0.00000 0.00000 0.00000 0.00000 0.00000 0.00000 0.00000 0.00000 0.00000 0.00000 0.00000 0.00000 0.00000 0.00000 0.00000 0.00000 0.00000 0.00000 0.00000 0.00000 0.00000 0.00000 0.00000 0.00000 0.00000 0.00000 0.00000 0.00000 0.00000 0.00000 0.00000 0.00000 0.00000 0.00000 0.00000 0.00000 0.00000 0.00000 0.00000 0.00000 0.00000 0.00000 0.00000 0.00000 0.00000 0.00000 0.00000
0.00000 0.00000 0.00000 0.00000 0.00000 0.00000 0.00000 0.00000 0.00000 0.00000 0.00000 0.00000 0.00000 0.00000 0.00000 0.00000 0.00000 0.00000 0.00000 0.00000 0.00000 0.00000 0.00000 0.00000 0.00000 0.00000 0.00000 0.00000 0.00000 0.00000 0.00000 0.00000 0.00000 0.00000 0.00000 0.00000 0.00000 0.00000 0.00000 0.00000 0.00000 0.00000 0.00000 0.00000 0.00000 0.00000 0.00000 0.00000 0.00000 0.00000 0.00000 0.00000 0.00000 0.00000 0.00000 0.00000 0.00000 0.00000 0.00000 0.00000
