0.39419 0.39656 0.39705 0.39986 0.39765 0.39743 0.39827 0.39653 0.39797 0.39398 0.39905 0.39529 0.39777 0.39372 0.39830 0.39485 0.39643 0.39364 0.39676 0.39480 0.39485 0.39373 0.39570 0.39507 0.39407 0.39370 0.39524 0.39520 0.39311 0.39402 0.39413 0.39422 0.39382 0.39441 0.39272 0.40973 0.44122 0.47547 0.50420 0.54041 0.57017 0.60765 0.63284 0.67399 0.70417 0.72119 0.72070 0.72546 0.72513 0.72396 0.71922 0.72572 0.72285 0.72400 0.72527 0.72770 0.72946 0.72856 0.72815 0.72697
0.46876 0.47038 0.47055 0.47217 0.47055 0.47021 0.47083 0.46964 0.47088 0.46803 0.46977 0.46743 0.47022 0.46748 0.46845 0.46620 0.46891 0.46707 0.46691 0.46566 0.46767 0.46698 0.46598 0.46561 0.46707 0.46688 0.46585 0.46529 0.46563 0.46649 0.46735 0.46663 0.46451 0.46480 0.46584 0.47972 0.50158 0.52769 0.55243 0.58127 0.60278 0.63067 0.65248 0.68344 0.70685 0.72127 0.72046 0.72277 0.72209 0.72491 0.72203 0.72369 0.72184 0.72499 0.72622 0.72571 0.72397 0.72581 0.72696 0.72656
0.54081 0.54308 0.54078 0.54211 0.54259 0.54500 0.54260 0.53972 0.54401 0.54165 0.54110 0.53754 0.54365 0.54058 0.53956 0.53671 0.54210 0.54001 0.53774 0.53625 0.54072 0.53985 0.53657 0.53602 0.54011 0.53984 0.53615 0.53602 0.53878 0.53926 0.53931 0.53894 0.53546 0.53575 0.53889 0.54858 0.56203 0.58080 0.60115 0.62155 0.63342 0.65560 0.67414 0.69428 0.70753 0.72324 0.72386 0.72143 0.71980 0.72634 0.72484 0.72258 0.72043 0.72653 0.72860 0.72590 0.72476 0.72615 0.72793 0.72854
0.61675 0.61775 0.61568 0.61511 0.61669 0.61783 0.61569 0.61284 0.61500 0.61432 0.61419 0.61149 0.61323 0.61201 0.61242 0.61072 0.61165 0.61066 0.61084 0.61018 0.61049 0.60998 0.60988 0.60985 0.60996 0.60973 0.60943 0.60920 0.60978 0.61105 0.60942 0.60892 0.60843 0.61036 0.60992 0.61428 0.62365 0.63790 0.64773 0.65815 0.66684 0.68250 0.69298 0.70268 0.71163 0.72221 0.72295 0.72060 0.72007 0.72398 0.72323 0.72263 0.72206 0.72478 0.72348 0.72399 0.72545 0.72388 0.72299 0.72326
0.68403 0.68630 0.68827 0.69095 0.68708 0.68570 0.68841 0.68877 0.68577 0.68244 0.68811 0.68617 0.68326 0.68058 0.68663 0.68496 0.68122 0.67970 0.68530 0.68429 0.67978 0.67915 0.68446 0.68390 0.67897 0.67876 0.68370 0.68361 0.67967 0.67941 0.67908 0.67983 0.68386 0.68323 0.67863 0.68142 0.68935 0.69261 0.69141 0.69722 0.70402 0.70827 0.70701 0.71499 0.72034 0.72123 0.71890 0.72336 0.72448 0.72172 0.72067 0.72514 0.72562 0.72252 0.72288 0.72581 0.72665 0.72712 0.72479 0.72590
0.68841 0.68955 0.69090 0.69222 0.68900 0.68659 0.68857 0.68889 0.68664 0.68399 0.68643 0.68592 0.68418 0.68254 0.68470 0.68433 0.68225 0.68170 0.68349 0.68306 0.68103 0.68137 0.68275 0.68201 0.68057 0.68127 0.68237 0.68181 0.68094 0.68000 0.67955 0.68186 0.68327 0.68118 0.67906 0.68411 0.68905 0.69057 0.69213 0.69952 0.70479 0.70552 0.70801 0.71577 0.72124 0.71876 0.71888 0.72334 0.72410 0.72044 0.72016 0.72484 0.72381 0.72166 0.72184 0.72255 0.72158 0.72233 0.72275 0.72162
0.61485 0.61571 0.61341 0.61427 0.61651 0.61755 0.61409 0.61203 0.61563 0.61491 0.61191 0.60977 0.61412 0.61321 0.60999 0.60878 0.61281 0.61234 0.60877 0.60832 0.61238 0.61185 0.60798 0.60801 0.61219 0.61165 0.60762 0.60774 0.61100 0.61146 0.61146 0.61073 0.60750 0.60901 0.61208 0.61644 0.62377 0.63664 0.65014 0.66048 0.66742 0.68112 0.69442 0.70465 0.71272 0.72113 0.72309 0.72113 0.72048 0.72323 0.72373 0.72116 0.72188 0.72462 0.72421 0.72291 0.72282 0.72511 0.72570 0.72811
0.54675 0.54707 0.54485 0.54384 0.54491 0.54503 0.54280 0.54107 0.54318 0.54253 0.54043 0.53907 0.54154 0.54134 0.53859 0.53799 0.54046 0.54058 0.53745 0.53747 0.53984 0.53939 0.53692 0.53785 0.53944 0.53815 0.53665 0.53836 0.53928 0.53841 0.53904 0.53831 0.53598 0.53851 0.54014 0.54734 0.56312 0.58391 0.60421 0.61935 0.63610 0.65718 0.67757 0.69131 0.70919 0.72246 0.72398 0.71909 0.71889 0.72431 0.72377 0.72041 0.71922 0.72319 0.72221 0.72061 0.72058 0.71903 0.71891 0.71927
0.46783 0.47025 0.47197 0.47219 0.46942 0.46939 0.47136 0.47116 0.46848 0.46735 0.46987 0.46932 0.46717 0.46620 0.46818 0.46834 0.46642 0.46580 0.46748 0.46778 0.46586 0.46561 0.46759 0.46755 0.46553 0.46549 0.46756 0.46758 0.46576 0.46572 0.46490 0.46602 0.46813 0.46691 0.46459 0.47900 0.50605 0.53031 0.55252 0.58020 0.60752 0.63206 0.65426 0.68208 0.70969 0.72103 0.71982 0.72169 0.72284 0.72047 0.72142 0.72366 0.72217 0.72028 0.72215 0.72426 0.72256 0.72319 0.72327 0.72550
0.39988 0.39996 0.40052 0.40071 0.39890 0.39820 0.39948 0.39856 0.39684 0.39604 0.39809 0.39742 0.39525 0.39469 0.39701 0.39708 0.39421 0.39405 0.39644 0.39639 0.39363 0.39396 0.39612 0.39524 0.39340 0.39490 0.39621 0.39429 0.39345 0.39473 0.39475 0.39457 0.39560 0.39464 0.39342 0.41119 0.44534 0.47575 0.50686 0.54138 0.57587 0.60556 0.63701 0.67287 0.70665 0.71887 0.71865 0.72364 0.72345 0.71963 0.71854 0.72379 0.72250 0.71938 0.71791 0.71970 0.71965 0.71901 0.71852 0.71670
0.32524 0.32576 0.32472 0.32615 0.32707 0.32671 0.32451 0.32480 0.32591 0.32541 0.32391 0.32350 0.32436 0.32444 0.32376 0.32302 0.32300 0.32386 0.32378 0.32289 0.32242 0.32347 0.32389 0.32279 0.32212 0.32327 0.32382 0.32288 0.32251 0.32322 0.32350 0.32339 0.32217 0.32324 0.32401 0.34345 0.38097 0.42219 0.46286 0.50222 0.53902 0.58076 0.62243 0.66130 0.69898 0.72058 0.72263 0.72054 0.72090 0.72272 0.72203 0.71973 0.72170 0.72422 0.72034 0.71926 0.72171 0.72336 0.72167 0.72291
0.25564 0.25568 0.25478 0.25453 0.25474 0.25418 0.25306 0.25300 0.25397 0.25316 0.25188 0.25150 0.25313 0.25299 0.25112 0.25110 0.25263 0.25240 0.25069 0.25107 0.25238 0.25171 0.25049 0.25141 0.25222 0.25116 0.25030 0.25157 0.25207 0.25136 0.25124 0.25150 0.25148 0.25163 0.25191 0.27490 0.32100 0.36847 0.41652 0.46188 0.50796 0.55648 0.60454 0.64946 0.69550 0.72283 0.72278 0.71977 0.71901 0.72427 0.72251 0.71978 0.71828 0.72143 0.72058 0.71779 0.71625 0.71585 0.71668 0.71636
0.18031 0.18158 0.18206 0.18140 0.18049 0.18131 0.18148 0.18113 0.18012 0.18038 0.18076 0.18051 0.18020 0.17984 0.17963 0.18009 0.18027 0.17969 0.17911 0.17975 0.18026 0.17968 0.17893 0.17955 0.18019 0.17968 0.17895 0.17940 0.17995 0.17961 0.17931 0.17940 0.17974 0.17967 0.17884 0.20630 0.26117 0.31501 0.36698 0.42221 0.47778 0.53160 0.58309 0.63900 0.69530 0.72047 0.72023 0.72164 0.72262 0.71952 0.72150 0.72449 0.72083 0.71969 0.72155 0.72318 0.71891 0.71760 0.71919 0.71961
0.10961 0.10936 0.10944 0.10919 0.10891 0.10901 0.10910 0.10867 0.10820 0.10820 0.10872 0.10852 0.10781 0.10781 0.10846 0.10833 0.10758 0.10776 0.10832 0.10803 0.10747 0.10780 0.10823 0.10776 0.10741 0.10788 0.10822 0.10766 0.10754 0.10777 0.10779 0.10775 0.10771 0.10771 0.10775 0.13833 0.19932 0.26068 0.32181 0.38341 0.44513 0.50598 0.56651 0.62953 0.69174 0.72049 0.71954 0.72383 0.72197 0.72038 0.71955 0.72353 0.72100 0.71858 0.71740 0.71767 0.71849 0.71565 0.71405 0.71212
0.03632 0.03630 0.03627 0.03641 0.03642 0.03628 0.03608 0.03623 0.03627 0.03618 0.03607 0.03607 0.03606 0.03608 0.03612 0.03600 0.03590 0.03600 0.03609 0.03599 0.03584 0.03592 0.03609 0.03599 0.03583 0.03589 0.03606 0.03599 0.03588 0.03593 0.03602 0.03599 0.03582 0.03593 0.03608 0.07032 0.13785 0.20625 0.27605 0.34462 0.41079 0.48009 0.55056 0.61743 0.68505 0.72170 0.72304 0.71937 0.72128 0.72400 0.72198 0.71982 0.72182 0.72391 0.71924 0.71829 0.72035 0.72100 0.71837 0.71587
0.00000 0.00000 0.00000 0.00000 0.00000 0.00000 0.00000 0.00000 0.00000 0.00000 0.00000 0.00000 0.00000 0.00000 0.00000 0.00180 0.00542 0.00903 0.01256 0.01616 0.01986 0.02342 0.02691 0.03057 0.03426 0.03415 0.03050 0.02699 0.02340 0.01978 0.01618 0.01259 0.00900 0.00539 0.00180 0.03419 0.10262 0.17092 0.23954 0.30810 0.37623 0.44480 0.51479 0.58255 0.64935 0.68844 0.69124 0.69397 0.69736 0.70449 0.70477 0.70754 0.71058 0.71557 0.71797 0.71510 0.71021 0.70435 0.70179 0.69574
0.00000 0.00000 0.00000 0.00000 0.00000 0.00000 0.00000 0.00000 0.00000 0.00000 0.00000 0.00000 0.00000 0.00000 0.00000 0.00541 0.01626 0.02701 0.03774 0.04862 0.05951 0.07032 0.08089 0.09160 0.10265 0.10267 0.09165 0.08087 0.07023 0.05934 0.04842 0.03777 0.02708 0.01619 0.00538 0.03052 0.09202 0.15354 0.21357 0.27461 0.33779 0.39915 0.45882 0.52227 0.58330 0.61702 0.62898 0.64311 0.65240 0.66056 0.67318 0.68601 0.69383 0.70286 0.71634 0.71541 0.70174 0.69043 0.68083 0.67078
0.00000 0.00000 0.00000 0.00000 0.00000 0.00000 0.00000 0.00000 0.00000 0.00000 0.00000 0.00000 0.00000 0.00000 0.00000 0.00905 0.02696 0.04492 0.06325 0.08133 0.09895 0.11670 0.13499 0.15324 0.17106 0.17093 0.15284 0.13481 0.11693 0.09908 0.08095 0.06286 0.04496 0.02705 0.00900 0.02697 0.08096 0.13535 0.18904 0.24293 0.29754 0.35204 0.40526 0.45976 0.51448 0.55068 0.56850 0.58825 0.60407 0.62214 0.64105 0.66060 0.67513 0.69188 0.70912 0.70841 0.69030 0.66964 0.65027 0.62955
0.00000 0.00000 0.00000 0.00000 0.00000 0.00000 0.00000 0.00000 0.00000 0.00000 0.00000 0.00000 0.00000 0.00000 0.00000 0.01261 0.03787 0.06329 0.08834 0.11333 0.13893 0.16400 0.18864 0.21435 0.24011 0.23955 0.21404 0.18894 0.16371 0.13886 0.11363 0.08802 0.06285 0.03791 0.01264 0.02340 0.07009 0.11700 0.16446 0.21143 0.25749 0.30413 0.35227 0.39793 0.44548 0.48315 0.50777 0.53099 0.55779 0.58443 0.60849 0.63206 0.65922 0.68328 0.70663 0.70645 0.68289 0.65624 0.62988 0.60429
0.00000 0.00000 0.00000 0.00000 0.00000 0.00000 0.00000 0.00000 0.00000 0.00000 0.00000 0.00000 0.00000 0.00000 0.00000 0.01621 0.04884 0.08150 0.11367 0.14568 0.17806 0.21139 0.24397 0.27540 0.30752 0.30814 0.27575 0.24344 0.21080 0.17804 0.14595 0.11379 0.08107 0.04852 0.01623 0.01989 0.05945 0.09891 0.13911 0.17902 0.21774 0.25756 0.29843 0.33796 0.37725 0.41360 0.44601 0.47869 0.51191 0.54544 0.57521 0.60726 0.64042 0.67317 0.70272 0.70092 0.66747 0.63323 0.60111 0.56647
0.00000 0.00000 0.00000 0.00000 0.00000 0.00000 0.00000 0.00000 0.00000 0.00000 0.00000 0.00000 0.00000 0.00000 0.00000 0.01994 0.05959 0.09900 0.13923 0.17910 0.21772 0.25765 0.29849 0.33743 0.37555 0.37641 0.33743 0.29760 0.25746 0.21765 0.17858 0.13907 0.09902 0.05933 0.01982 0.01626 0.04874 0.08098 0.11352 0.14642 0.17890 0.21101 0.24370 0.27669 0.30895 0.34424 0.38462 0.42523 0.46460 0.50323 0.54378 0.58323 0.62210 0.66142 0.70281 0.69911 0.65833 0.62010 0.58087 0.54136
0.00000 0.00000 0.00000 0.00000 0.00000 0.00000 0.00000 0.00000 0.00000 0.00000 0.00000 0.00000 0.00000 0.00000 0.00000 0.02360 0.07046 0.11712 0.16410 0.21179 0.25888 0.30460 0.35095 0.39900 0.44580 0.44550 0.39880 0.35135 0.30426 0.25797 0.21121 0.16391 0.11703 0.07043 0.02346 0.01258 0.03783 0.06337 0.08847 0.11339 0.13903 0.16474 0.18965 0.21463 0.24025 0.27683 0.32371 0.37097 0.41715 0.46421 0.51207 0.56004 0.60340 0.64935 0.69630 0.69563 0.64707 0.59853 0.55068 0.50197
0.00000 0.00000 0.00000 0.00000 0.00000 0.00000 0.00000 0.00000 0.00000 0.00000 0.00000 0.00000 0.00000 0.00000 0.00000 0.02707 0.08151 0.13607 0.18938 0.24351 0.29891 0.35268 0.40480 0.45980 0.51583 0.51482 0.45910 0.40557 0.35261 0.29793 0.24275 0.18940 0.13568 0.08122 0.02702 0.00903 0.02708 0.04516 0.06322 0.08121 0.09935 0.11746 0.13554 0.15340 0.17181 0.20826 0.26214 0.31587 0.37066 0.42523 0.47881 0.53270 0.58753 0.63957 0.69273 0.69436 0.64065 0.58334 0.52887 0.47582
0.00000 0.00000 0.00000 0.00000 0.00000 0.00000 0.00000 0.00000 0.00000 0.00000 0.00000 0.00000 0.00000 0.00000 0.00000 0.03071 0.09231 0.15426 0.21570 0.27619 0.33731 0.39989 0.46096 0.52191 0.58377 0.58298 0.52108 0.46063 0.39939 0.33727 0.27607 0.21491 0.15347 0.09199 0.03073 0.00543 0.01625 0.02701 0.03799 0.04893 0.05952 0.07031 0.08148 0.09236 0.10302 0.13913 0.20079 0.26234 0.32416 0.38627 0.44580 0.50677 0.56977 0.63150 0.68819 0.68688 0.62579 0.56364 0.50227 0.43959
0.00000 0.00000 0.00000 0.00000 0.00000 0.00000 0.00000 0.00000 0.00000 0.00000 0.00000 0.00000 0.00000 0.00000 0.00000 0.03455 0.10310 0.17170 0.24137 0.30977 0.37684 0.44629 0.51679 0.58426 0.65031 0.65142 0.58536 0.51555 0.44439 0.37676 0.30987 0.24045 0.17093 0.10284 0.03444 0.00181 0.00541 0.00902 0.01268 0.01630 0.01988 0.02346 0.02716 0.03081 0.03434 0.07039 0.13947 0.20835 0.27666 0.34512 0.41425 0.48238 0.55056 0.62014 0.68872 0.68441 0.61562 0.54925 0.48064 0.41170
0.00000 0.00000 0.00000 0.00000 0.00000 0.00000 0.00000 0.00000 0.00000 0.00000 0.00000 0.00000 0.00000 0.00000 0.00000 0.03458 0.10342 0.17180 0.24051 0.31005 0.37853 0.44682 0.51579 0.58402 0.65170 0.65275 0.58495 0.51496 0.44541 0.37763 0.30957 0.24036 0.17138 0.10294 0.03435 0.00000 0.00000 0.00000 0.00000 0.00000 0.00000 0.00000 0.00000 0.00000 0.00000 0.03441 0.10337 0.17216 0.24026 0.30915 0.37895 0.44814 0.51361 0.58154 0.65146 0.65157 0.57999 0.50965 0.44103 0.37222
0.00000 0.00000 0.00000 0.00000 0.00000 0.00000 0.00000 0.00000 0.00000 0.00000 0.00000 0.00000 0.00000 0.00000 0.00000 0.03080 0.09270 0.15434 0.21517 0.27701 0.33953 0.40046 0.46029 0.52252 0.58625 0.58495 0.52057 0.46048 0.40105 0.33857 0.27562 0.21508 0.15422 0.09218 0.03061 0.00000 0.00000 0.00000 0.00000 0.00000 0.00000 0.00000 0.00000 0.00000 0.00000 0.03077 0.09244 0.15392 0.21526 0.27692 0.33846 0.40005 0.46124 0.52089 0.58160 0.58372 0.52159 0.45726 0.39598 0.33559
0.00000 0.00000 0.00000 0.00000 0.00000 0.00000 0.00000 0.00000 0.00000 0.00000 0.00000 0.00000 0.00000 0.00000 0.00000 0.02720 0.08170 0.13632 0.19042 0.24468 0.29925 0.35335 0.40691 0.46187 0.51694 0.51580 0.46040 0.40712 0.35353 0.29854 0.24386 0.18986 0.13572 0.08145 0.02717 0.00000 0.00000 0.00000 0.00000 0.00000 0.00000 0.00000 0.00000 0.00000 0.00000 0.02712 0.08161 0.13610 0.18995 0.24437 0.29868 0.35262 0.40709 0.46203 0.51318 0.51225 0.45858 0.40465 0.35070 0.29529
0.00000 0.00000 0.00000 0.00000 0.00000 0.00000 0.00000 0.00000 0.00000 0.00000 0.00000 0.00000 0.00000 0.00000 0.00000 0.02365 0.07080 0.11803 0.16533 0.21232 0.25894 0.30632 0.35423 0.40071 0.44585 0.44682 0.40169 0.35365 0.30479 0.25823 0.21250 0.16504 0.11719 0.07046 0.02362 0.00000 0.00000 0.00000 0.00000 0.00000 0.00000 0.00000 0.00000 0.00000 0.00000 0.02352 0.07079 0.11800 0.16457 0.21144 0.25935 0.30619 0.35209 0.39915 0.44680 0.44532 0.39681 0.35030 0.30359 0.25633
0.00000 0.00000 0.00000 0.00000 0.00000 0.00000 0.00000 0.00000 0.00000 0.00000 0.00000 0.00000 0.00000 0.00000 0.00000 0.02002 0.06000 0.09996 0.13984 0.17969 0.21942 0.25957 0.29966 0.33892 0.37798 0.37887 0.33974 0.29890 0.25829 0.21912 0.17976 0.13949 0.09942 0.05973 0.01994 0.00000 0.00000 0.00000 0.00000 0.00000 0.00000 0.00000 0.00000 0.00000 0.00000 0.01993 0.05992 0.09982 0.13929 0.17912 0.21961 0.25963 0.29748 0.33686 0.37881 0.37794 0.33549 0.29571 0.25683 0.21735
0.00000 0.00000 0.00000 0.00000 0.00000 0.00000 0.00000 0.00000 0.00000 0.00000 0.00000 0.00000 0.00000 0.00000 0.00000 0.01635 0.04918 0.08190 0.11437 0.14709 0.18003 0.21252 0.24438 0.27738 0.31124 0.31044 0.27629 0.24431 0.21279 0.17983 0.14626 0.11389 0.08182 0.04899 0.01625 0.00000 0.00000 0.00000 0.00000 0.00000 0.00000 0.00000 0.00000 0.00000 0.00000 0.01630 0.04904 0.08172 0.11405 0.14668 0.17958 0.21183 0.24385 0.27698 0.30902 0.30778 0.27592 0.24348 0.20997 0.17670
0.00000 0.00000 0.00000 0.00000 0.00000 0.00000 0.00000 0.00000 0.00000 0.00000 0.00000 0.00000 0.00000 0.00000 0.00000 0.01275 0.03825 0.06371 0.08908 0.11455 0.14006 0.16526 0.19030 0.21619 0.24198 0.24123 0.21523 0.19050 0.16547 0.13962 0.11396 0.08882 0.06350 0.03809 0.01270 0.00000 0.00000 0.00000 0.00000 0.00000 0.00000 0.00000 0.00000 0.00000 0.00000 0.01268 0.03816 0.06366 0.08878 0.11402 0.13953 0.16487 0.19037 0.21546 0.23956 0.23963 0.21497 0.18893 0.16331 0.13802
0.00000 0.00000 0.00000 0.00000 0.00000 0.00000 0.00000 0.00000 0.00000 0.00000 0.00000 0.00000 0.00000 0.00000 0.00000 0.00914 0.02728 0.04546 0.06375 0.08192 0.09989 0.11812 0.13656 0.15449 0.17192 0.17229 0.15488 0.13635 0.11751 0.09951 0.08192 0.06368 0.04517 0.02713 0.00910 0.00000 0.00000 0.00000 0.00000 0.00000 0.00000 0.00000 0.00000 0.00000 0.00000 0.00907 0.02727 0.04549 0.06340 0.08146 0.09978 0.11813 0.13593 0.15328 0.17145 0.17186 0.15319 0.13430 0.11661 0.09842
0.00000 0.00000 0.00000 0.00000 0.00000 0.00000 0.00000 0.00000 0.00000 0.00000 0.00000 0.00000 0.00000 0.00000 0.00000 0.00548 0.01639 0.02732 0.03820 0.04914 0.06003 0.07100 0.08194 0.09261 0.10330 0.10366 0.09292 0.08167 0.07060 0.05993 0.04914 0.03812 0.02718 0.01633 0.00545 0.00000 0.00000 0.00000 0.00000 0.00000 0.00000 0.00000 0.00000 0.00000 0.00000 0.00545 0.01637 0.02723 0.03805 0.04900 0.06002 0.07086 0.08134 0.09203 0.10338 0.10308 0.09173 0.08097 0.07029 0.05939
0.00000 0.00000 0.00000 0.00000 0.00000 0.00000 0.00000 0.00000 0.00000 0.00000 0.00000 0.00000 0.00000 0.00000 0.00000 0.00182 0.00548 0.00914 0.01272 0.01635 0.02006 0.02369 0.02722 0.03090 0.03466 0.03457 0.03077 0.02722 0.02370 0.02003 0.01629 0.01268 0.00911 0.00546 0.00181 0.00000 0.00000 0.00000 0.00000 0.00000 0.00000 0.00000 0.00000 0.00000 0.00000 0.00182 0.00546 0.00908 0.01270 0.01638 0.01999 0.02354 0.02712 0.03088 0.03442 0.03421 0.03062 0.02702 0.02337 0.01961
0.00000 0.00000 0.00000 0.00000 0.00000 0.00000 0.00000 0.00000 0.00000 0.00000 0.00000 0.00000 0.00000 0.00000 0.00000 0.00000 0.00000 0.00000 0.00000 0.00000 0.00000 0.00000 0.00000 0.00000 0.00000 0.00000 0.00000 0.00000 0.00000 0.00000 0.00000 0.00000 0.00000 0.00000 0.00000 0.00000 0.00000 0.00000 0.00000 0.00000 0.00000 0.00000 0.00000 0.00000 0.00000 0.00000 0.00000 0.00000 0.00000 0.00000 0.00000 0.00000 0.00000 0.00000 0.00000 0.00000 0.00000 0.00000 0.00000 0.00000
0.00000 0.00000 0.00000 0.00000 0.00000 0.00000 0.00000 0.00000 0.00000 0.00000 0.00000 0.00000 0.00000 0.00000 0.00000 0.00000 0.00000 0.00000 0.00000 0.00000 0.00000 0.00000 0.00000 0.00000 0.00000 0.00000 0.00000 0.00000 0.00000 0.00000 0.00000 0.00000 0.00000 0.00000 0.00000 0.00000 0.00000 0.00000 0.00000 0.00000 0.00000 0.00000 0.00000 0.00000 0.00000 0.00000 0.00000 0.00000 0.00000 0.00000 0.00000 0.00000 0.00000 0.00000 0.00000 0.00000 0.00000 0.00000 0.00000 0.00000
0.00000 0.00000 0.00000 0.00000 0.00000 0.00000 0.00000 0.00000 0.00000 0.00000 0.00000 0.00000 0.00000 0.00000 0.00000 0.00000 0.00000 0.00000 0.00000 0.00000 0.00000 0.00000 0.00000 0.00000 0.00000 0.00000 0.00000 0.00000 0.00000 0.00000 0.00000 0.00000 0.00000 0.00000 0.00000 0.00000 0.00000 0.00000 0.00000 0.00000 0.00000 0.00000 0.00000 0.00000 0.00000 0.00000 0.00000 0.00000 0.00000 0.00000 0.00000 0.00000 0.00000 0.00000 0.00000 0.00000 0.00000 0.00000 0.00000 0.00000
0.00000 0.00000 0.00000 0.00000 0.00000 0.00000 0.00000 0.00000 0.00000 0.00000 0.00000 0.00000 0.00000 0.00000 0.00000 0.00000 0.00000 0.00000 0.00000 0.00000 0.00000 0.00000 0.00000 0.00000 0.00000 0.00000 0.00000 0.00000 0.00000 0.00000 0.00000 0.00000 0.00000 0.00000 0.00000 0.00000 0.00000 0.00000 0.00000 0.00000 0.00000 0.00000 0.00000 0.00000 0.00000 0.00000 0.00000 0.00000 0.00000 0.00000 0.00000 0.00000 0.00000 0.00000 0.00000 0.00000 0.00000 0.00000 0.00000 0.00000
0.00000 0.00000 0.00000 0.00000 0.00000 0.00000 0.00000 0.00000 0.00000 0.00000 0.00000 0.00000 0.00000 0.00000 0.00000 0.00000 0.00000 0.00000 0.00000 0.00000 0.00000 0.00000 0.00000 0.00000 0.00000 0.00000 0.00000 0.00000 0.00000 0.00000 0.00000 0.00000 0.00000 0.00000 0.00000 0.00000 0.00000 0.00000 0.00000 0.00000 0.00000 0.00000 0.00000 0.00000 0.00000 0.00000 0.00000 0.00000 0.00000 0.00000 0.00000 0.00000 0.00000 0.00000 0.00000 0.00000 0.00000 0.00000 0.00000 0.00000
0.00000 0.00000 0.00000 0.00000 0.00000 0.00000 0.00000 0.00000 0.00000 0.00000 0.00000 0.00000 0.00000 0.00000 0.00000 0.00000 0.00000 0.00000 0.00000 0.00000 0.00000 0.00000 0.00000 0.00000 0.00000 0.00000 0.00000 0.00000 0.00000 0.00000 0.00000 0.00000 0.00000 0.00000 0.00000 0.00000 0.00000 0.00000 0.00000 0.00000 0.00000 0.00000 0.00000 0.00000 0.00000 0.00000 0.00000 0.00000 0.00000 0.00000 0.00000 0.00000 0.00000 0.00000 0.00000 0.00000 0.00000 0.00000 0.00000 0.00000
0.00000 0.00000 0.00000 0.00000 0.00000 0.00000 0.00000 0.00000 0.00000 0.00000 0.00000 0.00000 0.00000 0.00000 0.00000 0.00000 0.00000 0.00000 0.00000 0.00000 0.00000 0.00000 0.00000 0.00000 0.00000 0.00000 0.00000 0.00000 0.00000 0.00000 0.00000 0.00000 0.00000 0.00000 0.00000 0.00000 0.00000 0.00000 0.00000 0.00000 0.00000 0.00000 0.00000 0.00000 0.00000 0.00000 0.00000 0.00000 0.00000 0.00000 0.00000 0.00000 0.00000 0.00000 0.00000 0.00000 0.00000 0.00000 0.00000 0.00000
0.00000 0.00000 0.00000 0.00000 0.00000 0.00000 0.00000 0.00000 0.00000 0.00000 0.00000 0.00000 0.00000 0.00000 0.00000 0.00000 0.00000 0.00000 0.00000 0.00000 0.00000 0.00000 0.00000 0.00000 0.00000 0.00000 0.00000 0.00000 0.00000 0.00000 0.00000 0.00000 0.00000 0.00000 0.00000 0.00000 0.00000 0.00000 0.00000 0.00000 0.00000 0.00000 0.00000 0.00000 0.00000 0.00000 0.00000 0.00000 0.00000 0.00000 0.00000 0.00000 0.00000 0.00000 0.00000 0.00000 0.00000 0.00000 0.00000 0.00000
0.00000 0.00000 0.00000 0.00000 0.00000 0.00000 0.00000 0.00000 0.00000 0.00000 0.00000 0.00000 0.00000 0.00000 0.00000 0.00000 0.00000 0.00000 0.00000 0.00000 0.00000 0.00000 0.00000 0.00000 0.00000 0.00000 0.00000 0.00000 0.00000 0.00000 0.00000 0.00000 0.00000 0.00000 0.00000 0.00000 0.00000 0.00000 0.00000 0.00000 0.00000 0.00000 0.00000 0.00000 0.00000 0.00000 0.00000 0.00000 0.00000 0.00000 0.00000 0.00000 0.00000 0.00000 0.00000 0.00000 0.00000 0.00000 0.00000 0.00000
0.00000 0.00000 0.00000 0.00000 0.00000 0.00000 0.00000 0.00000 0.00000 0.00000 0.00000 0.00000 0.00000 0.00000 0.00000 0.00000 0.00000 0.00000 0.00000 0.00000 0.00000 0.00000 0.00000 0.00000 0.00000 0.00000 0.00000 0.00000 0.00000 0.00000 0.00000 0.00000 0.00000 0.00000 0.00000 0.00000 0.00000 0.00000 0.00000 0.00000 0.00000 0.00000 0.00000 0.00000 0.00000 0.00000 0.00000 0.00000 0.00000 0.00000 0.00000 0.00000 0.00000 0.00000 0.00000 0.00000 0.00000 0.00000 0.00000 0.00000
0.00000 0.00000 0.00000 0.00000 0.00000 0.00000 0.00000 0.00000 0.00000 0.00000 0.00000 0.00000 0.00000 0.00000 0.00000 0.00000 0.00000 0.00000 0.00000 0.00000 0.00000 0.00000 0.00000 0.00000 0.00000 0.00000 0.00000 0.00000 0.00000 0.00000 0.00000 0.00000 0.00000 0.00000 0.00000 0.00000 0.00000 0.00000 0.00000 0.00000 0.00000 0.00000 0.00000 0.00000 0.00000 0.00000 0.00000 0.00000 0.00000 0.00000 0.00000 0.00000 0.00000 0.00000 0.00000 0.00000 0.00000 0.00000 0.00000 0.00000
0.00000 0.00000 0.00000 0.00000 0.00000 0.00000 0.00000 0.00000 0.00000 0.00000 0.00000 0.00000 0.00000 0.00000 0.00000 0.00000 0.00000 0.00000 0.00000 0.00000 0.00000 0.00000 0.00000 0.00000 0.00000 0.00000 0.00000 0.00000 0.00000 0.00000 0.00000 0.00000 0.00000 0.00000 0.00000 0.00000 0.00000 0.00000 0.00000 0.00000 0.00000 0.00000 0.00000 0.00000 0.00000 0.00000 0.00000 0.00000 0.00000 0.00000 0.00000 0.00000 0.00000 0.00000 0.00000 0.00000 0.00000 0.00000 0.00000 0.00000
0.00000 0.00000 0.00000 0.00000 0.00000 0.00000 0.00000 0.00000 0.00000 0.00000 0.00000 0.00000 0.00000 0.00000 0.00000 0.00000 0.00000 0.00000 0.00000 0.00000 0.00000 0.00000 0.00000 0.00000 0.00000 0.00000 0.00000 0.00000 0.00000 0.00000 0.00000 0.00000 0.00000 0.00000 0.00000 0.00000 0.00000 0.00000 0.00000 0.00000 0.00000 0.00000 0.00000 0.00000 0.00000 0.00000 0.00000 0.00000 0.00000 0.00000 0.00000 0.00000 0.00000 0.00000 0.00000 0.00000 0.00000 0.00000 0.00000 0.00000
0.00000 0.00000 0.00000 0.00000 0.00000 0.00000 0.00000 0.00000 0.00000 0.00000 0.00000 0.00000 0.00000 0.00000 0.00000 0.00000 0.00000 0.00000 0.00000 0.00000 0.00000 0.00000 0.00000 0.00000 0.00000 0.00000 0.00000 0.00000 0.00000 0.00000 0.00000 0.00000 0.00000 0.00000 0.00000 0.00000 0.00000 0.00000 0.00000 0.00000 0.00000 0.00000 0.00000 0.00000 0.00000 0.00000 0.00000 0.00000 0.00000 0.00000 0.00000 0.00000 0.00000 0.00000 0.00000 0.00000 0.00000 0.00000 0.00000 0.00000
0.00000 0.00000 0.00000 0.00000 0.00000 0.00000 0.00000 0.00000 0.00000 0.00000 0.00000 0.00000 0.00000 0.00000 0.00000 0.00000 0.00000 0.00000 0.00000 0.00000 0.00000 0.00000 0.00000 0.00000 0.00000 0.00000 0.00000 0.00000 0.00000 0.00000 0.00000 0.00000 0.00000 0.00000 0.00000 0.00000 0.00000 0.00000 0.00000 0.00000 0.00000 0.00000 0.00000 0.00000 0.00000 0.00000 0.00000 0.00000 0.00000 0.00000 0.00000 0.00000 0.00000 0.00000 0.00000 0.00000 0.00000 0.00000 0.00000 0.00000
0.00000 0.00000 0.00000 0.00000 0.00000 0.00000 0.00000 0.00000 0.00000 0.00000 0.00000 0.00000 0.00000 0.00000 0.00000 0.00000 0.00000 0.00000 0.00000 0.00000 0.00000 0.00000 0.00000 0.00000 0.00000 0.00000 0.00000 0.00000 0.00000 0.00000 0.00000 0.00000 0.00000 0.00000 0.00000 0.00000 0.00000 0.00000 0.00000 0.00000 0.00000 0.00000 0.00000 0.00000 0.00000 0.00000 0.00000 0.00000 0.00000 0.00000 0.00000 0.00000 0.00000 0.00000 0.00000 0.00000 0.00000 0.00000 0.00000 0.00000
0.00000 0.00000 0.00000 0.00000 0.00000 0.00000 0.00000 0.00000 0.00000 0.00000 0.00000 0.00000 0.00000 0.00000 0.00000 0.00000 0.00000 0.00000 0.00000 0.00000 0.00000 0.00000 0.00000 0.00000 0.00000 0.00000 0.00000 0.00000 0.00000 0.00000 0.00000 0.00000 0.00000 0.00000 0.00000 0.00000 0.00000 0.00000 0.00000 0.00000 0.00000 0.00000 0.00000 0.00000 0.00000 0.00000 0.00000 0.00000 0.00000 0.00000 0.00000 0.00000 0.00000 0.00000 0.00000 0.00000 0.00000 0.00000 0.00000 0.00000
0.00000 0.00000 0.00000 0.00000 0.00000 0.00000 0.00000 0.00000 0.00000 0.00000 0.00000 0.00000 0.00000 0.00000 0.00000 0.00000 0.00000 0.00000 0.00000 0.00000 0.00000 0.00000 0.00000 0.00000 0.00000 0.00000 0.00000 0.00000 0.00000 0.00000 0.00000 0.00000 0.00000 0.00000 0.00000 0.00000 0.00000 0.00000 0.00000 0.00000 0.00000 0.00000 0.00000 0.00000 0.00000 0.00000 0.00000 0.00000 0.00000 0.00000 0.00000 0.00000 0.00000 0.00000 0.00000 0.00000 0.00000 0.00000 0.00000 0.00000
0.00000 0.00000 0.00000 0.00000 0.00000 0.00000 0.00000 0.00000 0.00000 0.00000 0.00000 0.00000 0.00000 0.00000 0.00000 0.00000 0.00000 0.00000 0.00000 0.00000 0.00000 0.00000 0.00000 0.00000 0.00000 0.00000 0.00000 0.00000 0.00000 0.00000 0.00000 0.00000 0.00000 0.00000 0.00000 0.00000 0.00000 0.00000 0.00000 0.00000 0.00000 0.00000 0.00000 0.00000 0.00000 0.00000 0.00000 0.00000 0.00000 0.00000 0.00000 0.00000 0.00000 0.00000 0.00000 0.00000 0.00000 0.00000 0.00000 0.00000
0.00000 0.00000 0.00000 0.00000 0.00000 0.00000 0.00000 0.00000 0.00000 0.00000 0.00000 0.00000 0.00000 0.00000 0.00000 0.00000 0.00000 0.00000 0.00000 0.00000 0.00000 0.00000 0.00000 0.00000 0.00000 0.00000 0.00000 0.00000 0.00000 0.00000 0.00000 0.00000 0.00000 0.00000 0.00000 0.00000 0.00000 0.00000 0.00000 0.00000 0.00000 0.00000 0.00000 0.00000 0.00000 0.00000 0.00000 0.00000 0.00000 0.00000 0.00000 0.00000 0.00000 0.00000 0.00000 0.00000 0.00000 0.00000 0.00000 0.00000
0.00000 0.00000 0.00000 0.00000 0.00000 0.00000 0.00000 0.00000 0.00000 0.00000 0.00000 0.00000 0.00000 0.00000 0.00000 0.00000 0.00000 0.00000 0.00000 0.00000 0.00000 0.00000 0.00000 0.00000 0.00000 0.00000 0.00000 0.00000 0.00000 0.00000 0.00000 0.00000 0.00000 0.00000 0.00000 0.00000 0.00000 0.00000 0.00000 0.00000 0.00000 0.00000 0.00000 0.00000 0.00000 0.00000 0.00000 0.00000 0.00000 0.00000 0.00000 0.00000 0.00000 0.00000 0.00000 0.00000 0.00000 0.00000 0.00000 0.00000
0.00000 0.00000 0.00000 0.00000 0.00000 0.00000 0.00000 0.00000 0.00000 0.00000 0.00000 0.00000 0.00000 0.00000 0.00000 0.00000 0.00000 0.00000 0.00000 0.00000 0.00000 0.00000 0.00000 0.00000 0.00000 0.00000 0.00000 0.00000 0.00000 0.00000 0.00000 0.00000 0.00000 0.00000 0.00000 0.00000 0.00000 0.00000 0.00000 0.00000 0.00000 0.00000 0.00000 0.00000 0.00000 0.00000 0.00000 0.00000 0.00000 0.00000 0.00000 0.00000 0.00000 0.00000 0.00000 0.00000 0.00000 0.00000 0.00000 0.00000
0.00000 0.00000 0.00000 0.00000 0.00000 0.00000 0.00000 0.00000 0.00000 0.00000 0.00000 0.00000 0.00000 0.00000 0.00000 0.00000 0.00000 0.00000 0.00000 0.00000 0.00000 0.00000 0.00000 0.00000 0.00000 0.00000 0.00000 0.00000 0.00000 0.00000 0.00000 0.00000 0.00000 0.00000 0.00000 0.00000 0.00000 0.00000 0.00000 0.00000 0.00000 0.00000 0.00000 0.00000 0.00000 0.00000 0.00000 0.00000 0.00000 0.00000 0.00000 0.00000 0.00000 0.00000 0.00000 0.00000 0.00000 0.00000 0.00000 0.00000
0.00000 0.00000 0.00000 0.00000 0.00000 0.00000 0.00000 0.00000 0.00000 0.00000 0.00000 0.00000 0.00000 0.00000 0.00000 0.00000 0.00000 0.00000 0.00000 0.00000 0.00000 0.00000 0.00000 0.00000 0.00000 0.00000 0.00000 0.00000 0.00000 0.00000 0.00000 0.00000 0.00000 0.00000 0.00000 0.00000 0.00000 0.00000 0.00000 0.00000 0.00000 0.00000 0.00000 0.00000 0.00000 0.00000 0.00000 0.00000 0.00000 0.00000 0.00000 0.00000 0.00000 0.00000 0.00000 0.00000 0.00000 0.00000 0.00000 0.00000
0.00000 0.00000 0.00000 0.00000 0.00000 0.00000 0.00000 0.00000 0.00000 0.00000 0.00000 0.00000 0.00000 0.00000 0.00000 0.00000 0.00000 0.00000 0.00000 0.00000 0.00000 0.00000 0.00000 0.00000 0.00000 0.00000 0.00000 0.00000 0.00000 0.00000 0.00000 0.00000 0.00000 0.00000 0.00000 0.00000 0.00000 0.00000 0.00000 0.00000 0.00000 0.00000 0.00000 0.00000 0.00000 0.00000 0.00000 0.00000 0.00000 0.00000 0.00000 0.00000 0.00000 0.00000 0.00000 0.00000 0.00000 0.00000 0.00000 0.00000
