0.00000 0.00000 0.00000 0.00000 0.00000 0.00000 0.00000 0.00000 0.00000 0.00000 0.00000 0.00000 0.00000 0.00000 0.00000 0.00000 0.00000 0.00000 0.00000 0.00000 0.00000 0.00000 0.00000 0.00000 0.00000 0.00000 0.00000 0.00000 0.00000 0.00000 0.00000 0.00000 0.00000 0.00000 0.00000 0.01980 0.05940 0.09853 0.13824 0.17725 0.21694 0.25491 0.29494 0.33304 0.37284 0.40603 0.43922 0.46987 0.50255 0.53226 0.56529 0.59579 0.62997 0.66025 0.69014 0.69065 0.66206 0.62801 0.59429 0.56031
0.00000 0.00000 0.00000 0.00000 0.00000 0.00000 0.00000 0.00000 0.00000 0.00000 0.00000 0.00000 0.00000 0.00000 0.00000 0.00000 0.00000 0.00000 0.00000 0.00000 0.00000 0.00000 0.00000 0.00000 0.00000 0.00000 0.00000 0.00000 0.00000 0.00000 0.00000 0.00000 0.00000 0.00000 0.00000 0.02331 0.07012 0.11690 0.16332 0.20879 0.25612 0.30266 0.34848 0.39266 0.44051 0.47618 0.49986 0.52220 0.54851 0.57419 0.59773 0.62016 0.64615 0.67232 0.69548 0.69280 0.67003 0.64577 0.62000 0.59315
0.00000 0.00000 0.00000 0.00000 0.00000 0.00000 0.00000 0.00000 0.00000 0.00000 0.00000 0.00000 0.00000 0.00000 0.00000 0.00000 0.00000 0.00000 0.00000 0.00000 0.00000 0.00000 0.00000 0.00000 0.00000 0.00000 0.00000 0.00000 0.00000 0.00000 0.00000 0.00000 0.00000 0.00000 0.00000 0.02690 0.08085 0.13492 0.18857 0.24092 0.29523 0.34916 0.40227 0.45302 0.50774 0.54366 0.56061 0.57503 0.59408 0.61313 0.63008 0.64521 0.66301 0.68246 0.70181 0.69724 0.67992 0.66203 0.64554 0.62572
0.00000 0.00000 0.00000 0.00000 0.00000 0.00000 0.00000 0.00000 0.00000 0.00000 0.00000 0.00000 0.00000 0.00000 0.00000 0.00000 0.00000 0.00000 0.00000 0.00000 0.00000 0.00000 0.00000 0.00000 0.00000 0.00000 0.00000 0.00000 0.00000 0.00000 0.00000 0.00000 0.00000 0.00000 0.00000 0.03064 0.09163 0.15218 0.21354 0.27464 0.33448 0.39387 0.45589 0.51711 0.57520 0.60893 0.62153 0.63307 0.64004 0.64915 0.66212 0.67354 0.68050 0.68963 0.70374 0.70382 0.69007 0.67867 0.67013 0.66008
0.00000 0.00000 0.00000 0.00000 0.00000 0.00000 0.00000 0.00000 0.00000 0.00000 0.00000 0.00000 0.00000 0.00000 0.00000 0.00000 0.00000 0.00000 0.00000 0.00000 0.00000 0.00000 0.00000 0.00000 0.00000 0.00000 0.00000 0.00000 0.00000 0.00000 0.00000 0.00000 0.00000 0.00000 0.00000 0.03428 0.10263 0.16999 0.23817 0.30713 0.37458 0.44008 0.50818 0.57756 0.64403 0.67607 0.68014 0.68582 0.68789 0.68792 0.69246 0.69850 0.70113 0.70035 0.70549 0.70847 0.70435 0.69571 0.69307 0.68957
0.00000 0.00000 0.00000 0.00000 0.00000 0.00000 0.00000 0.00000 0.00000 0.00000 0.00000 0.00000 0.00000 0.00000 0.00000 0.00000 0.00000 0.00000 0.00000 0.00000 0.00000 0.00000 0.00000 0.00000 0.00000 0.00000 0.00000 0.00000 0.00000 0.00000 0.00000 0.00000 0.00000 0.00000 0.00000 0.03414 0.10252 0.17076 0.23824 0.30573 0.37452 0.44263 0.50810 0.57487 0.64461 0.68065 0.67987 0.68248 0.68853 0.69196 0.69143 0.69404 0.70141 0.70424 0.70424 0.70456 0.70406 0.70055 0.69374 0.69096
0.00000 0.00000 0.00000 0.00000 0.00000 0.00000 0.00000 0.00000 0.00000 0.00000 0.00000 0.00000 0.00000 0.00000 0.00000 0.00000 0.00000 0.00000 0.00000 0.00000 0.00000 0.00000 0.00000 0.00000 0.00000 0.00000 0.00000 0.00000 0.00000 0.00000 0.00000 0.00000 0.00000 0.00000 0.00000 0.03051 0.09144 0.15299 0.21388 0.27341 0.33370 0.39595 0.45615 0.51443 0.57399 0.61208 0.62178 0.62944 0.63995 0.65303 0.66265 0.66938 0.68165 0.69559 0.70447 0.70022 0.69061 0.68233 0.67104 0.65801
0.00000 0.00000 0.00000 0.00000 0.00000 0.00000 0.00000 0.00000 0.00000 0.00000 0.00000 0.00000 0.00000 0.00000 0.00000 0.00000 0.00000 0.00000 0.00000 0.00000 0.00000 0.00000 0.00000 0.00000 0.00000 0.00000 0.00000 0.00000 0.00000 0.00000 0.00000 0.00000 0.00000 0.00000 0.00000 0.02698 0.08081 0.13460 0.18857 0.24206 0.29467 0.34818 0.40279 0.45595 0.50662 0.54212 0.56197 0.57878 0.59319 0.61071 0.63124 0.64764 0.66215 0.68089 0.70135 0.69973 0.67953 0.66278 0.64728 0.63027
0.00000 0.00000 0.00000 0.00000 0.00000 0.00000 0.00000 0.00000 0.00000 0.00000 0.00000 0.00000 0.00000 0.00000 0.00000 0.00000 0.00000 0.00000 0.00000 0.00000 0.00000 0.00000 0.00000 0.00000 0.00000 0.00000 0.00000 0.00000 0.00000 0.00000 0.00000 0.00000 0.00000 0.00000 0.00000 0.02346 0.07028 0.11640 0.16264 0.21009 0.25649 0.30176 0.34698 0.39487 0.44111 0.47502 0.49844 0.52557 0.55017 0.57208 0.59733 0.62445 0.64793 0.66895 0.69542 0.69925 0.67219 0.64396 0.61926 0.59502
0.00000 0.00000 0.00000 0.00000 0.00000 0.00000 0.00000 0.00000 0.00000 0.00000 0.00000 0.00000 0.00000 0.00000 0.00000 0.00000 0.00000 0.00000 0.00000 0.00000 0.00000 0.00000 0.00000 0.00000 0.00000 0.00000 0.00000 0.00000 0.00000 0.00000 0.00000 0.00000 0.00000 0.00000 0.00000 0.01980 0.05934 0.09874 0.13791 0.17730 0.21718 0.25590 0.29383 0.33333 0.37397 0.40835 0.43809 0.47039 0.50479 0.53469 0.56396 0.59711 0.63091 0.66074 0.69069 0.69267 0.66253 0.62856 0.59477 0.56241
0.00000 0.00000 0.00000 0.00000 0.00000 0.00000 0.00000 0.00000 0.00000 0.00000 0.00000 0.00000 0.00000 0.00000 0.00000 0.00000 0.00000 0.00000 0.00000 0.00000 0.00000 0.00000 0.00000 0.00000 0.00000 0.00000 0.00000 0.00000 0.00000 0.00000 0.00000 0.00000 0.00000 0.00000 0.00000 0.01615 0.04840 0.08103 0.11328 0.14490 0.17659 0.20924 0.24167 0.27319 0.30367 0.34032 0.37996 0.41781 0.45580 0.49661 0.53542 0.57142 0.61180 0.65279 0.69002 0.68693 0.64910 0.61316 0.57328 0.53272
0.00000 0.00000 0.00000 0.00000 0.00000 0.00000 0.00000 0.00000 0.00000 0.00000 0.00000 0.00000 0.00000 0.00000 0.00000 0.00000 0.00000 0.00000 0.00000 0.00000 0.00000 0.00000 0.00000 0.00000 0.00000 0.00000 0.00000 0.00000 0.00000 0.00000 0.00000 0.00000 0.00000 0.00000 0.00000 0.01261 0.03779 0.06279 0.08790 0.11298 0.13753 0.16255 0.18820 0.21261 0.23660 0.27216 0.32005 0.36494 0.40948 0.45595 0.50435 0.54806 0.59251 0.64067 0.68732 0.68549 0.63831 0.59303 0.54841 0.50145
0.00000 0.00000 0.00000 0.00000 0.00000 0.00000 0.00000 0.00000 0.00000 0.00000 0.00000 0.00000 0.00000 0.00000 0.00000 0.00000 0.00000 0.00000 0.00000 0.00000 0.00000 0.00000 0.00000 0.00000 0.00000 0.00000 0.00000 0.00000 0.00000 0.00000 0.00000 0.00000 0.00000 0.00000 0.00000 0.00902 0.02702 0.04480 0.06263 0.08062 0.09869 0.11652 0.13355 0.15136 0.16975 0.20514 0.25734 0.31131 0.36524 0.41713 0.47060 0.52497 0.57684 0.62798 0.68277 0.68526 0.62999 0.57452 0.52208 0.47033
0.00000 0.00000 0.00000 0.00000 0.00000 0.00000 0.00000 0.00000 0.00000 0.00000 0.00000 0.00000 0.00000 0.00000 0.00000 0.00000 0.00000 0.00000 0.00000 0.00000 0.00000 0.00000 0.00000 0.00000 0.00000 0.00000 0.00000 0.00000 0.00000 0.00000 0.00000 0.00000 0.00000 0.00000 0.00000 0.00539 0.01613 0.02699 0.03775 0.04830 0.05905 0.06988 0.08031 0.09086 0.10197 0.13747 0.19724 0.25735 0.31984 0.37890 0.43738 0.49876 0.56004 0.61894 0.67814 0.67978 0.61962 0.55831 0.49728 0.43688
0.00000 0.00000 0.00000 0.00000 0.00000 0.00000 0.00000 0.00000 0.00000 0.00000 0.00000 0.00000 0.00000 0.00000 0.00000 0.00000 0.00000 0.00000 0.00000 0.00000 0.00000 0.00000 0.00000 0.00000 0.00000 0.00000 0.00000 0.00000 0.00000 0.00000 0.00000 0.00000 0.00000 0.00000 0.00000 0.00180 0.00539 0.00898 0.01258 0.01616 0.01965 0.02317 0.02686 0.03043 0.03381 0.06929 0.13740 0.20482 0.27209 0.33968 0.40696 0.47330 0.54181 0.61012 0.67519 0.67442 0.60853 0.54274 0.47412 0.40582
0.00000 0.00000 0.00000 0.00000 0.00000 0.00000 0.00000 0.00000 0.00000 0.00000 0.00000 0.00000 0.00000 0.00000 0.00000 0.00183 0.00551 0.00920 0.01285 0.01643 0.02010 0.02380 0.02742 0.03092 0.03455 0.03459 0.03091 0.02722 0.02355 0.01988 0.01625 0.01268 0.00905 0.00540 0.00180 0.00180 0.00541 0.00896 0.01253 0.01617 0.01972 0.02320 0.02679 0.03044 0.03385 0.06928 0.13753 0.20520 0.27177 0.33829 0.40776 0.47457 0.54086 0.60898 0.67590 0.67568 0.60832 0.54091 0.47359 0.40607
0.00000 0.00000 0.00000 0.00000 0.00000 0.00000 0.00000 0.00000 0.00000 0.00000 0.00000 0.00000 0.00000 0.00000 0.00000 0.00552 0.01651 0.02751 0.03853 0.04949 0.06032 0.07118 0.08219 0.09306 0.10370 0.10351 0.09276 0.08178 0.07070 0.05963 0.04890 0.03800 0.02709 0.01624 0.00540 0.00540 0.01620 0.02696 0.03763 0.04830 0.05918 0.06998 0.08027 0.09069 0.10185 0.13758 0.19767 0.25754 0.31851 0.37893 0.43989 0.49969 0.55775 0.61950 0.68101 0.68040 0.61845 0.55908 0.49942 0.43946
0.00000 0.00000 0.00000 0.00000 0.00000 0.00000 0.00000 0.00000 0.00000 0.00000 0.00000 0.00000 0.00000 0.00000 0.00000 0.00923 0.02759 0.04573 0.06411 0.08260 0.10075 0.11838 0.13668 0.15523 0.17317 0.17235 0.15426 0.13633 0.11777 0.09972 0.08164 0.06318 0.04506 0.02712 0.00903 0.00898 0.02692 0.04502 0.06294 0.08048 0.09832 0.11667 0.13412 0.15127 0.16950 0.20570 0.25810 0.30994 0.36504 0.41868 0.47099 0.52295 0.57631 0.63060 0.68465 0.68359 0.62905 0.57655 0.52382 0.47009
0.00000 0.00000 0.00000 0.00000 0.00000 0.00000 0.00000 0.00000 0.00000 0.00000 0.00000 0.00000 0.00000 0.00000 0.00000 0.01287 0.03862 0.06427 0.08982 0.11529 0.14085 0.16635 0.19171 0.21669 0.24200 0.24218 0.21646 0.19022 0.16457 0.13962 0.11420 0.08852 0.06315 0.03786 0.01263 0.01261 0.03772 0.06279 0.08806 0.11319 0.13765 0.16232 0.18797 0.21322 0.23704 0.27182 0.31905 0.36567 0.41197 0.45642 0.50192 0.54973 0.59637 0.64095 0.68500 0.68841 0.64302 0.59418 0.54768 0.50347
0.00000 0.00000 0.00000 0.00000 0.00000 0.00000 0.00000 0.00000 0.00000 0.00000 0.00000 0.00000 0.00000 0.00000 0.00000 0.01650 0.04960 0.08287 0.11559 0.14783 0.18090 0.21428 0.24672 0.27811 0.31090 0.31171 0.27824 0.24447 0.21187 0.17949 0.14637 0.11389 0.08139 0.04868 0.01620 0.01623 0.04863 0.08073 0.11291 0.14561 0.17757 0.20881 0.24111 0.27422 0.30517 0.33923 0.37952 0.41961 0.45759 0.49405 0.53433 0.57496 0.61432 0.65135 0.68897 0.69112 0.65372 0.61304 0.57290 0.53368
0.00000 0.00000 0.00000 0.00000 0.00000 0.00000 0.00000 0.00000 0.00000 0.00000 0.00000 0.00000 0.00000 0.00000 0.00000 0.02023 0.06057 0.10091 0.14111 0.18131 0.22160 0.26112 0.30075 0.34107 0.38114 0.37975 0.33920 0.29972 0.25976 0.21887 0.17892 0.13929 0.09958 0.05960 0.01979 0.01978 0.05946 0.09895 0.13796 0.17719 0.21719 0.25680 0.29438 0.33283 0.37336 0.40961 0.44034 0.47078 0.50299 0.53641 0.56920 0.59830 0.62887 0.66397 0.69689 0.69328 0.66079 0.63207 0.60047 0.56671
0.00000 0.00000 0.00000 0.00000 0.00000 0.00000 0.00000 0.00000 0.00000 0.00000 0.00000 0.00000 0.00000 0.00000 0.00000 0.02399 0.07165 0.11893 0.16675 0.21489 0.26187 0.30795 0.35536 0.40374 0.45038 0.44809 0.40106 0.35478 0.30676 0.25857 0.21152 0.16480 0.11744 0.07038 0.02346 0.02340 0.07009 0.11696 0.16352 0.20954 0.25599 0.30343 0.34888 0.39368 0.44081 0.47777 0.50109 0.52360 0.54953 0.57615 0.60062 0.62255 0.64706 0.67440 0.70055 0.69797 0.67164 0.64852 0.62546 0.60010
0.00000 0.00000 0.00000 0.00000 0.00000 0.00000 0.00000 0.00000 0.00000 0.00000 0.00000 0.00000 0.00000 0.00000 0.00000 0.02759 0.08268 0.13762 0.19278 0.24725 0.30136 0.35626 0.41138 0.46466 0.51807 0.51886 0.46385 0.40802 0.35356 0.29916 0.24424 0.18952 0.13526 0.08120 0.02711 0.02703 0.08081 0.13467 0.18901 0.24261 0.29489 0.34819 0.40330 0.45732 0.50799 0.54240 0.56153 0.58034 0.59779 0.61296 0.62999 0.65032 0.66876 0.68316 0.69992 0.70364 0.68685 0.66560 0.64701 0.63100
0.00000 0.00000 0.00000 0.00000 0.00000 0.00000 0.00000 0.00000 0.00000 0.00000 0.00000 0.00000 0.00000 0.00000 0.00000 0.03121 0.09374 0.15654 0.21827 0.27961 0.34172 0.40465 0.46617 0.52597 0.58747 0.58848 0.52589 0.46220 0.40047 0.33909 0.27712 0.21480 0.15336 0.09214 0.03062 0.03061 0.09186 0.15279 0.21354 0.27485 0.33532 0.39509 0.45599 0.51792 0.57692 0.61035 0.62205 0.63437 0.64388 0.65134 0.66237 0.67556 0.68655 0.69426 0.70366 0.70677 0.69735 0.68438 0.67223 0.66185
0.00000 0.00000 0.00000 0.00000 0.00000 0.00000 0.00000 0.00000 0.00000 0.00000 0.00000 0.00000 0.00000 0.00000 0.00000 0.03494 0.10474 0.17448 0.24350 0.31303 0.38323 0.45137 0.51926 0.58925 0.65802 0.65609 0.58766 0.51825 0.44777 0.37815 0.30989 0.24083 0.17162 0.10265 0.03422 0.03428 0.10281 0.17080 0.23835 0.30639 0.37592 0.44367 0.50841 0.57550 0.64583 0.68225 0.68267 0.68464 0.68870 0.69400 0.69818 0.69824 0.70075 0.70745 0.71199 0.70804 0.70330 0.70356 0.70126 0.69774
0.00000 0.00000 0.00000 0.00000 0.00000 0.00000 0.00000 0.00000 0.00000 0.00000 0.00000 0.00000 0.00000 0.00000 0.00000 0.03501 0.10467 0.17405 0.24388 0.31385 0.38270 0.45079 0.51982 0.58939 0.65814 0.65712 0.58718 0.51789 0.44814 0.37849 0.30953 0.24088 0.17160 0.10268 0.03429 0.03610 0.10793 0.17974 0.25158 0.32296 0.39428 0.46651 0.53682 0.60692 0.67904 0.71590 0.71394 0.71127 0.71211 0.71448 0.71378 0.71025 0.71000 0.71290 0.71346 0.71026 0.70911 0.71181 0.71310 0.71274
0.00000 0.00000 0.00000 0.00000 0.00000 0.00000 0.00000 0.00000 0.00000 0.00000 0.00000 0.00000 0.00000 0.00000 0.00000 0.03130 0.09378 0.15591 0.21868 0.28051 0.34180 0.40384 0.46602 0.52661 0.58882 0.58899 0.52481 0.46231 0.40123 0.33960 0.27697 0.21477 0.15357 0.09227 0.03067 0.03594 0.10786 0.17997 0.25222 0.32327 0.39344 0.46479 0.53867 0.61026 0.67785 0.71251 0.71412 0.71477 0.71399 0.71193 0.71072 0.71314 0.71426 0.71087 0.70933 0.71236 0.71323 0.71161 0.71004 0.71134
0.00000 0.00000 0.00000 0.00000 0.00000 0.00000 0.00000 0.00000 0.00000 0.00000 0.00000 0.00000 0.00000 0.00000 0.00000 0.02756 0.08280 0.13796 0.19258 0.24713 0.30197 0.35672 0.41086 0.46500 0.51993 0.51891 0.46329 0.40810 0.35415 0.29965 0.24432 0.18954 0.13563 0.08134 0.02702 0.03602 0.10808 0.17991 0.25149 0.32331 0.39456 0.46541 0.53747 0.60959 0.67875 0.71286 0.71403 0.71562 0.71418 0.71095 0.71107 0.71349 0.71413 0.71100 0.70927 0.71291 0.71417 0.71053 0.70948 0.70991
0.00000 0.00000 0.00000 0.00000 0.00000 0.00000 0.00000 0.00000 0.00000 0.00000 0.00000 0.00000 0.00000 0.00000 0.00000 0.02390 0.07181 0.11955 0.16669 0.21419 0.26217 0.30905 0.35593 0.40389 0.45036 0.44887 0.40176 0.35507 0.30734 0.25872 0.21164 0.16503 0.11759 0.07023 0.02346 0.03614 0.10802 0.17952 0.25138 0.32329 0.39561 0.46668 0.53629 0.60677 0.68013 0.71631 0.71432 0.71322 0.71272 0.71360 0.71449 0.71237 0.71060 0.71194 0.71310 0.71266 0.71036 0.71059 0.71146 0.71287
0.00000 0.00000 0.00000 0.00000 0.00000 0.00000 0.00000 0.00000 0.00000 0.00000 0.00000 0.00000 0.00000 0.00000 0.00000 0.02022 0.06073 0.10114 0.14115 0.18129 0.22161 0.26167 0.30178 0.34104 0.38051 0.38052 0.34076 0.30043 0.25922 0.21890 0.17961 0.13969 0.09928 0.05951 0.01988 0.03608 0.10785 0.17981 0.25199 0.32346 0.39440 0.46624 0.53723 0.60817 0.67974 0.71570 0.71454 0.71329 0.71241 0.71330 0.71502 0.71337 0.71050 0.71157 0.71421 0.71203 0.70998 0.71177 0.71281 0.71162
0.00000 0.00000 0.00000 0.00000 0.00000 0.00000 0.00000 0.00000 0.00000 0.00000 0.00000 0.00000 0.00000 0.00000 0.00000 0.01653 0.04969 0.08276 0.11565 0.14827 0.18127 0.21427 0.24654 0.27888 0.31185 0.31206 0.27873 0.24480 0.21195 0.18001 0.14715 0.11374 0.08119 0.04890 0.01626 0.03595 0.10803 0.18021 0.25191 0.32346 0.39446 0.46520 0.53797 0.61002 0.67925 0.71318 0.71528 0.71500 0.71238 0.71304 0.71501 0.71292 0.71077 0.71351 0.71406 0.70988 0.70923 0.71322 0.71297 0.71222
0.00000 0.00000 0.00000 0.00000 0.00000 0.00000 0.00000 0.00000 0.00000 0.00000 0.00000 0.00000 0.00000 0.00000 0.00000 0.01288 0.03861 0.06428 0.08992 0.11554 0.14116 0.16650 0.19155 0.21694 0.24307 0.24276 0.21612 0.19038 0.16561 0.14002 0.11396 0.08850 0.06343 0.03799 0.01261 0.03607 0.10826 0.17989 0.25168 0.32384 0.39463 0.46557 0.53822 0.61006 0.67785 0.71289 0.71653 0.71615 0.71234 0.71287 0.71435 0.71280 0.71166 0.71373 0.71345 0.71117 0.71111 0.71171 0.71157 0.71140
0.00000 0.00000 0.00000 0.00000 0.00000 0.00000 0.00000 0.00000 0.00000 0.00000 0.00000 0.00000 0.00000 0.00000 0.00000 0.00922 0.02759 0.04587 0.06422 0.08258 0.10082 0.11862 0.13691 0.15555 0.17353 0.17278 0.15441 0.13668 0.11840 0.09957 0.08137 0.06353 0.04533 0.02703 0.00902 0.03615 0.10813 0.17993 0.25203 0.32330 0.39459 0.46686 0.53837 0.60786 0.67887 0.71585 0.71537 0.71483 0.71526 0.71287 0.71180 0.71431 0.71572 0.71117 0.70998 0.71398 0.71512 0.71000 0.70952 0.70935
0.00000 0.00000 0.00000 0.00000 0.00000 0.00000 0.00000 0.00000 0.00000 0.00000 0.00000 0.00000 0.00000 0.00000 0.00000 0.00552 0.01657 0.02764 0.03853 0.04944 0.06041 0.07138 0.08242 0.09317 0.10378 0.10368 0.09307 0.08206 0.07070 0.05974 0.04907 0.03812 0.02708 0.01624 0.00543 0.03610 0.10806 0.18023 0.25186 0.32303 0.39546 0.46758 0.53674 0.60769 0.68243 0.71776 0.71278 0.71277 0.71578 0.71472 0.71206 0.71409 0.71494 0.71190 0.71116 0.71350 0.71385 0.71155 0.70931 0.70817
0.00000 0.00000 0.00000 0.00000 0.00000 0.00000 0.00000 0.00000 0.00000 0.00000 0.00000 0.00000 0.00000 0.00000 0.00000 0.00184 0.00553 0.00920 0.01285 0.01648 0.02016 0.02383 0.02743 0.03096 0.03463 0.03470 0.03101 0.02723 0.02357 0.02001 0.01636 0.01265 0.00903 0.00544 0.00181 0.03607 0.10813 0.18010 0.25188 0.32390 0.39581 0.46592 0.53722 0.60995 0.68138 0.71519 0.71487 0.71433 0.71366 0.71527 0.71591 0.71214 0.71106 0.71475 0.71505 0.71061 0.70908 0.71338 0.71391 0.71350
0.00000 0.00000 0.00000 0.00000 0.00000 0.00000 0.00000 0.00000 0.00000 0.00000 0.00000 0.00000 0.00000 0.00000 0.00000 0.00000 0.00000 0.00000 0.00000 0.00000 0.00000 0.00000 0.00000 0.00000 0.00000 0.00183 0.00545 0.00907 0.01276 0.01639 0.01990 0.02350 0.02722 0.03079 0.03430 0.07051 0.13891 0.20676 0.27567 0.34433 0.41092 0.47815 0.54830 0.61638 0.67992 0.71317 0.71737 0.71676 0.71308 0.71420 0.71550 0.71332 0.71207 0.71450 0.71502 0.71148 0.71076 0.71244 0.71319 0.71257
0.00000 0.00000 0.00000 0.00000 0.00000 0.00000 0.00000 0.00000 0.00000 0.00000 0.00000 0.00000 0.00000 0.00000 0.00000 0.00000 0.00000 0.00000 0.00000 0.00000 0.00000 0.00000 0.00000 0.00000 0.00000 0.00545 0.01637 0.02735 0.03824 0.04893 0.05974 0.07083 0.08166 0.09219 0.10295 0.13904 0.20018 0.26162 0.32272 0.38269 0.44330 0.50524 0.56623 0.62451 0.68522 0.71663 0.71593 0.71564 0.71636 0.71340 0.71227 0.71540 0.71616 0.71171 0.71066 0.71484 0.71533 0.71098 0.71022 0.71004
0.00000 0.00000 0.00000 0.00000 0.00000 0.00000 0.00000 0.00000 0.00000 0.00000 0.00000 0.00000 0.00000 0.00000 0.00000 0.00000 0.00000 0.00000 0.00000 0.00000 0.00000 0.00000 0.00000 0.00000 0.00000 0.00911 0.02740 0.04559 0.06348 0.08153 0.10007 0.11801 0.13581 0.15400 0.17173 0.20720 0.26203 0.31631 0.36880 0.42173 0.47742 0.53144 0.58179 0.63477 0.69227 0.71855 0.71380 0.71381 0.71663 0.71533 0.71298 0.71512 0.71574 0.71256 0.71205 0.71456 0.71540 0.71298 0.71155 0.71195
0.00000 0.00000 0.00000 0.00000 0.00000 0.00000 0.00000 0.00000 0.00000 0.00000 0.00000 0.00000 0.00000 0.00000 0.00000 0.00000 0.00000 0.00000 0.00000 0.00000 0.00000 0.00000 0.00000 0.00000 0.00000 0.01278 0.03828 0.06356 0.08905 0.11462 0.13996 0.16513 0.19026 0.21526 0.24042 0.27683 0.32364 0.36931 0.41552 0.46318 0.51010 0.55434 0.60034 0.64836 0.69485 0.71621 0.71633 0.71513 0.71430 0.71605 0.71673 0.71273 0.71168 0.71570 0.71602 0.71157 0.71012 0.71376 0.71463 0.71396
0.00000 0.00000 0.00000 0.00000 0.00000 0.00000 0.00000 0.00000 0.00000 0.00000 0.00000 0.00000 0.00000 0.00000 0.00000 0.00000 0.00000 0.00000 0.00000 0.00000 0.00000 0.00000 0.00000 0.00000 0.00000 0.01641 0.04915 0.08188 0.11479 0.14736 0.17991 0.21261 0.24432 0.27633 0.30991 0.34620 0.38406 0.42276 0.46405 0.50367 0.54028 0.57904 0.62167 0.66048 0.69525 0.71470 0.71832 0.71734 0.71403 0.71522 0.71651 0.71415 0.71318 0.71557 0.71638 0.71299 0.71219 0.71481 0.71667 0.71623
0.00000 0.00000 0.00000 0.00000 0.00000 0.00000 0.00000 0.00000 0.00000 0.00000 0.00000 0.00000 0.00000 0.00000 0.00000 0.00000 0.00000 0.00000 0.00000 0.00000 0.00000 0.00000 0.00000 0.00000 0.00000 0.02003 0.06017 0.10025 0.13998 0.17983 0.21998 0.25920 0.29866 0.33925 0.37892 0.41365 0.44515 0.47871 0.51144 0.54160 0.57274 0.60646 0.63922 0.66884 0.70058 0.71706 0.71682 0.71676 0.71714 0.71389 0.71303 0.71647 0.71682 0.71237 0.71148 0.71587 0.71637 0.71232 0.71130 0.71118
0.00000 0.00000 0.00000 0.00000 0.00000 0.00000 0.00000 0.00000 0.00000 0.00000 0.00000 0.00000 0.00000 0.00000 0.00000 0.00000 0.00000 0.00000 0.00000 0.00000 0.00000 0.00000 0.00000 0.00000 0.00000 0.02375 0.07115 0.11821 0.16558 0.21310 0.25925 0.30608 0.35441 0.40134 0.44636 0.48190 0.50862 0.53355 0.55626 0.58093 0.60850 0.63261 0.65384 0.67925 0.70751 0.71893 0.71514 0.71567 0.71746 0.71588 0.71425 0.71635 0.71686 0.71342 0.71326 0.71607 0.71735 0.71552 0.71420 0.71454
0.00000 0.00000 0.00000 0.00000 0.00000 0.00000 0.00000 0.00000 0.00000 0.00000 0.00000 0.00000 0.00000 0.00000 0.00000 0.00000 0.00000 0.00000 0.00000 0.00000 0.00000 0.00000 0.00000 0.00000 0.00000 0.02741 0.08201 0.13641 0.19160 0.24596 0.29920 0.35431 0.40925 0.46205 0.51474 0.55196 0.57070 0.58690 0.60282 0.62153 0.64085 0.65654 0.67286 0.69137 0.71003 0.71771 0.71757 0.71552 0.71514 0.71710 0.71737 0.71318 0.71277 0.71704 0.71703 0.71277 0.71174 0.71444 0.71560 0.71478
0.00000 0.00000 0.00000 0.00000 0.00000 0.00000 0.00000 0.00000 0.00000 0.00000 0.00000 0.00000 0.00000 0.00000 0.00000 0.00000 0.00000 0.00000 0.00000 0.00000 0.00000 0.00000 0.00000 0.00000 0.00000 0.03104 0.09295 0.15507 0.21691 0.27824 0.34062 0.40189 0.46217 0.52370 0.58584 0.62100 0.63026 0.64107 0.65263 0.66175 0.67049 0.68200 0.69477 0.70337 0.71120 0.71747 0.71877 0.71745 0.71559 0.71710 0.71730 0.71477 0.71433 0.71697 0.71749 0.71408 0.71360 0.71639 0.71855 0.71846
0.00000 0.00000 0.00000 0.00000 0.00000 0.00000 0.00000 0.00000 0.00000 0.00000 0.00000 0.00000 0.00000 0.00000 0.00000 0.00000 0.00000 0.00000 0.00000 0.00000 0.00000 0.00000 0.00000 0.00000 0.00000 0.03468 0.10401 0.17337 0.24190 0.31056 0.38088 0.44942 0.51650 0.58529 0.65534 0.69073 0.69137 0.69430 0.69983 0.70315 0.70338 0.70562 0.71152 0.71429 0.71676 0.71681 0.71733 0.71805 0.71784 0.71429 0.71427 0.71750 0.71740 0.71333 0.71310 0.71704 0.71750 0.71354 0.71237 0.71210
0.00000 0.00000 0.00000 0.00000 0.00000 0.00000 0.00000 0.00000 0.00000 0.00000 0.00000 0.00000 0.00000 0.00000 0.00000 0.00000 0.00000 0.00000 0.00000 0.00000 0.00000 0.00000 0.00000 0.00000 0.00000 0.03652 0.10974 0.18272 0.25455 0.32714 0.40060 0.47341 0.54481 0.61590 0.68880 0.72369 0.71803 0.71259 0.70976 0.70661 0.70238 0.69558 0.69242 0.68966 0.68587 0.68236 0.68145 0.68237 0.68215 0.68059 0.67971 0.68226 0.68170 0.67848 0.67875 0.68167 0.68280 0.68006 0.67907 0.67939
0.00000 0.00000 0.00000 0.00000 0.00000 0.00000 0.00000 0.00000 0.00000 0.00000 0.00000 0.00000 0.00000 0.00000 0.00000 0.00000 0.00000 0.00000 0.00000 0.00000 0.00000 0.00000 0.00000 0.00000 0.00000 0.03657 0.10975 0.18235 0.25502 0.32856 0.40052 0.47164 0.54508 0.61846 0.68873 0.71725 0.70787 0.69816 0.68434 0.67108 0.66204 0.65263 0.63916 0.62632 0.61662 0.61168 0.61088 0.60839 0.60910 0.61050 0.60978 0.60661 0.60729 0.61037 0.60981 0.60679 0.60628 0.60848 0.60946 0.60838
0.00000 0.00000 0.00000 0.00000 0.00000 0.00000 0.00000 0.00000 0.00000 0.00000 0.00000 0.00000 0.00000 0.00000 0.00000 0.00000 0.00000 0.00000 0.00000 0.00000 0.00000 0.00000 0.00000 0.00000 0.00000 0.03658 0.10951 0.18213 0.25595 0.32901 0.39971 0.47173 0.54609 0.61899 0.68819 0.71383 0.69788 0.68011 0.65885 0.63876 0.62310 0.60517 0.58568 0.56534 0.54867 0.54005 0.53927 0.53820 0.53780 0.53930 0.53840 0.53685 0.53648 0.53907 0.53861 0.53576 0.53621 0.53822 0.53914 0.53873
0.00000 0.00000 0.00000 0.00000 0.00000 0.00000 0.00000 0.00000 0.00000 0.00000 0.00000 0.00000 0.00000 0.00000 0.00000 0.00000 0.00000 0.00000 0.00000 0.00000 0.00000 0.00000 0.00000 0.00000 0.00000 0.03663 0.10920 0.18248 0.25605 0.32740 0.40006 0.47450 0.54588 0.61591 0.68903 0.71455 0.68662 0.65849 0.63430 0.61095 0.58290 0.55559 0.53156 0.50709 0.48011 0.46618 0.46738 0.46768 0.46638 0.46457 0.46599 0.46698 0.46587 0.46394 0.46480 0.46708 0.46662 0.46462 0.46431 0.46475
0.00000 0.00000 0.00000 0.00000 0.00000 0.00000 0.00000 0.00000 0.00000 0.00000 0.00000 0.00000 0.00000 0.00000 0.00000 0.00000 0.00000 0.00000 0.00000 0.00000 0.00000 0.00000 0.00000 0.00000 0.00000 0.03660 0.10951 0.18243 0.25519 0.32751 0.40149 0.47482 0.54445 0.61585 0.69103 0.71137 0.67442 0.64037 0.61053 0.57820 0.54282 0.50834 0.47824 0.44570 0.41221 0.39478 0.39546 0.39575 0.39518 0.39437 0.39412 0.39589 0.39474 0.39349 0.39353 0.39550 0.39538 0.39354 0.39355 0.39392
0.00000 0.00000 0.00000 0.00000 0.00000 0.00000 0.00000 0.00000 0.00000 0.00000 0.00000 0.00000 0.00000 0.00000 0.00000 0.00000 0.00000 0.00000 0.00000 0.00000 0.00000 0.00000 0.00000 0.00000 0.00000 0.03652 0.10995 0.18291 0.25463 0.32865 0.40172 0.47210 0.54518 0.61956 0.69014 0.70355 0.66478 0.62684 0.58419 0.54268 0.50404 0.46522 0.42303 0.38277 0.34426 0.32456 0.32285 0.32238 0.32372 0.32369 0.32235 0.32119 0.32300 0.32356 0.32237 0.32121 0.32226 0.32387 0.32366 0.32375
0.00000 0.00000 0.00000 0.00000 0.00000 0.00000 0.00000 0.00000 0.00000 0.00000 0.00000 0.00000 0.00000 0.00000 0.00000 0.00000 0.00000 0.00000 0.00000 0.00000 0.00000 0.00000 0.00000 0.00000 0.00000 0.03648 0.10992 0.18301 0.25494 0.32827 0.40071 0.47169 0.54731 0.61995 0.68838 0.69974 0.65592 0.60876 0.55796 0.50992 0.46523 0.41815 0.36940 0.32150 0.27589 0.25223 0.25175 0.25122 0.25151 0.25179 0.25121 0.25080 0.25082 0.25191 0.25102 0.25023 0.25063 0.25123 0.25115 0.25096
0.00000 0.00000 0.00000 0.00000 0.00000 0.00000 0.00000 0.00000 0.00000 0.00000 0.00000 0.00000 0.00000 0.00000 0.00000 0.00000 0.00000 0.00000 0.00000 0.00000 0.00000 0.00000 0.00000 0.00000 0.00000 0.03669 0.10961 0.18230 0.25569 0.32857 0.40079 0.47392 0.54591 0.61735 0.69030 0.70019 0.64338 0.58783 0.53425 0.48066 0.42414 0.36951 0.31628 0.26205 0.20654 0.17963 0.18025 0.18017 0.17910 0.17891 0.17997 0.17981 0.17894 0.17822 0.17980 0.17997 0.17926 0.17915 0.17939 0.18023
0.00000 0.00000 0.00000 0.00000 0.00000 0.00000 0.00000 0.00000 0.00000 0.00000 0.00000 0.00000 0.00000 0.00000 0.00000 0.00000 0.00000 0.00000 0.00000 0.00000 0.00000 0.00000 0.00000 0.00000 0.00000 0.03674 0.10943 0.18207 0.25628 0.32824 0.40050 0.47558 0.54473 0.61633 0.69216 0.69771 0.63088 0.56887 0.51004 0.44838 0.38404 0.32220 0.26225 0.20054 0.13855 0.10771 0.10812 0.10799 0.10767 0.10750 0.10783 0.10784 0.10747 0.10738 0.10765 0.10761 0.10729 0.10726 0.10745 0.10741
0.00000 0.00000 0.00000 0.00000 0.00000 0.00000 0.00000 0.00000 0.00000 0.00000 0.00000 0.00000 0.00000 0.00000 0.00000 0.00000 0.00000 0.00000 0.00000 0.00000 0.00000 0.00000 0.00000 0.00000 0.00000 0.03654 0.10972 0.18307 0.25603 0.32742 0.40031 0.47485 0.54655 0.61767 0.68999 0.69191 0.62249 0.55307 0.48322 0.41431 0.34579 0.27677 0.20728 0.13882 0.07042 0.03607 0.03588 0.03593 0.03602 0.03601 0.03578 0.03576 0.03601 0.03594 0.03579 0.03569 0.03598 0.03599 0.03591 0.03597
0.00000 0.00000 0.00000 0.00000 0.00000 0.00000 0.00000 0.00000 0.00000 0.00000 0.00000 0.00000 0.00000 0.00000 0.00000 0.00000 0.00000 0.00000 0.00000 0.00000 0.00000 0.00000 0.00000 0.00000 0.00000 0.03650 0.11006 0.18316 0.25484 0.32853 0.40152 0.47261 0.54692 0.62065 0.68863 0.68975 0.62370 0.55493 0.48192 0.41307 0.34606 0.27738 0.20704 0.13840 0.07042 0.03608 0.03590 0.03583 0.03600 0.03597 0.03578 0.03575 0.03596 0.03589 0.03576 0.03572 0.03593 0.03574 0.03569 0.03561
0.00000 0.00000 0.00000 0.00000 0.00000 0.00000 0.00000 0.00000 0.00000 0.00000 0.00000 0.00000 0.00000 0.00000 0.00000 0.00000 0.00000 0.00000 0.00000 0.00000 0.00000 0.00000 0.00000 0.00000 0.00000 0.03661 0.10993 0.18245 0.25487 0.32935 0.40220 0.47233 0.54566 0.62009 0.69110 0.69420 0.63358 0.57203 0.50928 0.44664 0.38548 0.32386 0.26212 0.20010 0.13866 0.10819 0.10809 0.10790 0.10748 0.10778 0.10780 0.10776 0.10722 0.10721 0.10783 0.10751 0.10732 0.10715 0.10751 0.10730
0.00000 0.00000 0.00000 0.00000 0.00000 0.00000 0.00000 0.00000 0.00000 0.00000 0.00000 0.00000 0.00000 0.00000 0.00000 0.00000 0.00000 0.00000 0.00000 0.00000 0.00000 0.00000 0.00000 0.00000 0.00000 0.03665 0.10935 0.18229 0.25614 0.32848 0.40104 0.47498 0.54568 0.61663 0.69225 0.70161 0.64333 0.58762 0.53568 0.48150 0.42443 0.36958 0.31654 0.26259 0.20685 0.17950 0.18000 0.18022 0.17883 0.17884 0.17962 0.17956 0.17849 0.17832 0.17982 0.17867 0.17854 0.17775 0.17861 0.17755
0.00000 0.00000 0.00000 0.00000 0.00000 0.00000 0.00000 0.00000 0.00000 0.00000 0.00000 0.00000 0.00000 0.00000 0.00000 0.00000 0.00000 0.00000 0.00000 0.00000 0.00000 0.00000 0.00000 0.00000 0.00000 0.03659 0.10942 0.18240 0.25620 0.32770 0.40036 0.47508 0.54690 0.61702 0.69227 0.70488 0.65500 0.60604 0.56154 0.51397 0.46469 0.41683 0.37095 0.32375 0.27573 0.25167 0.25153 0.25226 0.25116 0.25104 0.25050 0.25101 0.25080 0.25034 0.25061 0.24974 0.25072 0.24904 0.24978 0.24886
0.00000 0.00000 0.00000 0.00000 0.00000 0.00000 0.00000 0.00000 0.00000 0.00000 0.00000 0.00000 0.00000 0.00000 0.00000 0.00000 0.00000 0.00000 0.00000 0.00000 0.00000 0.00000 0.00000 0.00000 0.00000 0.03650 0.10962 0.18230 0.25563 0.32747 0.40081 0.47372 0.54751 0.61874 0.69177 0.70664 0.66714 0.62608 0.58638 0.54596 0.50526 0.46543 0.42479 0.38448 0.34406 0.32464 0.32246 0.32306 0.32249 0.32295 0.32103 0.32110 0.32260 0.32159 0.32151 0.31970 0.32259 0.31903 0.31987 0.31759
