0.00000 0.00000 0.00000 0.00000 0.00000 0.00000 0.00000 0.00000 0.00000 0.00000 0.00000 0.00000 0.00000 0.00000 0.00000 0.00000 0.00000 0.00000 0.00000 0.00000 0.00000 0.00000 0.00000 0.00000 0.00000 0.00000 0.00000 0.00000 0.00000 0.00000 0.00000 0.00000 0.00000 0.00000 0.00000 0.00000 0.00000 0.00000 0.00000 0.00000 0.00000 0.00000 0.00000 0.00000 0.00000 0.01601 0.04799 0.07993 0.11182 0.14367 0.17548 0.20726 0.23901 0.27073 0.30242 0.31819 0.31806 0.31794 0.31784 0.31775 0.31768 0.31762 0.31758 0.31756 0.31755 0.30169 0.26995 0.23823 0.20650 0.17478 0.14305 0.11130 0.07951 0.04774 0.01593 0.00000 0.00000 0.00000 0.00000 0.00000 0.00000 0.00000 0.00000 0.00000 0.00000 0.00000 0.00000 0.00000 0.00000 0.00000 0.00000 0.00000 0.00000 0.00000 0.00000 0.00000 0.00000 0.00000 0.00000 0.00000
0.00000 0.00000 0.00000 0.00000 0.00000 0.00000 0.00000 0.00000 0.00000 0.00000 0.00000 0.00000 0.00000 0.00000 0.00000 0.00000 0.00000 0.00000 0.00000 0.00000 0.00000 0.00000 0.00000 0.00000 0.00000 0.00000 0.00000 0.00000 0.00000 0.00000 0.00000 0.00000 0.00000 0.00000 0.00000 0.00000 0.00000 0.00000 0.00000 0.00000 0.00000 0.00000 0.00000 0.00000 0.00000 0.01245 0.03733 0.06216 0.08696 0.11173 0.13648 0.16119 0.18589 0.21056 0.23521 0.24748 0.24738 0.24729 0.24722 0.24715 0.24710 0.24705 0.24702 0.24701 0.24700 0.23466 0.20998 0.18530 0.16063 0.13595 0.11127 0.08657 0.06184 0.03714 0.01240 0.00000 0.00000 0.00000 0.00000 0.00000 0.00000 0.00000 0.00000 0.00000 0.00000 0.00000 0.00000 0.00000 0.00000 0.00000 0.00000 0.00000 0.00000 0.00000 0.00000 0.00000 0.00000 0.00000 0.00000 0.00000
0.00000 0.00000 0.00000 0.00000 0.00000 0.00000 0.00000 0.00000 0.00000 0.00000 0.00000 0.00000 0.00000 0.00000 0.00000 0.00000 0.00000 0.00000 0.00000 0.00000 0.00000 0.00000 0.00000 0.00000 0.00000 0.00000 0.00000 0.00000 0.00000 0.00000 0.00000 0.00000 0.00000 0.00000 0.00000 0.00000 0.00000 0.00000 0.00000 0.00000 0.00000 0.00000 0.00000 0.00000 0.00000 0.00889 0.02666 0.04440 0.06212 0.07982 0.09749 0.11515 0.13279 0.15041 0.16802 0.17679 0.17672 0.17665 0.17660 0.17655 0.17651 0.17648 0.17646 0.17645 0.17644 0.16763 0.15000 0.13237 0.11474 0.09711 0.07948 0.06184 0.04419 0.02653 0.00885 0.00000 0.00000 0.00000 0.00000 0.00000 0.00000 0.00000 0.00000 0.00000 0.00000 0.00000 0.00000 0.00000 0.00000 0.00000 0.00000 0.00000 0.00000 0.00000 0.00000 0.00000 0.00000 0.00000 0.00000 0.00000
0.00000 0.00000 0.00000 0.00000 0.00000 0.00000 0.00000 0.00000 0.00000 0.00000 0.00000 0.00000 0.00000 0.00000 0.00000 0.00000 0.00000 0.00000 0.00000 0.00000 0.00000 0.00000 0.00000 0.00000 0.00000 0.00000 0.00000 0.00000 0.00000 0.00000 0.00000 0.00000 0.00000 0.00000 0.00000 0.00000 0.00000 0.00000 0.00000 0.00000 0.00000 0.00000 0.00000 0.00000 0.00000 0.00534 0.01600 0.02664 0.03727 0.04789 0.05849 0.06909 0.07967 0.09025 0.10082 0.10608 0.10604 0.10600 0.10597 0.10594 0.10592 0.10590 0.10589 0.10588 0.10588 0.10059 0.09001 0.07943 0.06886 0.05828 0.04769 0.03711 0.02653 0.01592 0.00530 0.00000 0.00000 0.00000 0.00000 0.00000 0.00000 0.00000 0.00000 0.00000 0.00000 0.00000 0.00000 0.00000 0.00000 0.00000 0.00000 0.00000 0.00000 0.00000 0.00000 0.00000 0.00000 0.00000 0.00000 0.00000
0.00000 0.00000 0.00000 0.00000 0.00000 0.00000 0.00000 0.00000 0.00000 0.00000 0.00000 0.00000 0.00000 0.00000 0.00000 0.00000 0.00000 0.00000 0.00000 0.00000 0.00000 0.00000 0.00000 0.00000 0.00000 0.00000 0.00000 0.00000 0.00000 0.00000 0.00000 0.00000 0.00000 0.00000 0.00000 0.00000 0.00000 0.00000 0.00000 0.00000 0.00000 0.00000 0.00000 0.00000 0.00000 0.00178 0.00533 0.00888 0.01243 0.01597 0.01950 0.02303 0.02656 0.03009 0.03361 0.03536 0.03535 0.03534 0.03533 0.03532 0.03531 0.03530 0.03530 0.03530 0.03530 0.03353 0.03001 0.02648 0.02295 0.01943 0.01590 0.01237 0.00884 0.00531 0.00177 0.00000 0.00000 0.00000 0.00000 0.00000 0.00000 0.00000 0.00000 0.00000 0.00000 0.00000 0.00000 0.00000 0.00000 0.00000 0.00000 0.00000 0.00000 0.00000 0.00000 0.00000 0.00000 0.00000 0.00000 0.00000
0.00000 0.00000 0.00000 0.00000 0.00000 0.00000 0.00000 0.00000 0.00000 0.00000 0.00000 0.00000 0.00000 0.00000 0.00000 0.00000 0.00000 0.00000 0.00000 0.00000 0.00000 0.00000 0.00000 0.00000 0.00000 0.00000 0.00000 0.00000 0.00000 0.00000 0.00000 0.00000 0.00000 0.00000 0.00000 0.00000 0.00000 0.00000 0.00000 0.00000 0.00000 0.00000 0.00000 0.00000 0.00000 0.00178 0.00533 0.00888 0.01243 0.01597 0.01950 0.02303 0.02656 0.03009 0.03361 0.03537 0.03535 0.03534 0.03533 0.03532 0.03532 0.03531 0.03531 0.03530 0.03530 0.03354 0.03001 0.02648 0.02296 0.01943 0.01590 0.01237 0.00884 0.00531 0.00177 0.00000 0.00000 0.00000 0.00000 0.00000 0.00000 0.00000 0.00000 0.00000 0.00000 0.00000 0.00000 0.00000 0.00000 0.00000 0.00000 0.00000 0.00000 0.00000 0.00000 0.00000 0.00000 0.00000 0.00000 0.00000
0.00000 0.00000 0.00000 0.00000 0.00000 0.00000 0.00000 0.00000 0.00000 0.00000 0.00000 0.00000 0.00000 0.00000 0.00000 0.00000 0.00000 0.00000 0.00000 0.00000 0.00000 0.00000 0.00000 0.00000 0.00000 0.00000 0.00000 0.00000 0.00000 0.00000 0.00000 0.00000 0.00000 0.00000 0.00000 0.00000 0.00000 0.00000 0.00000 0.00000 0.00000 0.00000 0.00000 0.00000 0.00000 0.00534 0.01600 0.02665 0.03728 0.04790 0.05851 0.06911 0.07970 0.09028 0.10086 0.10612 0.10608 0.10604 0.10601 0.10598 0.10596 0.10594 0.10593 0.10593 0.10592 0.10063 0.09005 0.07947 0.06888 0.05830 0.04772 0.03713 0.02652 0.01592 0.00531 0.00000 0.00000 0.00000 0.00000 0.00000 0.00000 0.00000 0.00000 0.00000 0.00000 0.00000 0.00000 0.00000 0.00000 0.00000 0.00000 0.00000 0.00000 0.00000 0.00000 0.00000 0.00000 0.00000 0.00000 0.00000
0.00000 0.00000 0.00000 0.00000 0.00000 0.00000 0.00000 0.00000 0.00000 0.00000 0.00000 0.00000 0.00000 0.00000 0.00000 0.00000 0.00000 0.00000 0.00000 0.00000 0.00000 0.00000 0.00000 0.00000 0.00000 0.00000 0.00000 0.00000 0.00000 0.00000 0.00000 0.00000 0.00000 0.00000 0.00000 0.00000 0.00000 0.00000 0.00000 0.00000 0.00000 0.00000 0.00000 0.00000 0.00000 0.00890 0.02667 0.04442 0.06214 0.07985 0.09753 0.11519 0.13285 0.15048 0.16811 0.17688 0.17681 0.17675 0.17670 0.17666 0.17662 0.17660 0.17658 0.17657 0.17656 0.16774 0.15010 0.13246 0.11482 0.09718 0.07953 0.06188 0.04423 0.02654 0.00884 0.00000 0.00000 0.00000 0.00000 0.00000 0.00000 0.00000 0.00000 0.00000 0.00000 0.00000 0.00000 0.00000 0.00000 0.00000 0.00000 0.00000 0.00000 0.00000 0.00000 0.00000 0.00000 0.00000 0.00000 0.00000
0.00000 0.00000 0.00000 0.00000 0.00000 0.00000 0.00000 0.00000 0.00000 0.00000 0.00000 0.00000 0.00000 0.00000 0.00000 0.00000 0.00000 0.00000 0.00000 0.00000 0.00000 0.00000 0.00000 0.00000 0.00000 0.00000 0.00000 0.00000 0.00000 0.00000 0.00000 0.00000 0.00000 0.00000 0.00000 0.00000 0.00000 0.00000 0.00000 0.00000 0.00000 0.00000 0.00000 0.00000 0.00000 0.01246 0.03734 0.06219 0.08701 0.11180 0.13655 0.16129 0.18601 0.21070 0.23538 0.24766 0.24757 0.24749 0.24741 0.24735 0.24730 0.24726 0.24724 0.24722 0.24722 0.23487 0.21016 0.18546 0.16077 0.13607 0.11136 0.08664 0.06192 0.03717 0.01239 0.00000 0.00000 0.00000 0.00000 0.00000 0.00000 0.00000 0.00000 0.00000 0.00000 0.00000 0.00000 0.00000 0.00000 0.00000 0.00000 0.00000 0.00000 0.00000 0.00000 0.00000 0.00000 0.00000 0.00000 0.00000
0.00000 0.00000 0.00000 0.00000 0.00000 0.00000 0.00000 0.00000 0.00000 0.00000 0.00000 0.00000 0.00000 0.00000 0.00000 0.00000 0.00000 0.00000 0.00000 0.00000 0.00000 0.00000 0.00000 0.00000 0.00000 0.00000 0.00000 0.00000 0.00000 0.00000 0.00000 0.00000 0.00000 0.00000 0.00000 0.00000 0.00000 0.00000 0.00000 0.00000 0.00000 0.00000 0.00000 0.00000 0.00000 0.01602 0.04801 0.07997 0.11187 0.14374 0.17558 0.20739 0.23916 0.27092 0.30265 0.31844 0.31833 0.31822 0.31812 0.31805 0.31798 0.31793 0.31790 0.31788 0.31788 0.30199 0.27023 0.23847 0.20671 0.17495 0.14319 0.11141 0.07959 0.04779 0.01595 0.00000 0.00000 0.00000 0.00000 0.00000 0.00000 0.00000 0.00000 0.00000 0.00000 0.00000 0.00000 0.00000 0.00000 0.00000 0.00000 0.00000 0.00000 0.00000 0.00000 0.00000 0.00000 0.00000 0.00000 0.00000
0.00000 0.00000 0.00000 0.00000 0.00000 0.00000 0.00000 0.00000 0.00000 0.00000 0.00000 0.00000 0.00000 0.00000 0.00000 0.00000 0.00000 0.00000 0.00000 0.00000 0.00000 0.00000 0.00000 0.00000 0.00000 0.00000 0.00000 0.00000 0.00000 0.00000 0.00000 0.00000 0.00000 0.00000 0.00000 0.00000 0.00000 0.00000 0.00000 0.00000 0.00000 0.00000 0.00000 0.00000 0.00000 0.01957 0.05868 0.09773 0.13673 0.17569 0.21461 0.25348 0.29231 0.33113 0.36992 0.38923 0.38908 0.38895 0.38884 0.38875 0.38867 0.38861 0.38857 0.38855 0.38854 0.36913 0.33030 0.29149 0.25267 0.21385 0.17502 0.13618 0.09730 0.05840 0.01949 0.00000 0.00000 0.00000 0.00000 0.00000 0.00000 0.00000 0.00000 0.00000 0.00000 0.00000 0.00000 0.00000 0.00000 0.00000 0.00000 0.00000 0.00000 0.00000 0.00000 0.00000 0.00000 0.00000 0.00000 0.00000
0.00000 0.00000 0.00000 0.00000 0.00000 0.00000 0.00000 0.00000 0.00000 0.00000 0.00000 0.00000 0.00000 0.00000 0.00000 0.00000 0.00000 0.00000 0.00000 0.00000 0.00000 0.00000 0.00000 0.00000 0.00000 0.00000 0.00000 0.00000 0.00000 0.00000 0.00000 0.00000 0.00000 0.00000 0.00000 0.00000 0.00000 0.00000 0.00000 0.00000 0.00000 0.00000 0.00000 0.00000 0.00000 0.02314 0.06935 0.11550 0.16159 0.20764 0.25363 0.29956 0.34546 0.39134 0.43718 0.46000 0.45982 0.45967 0.45954 0.45943 0.45933 0.45926 0.45922 0.45919 0.45918 0.43624 0.39036 0.34448 0.29861 0.25273 0.20684 0.16093 0.11500 0.06903 0.02301 0.00000 0.00000 0.00000 0.00000 0.00000 0.00000 0.00000 0.00000 0.00000 0.00000 0.00000 0.00000 0.00000 0.00000 0.00000 0.00000 0.00000 0.00000 0.00000 0.00000 0.00000 0.00000 0.00000 0.00000 0.00000
0.00000 0.00000 0.00000 0.00000 0.00000 0.00000 0.00000 0.00000 0.00000 0.00000 0.00000 0.00000 0.00000 0.00000 0.00000 0.00000 0.00000 0.00000 0.00000 0.00000 0.00000 0.00000 0.00000 0.00000 0.00000 0.00000 0.00000 0.00000 0.00000 0.00000 0.00000 0.00000 0.00000 0.00000 0.00000 0.00000 0.00000 0.00000 0.00000 0.00000 0.00000 0.00000 0.00000 0.00000 0.00000 0.02669 0.08002 0.13327 0.18645 0.23957 0.29262 0.34563 0.39860 0.45153 0.50441 0.53074 0.53055 0.53038 0.53022 0.53009 0.52999 0.52992 0.52986 0.52983 0.52983 0.50336 0.45041 0.39748 0.34455 0.29161 0.23866 0.18569 0.13269 0.07965 0.02656 0.00000 0.00000 0.00000 0.00000 0.00000 0.00000 0.00000 0.00000 0.00000 0.00000 0.00000 0.00000 0.00000 0.00000 0.00000 0.00000 0.00000 0.00000 0.00000 0.00000 0.00000 0.00000 0.00000 0.00000 0.00000
0.00000 0.00000 0.00000 0.00000 0.00000 0.00000 0.00000 0.00000 0.00000 0.00000 0.00000 0.00000 0.00000 0.00000 0.00000 0.00000 0.00000 0.00000 0.00000 0.00000 0.00000 0.00000 0.00000 0.00000 0.00000 0.00000 0.00000 0.00000 0.00000 0.00000 0.00000 0.00000 0.00000 0.00000 0.00000 0.00000 0.00000 0.00000 0.00000 0.00000 0.00000 0.00000 0.00000 0.00000 0.00000 0.03025 0.09067 0.15104 0.21131 0.27148 0.33161 0.39170 0.45173 0.51168 0.57161 0.60146 0.60125 0.60104 0.60086 0.60072 0.60061 0.60052 0.60045 0.60042 0.60042 0.57042 0.51042 0.45044 0.39046 0.33047 0.27046 0.21043 0.15037 0.09026 0.03011 0.00000 0.00000 0.00000 0.00000 0.00000 0.00000 0.00000 0.00000 0.00000 0.00000 0.00000 0.00000 0.00000 0.00000 0.00000 0.00000 0.00000 0.00000 0.00000 0.00000 0.00000 0.00000 0.00000 0.00000 0.00000
0.00000 0.00000 0.00000 0.00000 0.00000 0.00000 0.00000 0.00000 0.00000 0.00000 0.00000 0.00000 0.00000 0.00000 0.00000 0.00000 0.00000 0.00000 0.00000 0.00000 0.00000 0.00000 0.00000 0.00000 0.00000 0.00000 0.00000 0.00000 0.00000 0.00000 0.00000 0.00000 0.00000 0.00000 0.00000 0.00000 0.00000 0.00000 0.00000 0.00000 0.00000 0.00000 0.00000 0.00000 0.00000 0.03380 0.10133 0.16876 0.23611 0.30337 0.37058 0.43771 0.50477 0.57179 0.63879 0.67214 0.67189 0.67167 0.67148 0.67133 0.67120 0.67110 0.67103 0.67100 0.67100 0.63748 0.57043 0.50340 0.43636 0.36932 0.30226 0.23518 0.16805 0.10088 0.03365 0.00000 0.00000 0.00000 0.00000 0.00000 0.00000 0.00000 0.00000 0.00000 0.00000 0.00000 0.00000 0.00000 0.00000 0.00000 0.00000 0.00000 0.00000 0.00000 0.00000 0.00000 0.00000 0.00000 0.00000 0.00000
0.00000 0.00000 0.00000 0.00000 0.00000 0.00000 0.00000 0.00000 0.00000 0.00000 0.00000 0.00000 0.00000 0.00000 0.00000 0.00183 0.00550 0.00912 0.01277 0.01646 0.02007 0.02361 0.02725 0.03094 0.03451 0.03624 0.03623 0.03603 0.03601 0.03625 0.03624 0.03594 0.03582 0.03598 0.03602 0.03408 0.03045 0.02687 0.02326 0.01966 0.01607 0.01250 0.00892 0.00534 0.00178 0.03380 0.10132 0.16871 0.23605 0.30335 0.37054 0.43762 0.50467 0.57171 0.63871 0.67202 0.67176 0.67156 0.67139 0.67121 0.67108 0.67099 0.67093 0.67089 0.67089 0.63738 0.57034 0.50332 0.43630 0.36927 0.30222 0.23514 0.16803 0.10086 0.03364 0.00000 0.00000 0.00000 0.00000 0.00000 0.00000 0.00000 0.00000 0.00000 0.00000 0.00000 0.00000 0.00000 0.00000 0.00000 0.00000 0.00000 0.00000 0.00000 0.00000 0.00000 0.00000 0.00000 0.00000 0.00000
0.00000 0.00000 0.00000 0.00000 0.00000 0.00000 0.00000 0.00000 0.00000 0.00000 0.00000 0.00000 0.00000 0.00000 0.00000 0.00547 0.01639 0.02752 0.03848 0.04901 0.05986 0.07129 0.08211 0.09215 0.10305 0.10924 0.10881 0.10815 0.10873 0.10839 0.10775 0.10805 0.10847 0.10787 0.10740 0.10229 0.09155 0.08056 0.06973 0.05900 0.04823 0.03746 0.02674 0.01603 0.00534 0.03023 0.09063 0.15094 0.21118 0.27134 0.33144 0.39147 0.45147 0.51143 0.57134 0.60115 0.60094 0.60076 0.60059 0.60045 0.60034 0.60026 0.60020 0.60017 0.60018 0.57020 0.51023 0.45027 0.39032 0.33035 0.27037 0.21037 0.15032 0.09024 0.03009 0.00000 0.00000 0.00000 0.00000 0.00000 0.00000 0.00000 0.00000 0.00000 0.00000 0.00000 0.00000 0.00000 0.00000 0.00000 0.00000 0.00000 0.00000 0.00000 0.00000 0.00000 0.00000 0.00000 0.00000 0.00000
0.00000 0.00000 0.00000 0.00000 0.00000 0.00000 0.00000 0.00000 0.00000 0.00000 0.00000 0.00000 0.00000 0.00000 0.00000 0.00914 0.02738 0.04574 0.06396 0.08186 0.10015 0.11856 0.13619 0.15370 0.17249 0.18191 0.18050 0.18093 0.18132 0.18014 0.17927 0.18038 0.18073 0.17961 0.17917 0.17050 0.15248 0.13423 0.11623 0.09833 0.08036 0.06241 0.04455 0.02672 0.00890 0.02666 0.07994 0.13317 0.18631 0.23934 0.29235 0.34536 0.39829 0.45114 0.50397 0.53031 0.53014 0.52995 0.52979 0.52968 0.52960 0.52952 0.52946 0.52945 0.52945 0.50301 0.45011 0.39722 0.34433 0.29143 0.23852 0.18558 0.13261 0.07961 0.02655 0.00000 0.00000 0.00000 0.00000 0.00000 0.00000 0.00000 0.00000 0.00000 0.00000 0.00000 0.00000 0.00000 0.00000 0.00000 0.00000 0.00000 0.00000 0.00000 0.00000 0.00000 0.00000 0.00000 0.00000 0.00000
0.00000 0.00000 0.00000 0.00000 0.00000 0.00000 0.00000 0.00000 0.00000 0.00000 0.00000 0.00000 0.00000 0.00000 0.00000 0.01284 0.03857 0.06369 0.08900 0.11521 0.14071 0.16473 0.19028 0.21705 0.24127 0.25245 0.25401 0.25393 0.25173 0.25192 0.25366 0.25244 0.25050 0.25116 0.25221 0.23850 0.21270 0.18795 0.16286 0.13749 0.11239 0.08739 0.06236 0.03737 0.01245 0.02311 0.06926 0.11536 0.16140 0.20738 0.25331 0.29921 0.34507 0.39088 0.43667 0.45949 0.45932 0.45917 0.45905 0.45895 0.45887 0.45880 0.45877 0.45876 0.45876 0.43585 0.39002 0.34419 0.29836 0.25253 0.20668 0.16081 0.11491 0.06898 0.02301 0.00000 0.00000 0.00000 0.00000 0.00000 0.00000 0.00000 0.00000 0.00000 0.00000 0.00000 0.00000 0.00000 0.00000 0.00000 0.00000 0.00000 0.00000 0.00000 0.00000 0.00000 0.00000 0.00000 0.00000 0.00000
0.00000 0.00000 0.00000 0.00000 0.00000 0.00000 0.00000 0.00000 0.00000 0.00000 0.00000 0.00000 0.00000 0.00000 0.00000 0.01647 0.04944 0.08208 0.11483 0.14769 0.17991 0.21189 0.24566 0.27887 0.30880 0.32466 0.32668 0.32599 0.32346 0.32441 0.32586 0.32407 0.32204 0.32300 0.32392 0.30656 0.27358 0.24152 0.20921 0.17672 0.14449 0.11234 0.08015 0.04803 0.01600 0.01955 0.05860 0.09757 0.13651 0.17544 0.21430 0.25309 0.29187 0.33065 0.36940 0.38867 0.38852 0.38842 0.38833 0.38823 0.38815 0.38811 0.38809 0.38807 0.38808 0.36870 0.32993 0.29116 0.25240 0.21363 0.17484 0.13604 0.09721 0.05836 0.01946 0.00000 0.00000 0.00000 0.00000 0.00000 0.00000 0.00000 0.00000 0.00000 0.00000 0.00000 0.00000 0.00000 0.00000 0.00000 0.00000 0.00000 0.00000 0.00000 0.00000 0.00000 0.00000 0.00000 0.00000 0.00000
0.00000 0.00000 0.00000 0.00000 0.00000 0.00000 0.00000 0.00000 0.00000 0.00000 0.00000 0.00000 0.00000 0.00000 0.00000 0.02007 0.06003 0.10049 0.14095 0.17974 0.21936 0.26043 0.30001 0.33812 0.37923 0.39916 0.39622 0.39658 0.39898 0.39714 0.39418 0.39530 0.39744 0.39524 0.39287 0.37444 0.33571 0.29507 0.25514 0.21607 0.17668 0.13717 0.09790 0.05872 0.01955 0.01598 0.04792 0.07982 0.11166 0.14348 0.17527 0.20701 0.23873 0.27045 0.30214 0.31790 0.31779 0.31770 0.31762 0.31755 0.31750 0.31746 0.31744 0.31743 0.31744 0.30159 0.26988 0.23817 0.20646 0.17475 0.14302 0.11128 0.07952 0.04774 0.01592 0.00000 0.00000 0.00000 0.00000 0.00000 0.00000 0.00000 0.00000 0.00000 0.00000 0.00000 0.00000 0.00000 0.00000 0.00000 0.00000 0.00000 0.00000 0.00000 0.00000 0.00000 0.00000 0.00000 0.00000 0.00000
0.00000 0.00000 0.00000 0.00000 0.00000 0.00000 0.00000 0.00000 0.00000 0.00000 0.00000 0.00000 0.00000 0.00000 0.00000 0.02377 0.07109 0.11845 0.16577 0.21269 0.26046 0.30737 0.35193 0.39911 0.44925 0.47194 0.46747 0.46844 0.47136 0.46903 0.46552 0.46678 0.46951 0.46733 0.46429 0.44198 0.39630 0.34877 0.30170 0.25521 0.20862 0.16206 0.11569 0.06937 0.02310 0.01243 0.03726 0.06206 0.08683 0.11155 0.13626 0.16096 0.18563 0.21027 0.23490 0.24718 0.24710 0.24702 0.24695 0.24691 0.24687 0.24684 0.24682 0.24682 0.24683 0.23450 0.20985 0.18519 0.16054 0.13588 0.11121 0.08653 0.06184 0.03712 0.01238 0.00000 0.00000 0.00000 0.00000 0.00000 0.00000 0.00000 0.00000 0.00000 0.00000 0.00000 0.00000 0.00000 0.00000 0.00000 0.00000 0.00000 0.00000 0.00000 0.00000 0.00000 0.00000 0.00000 0.00000 0.00000
0.00000 0.00000 0.00000 0.00000 0.00000 0.00000 0.00000 0.00000 0.00000 0.00000 0.00000 0.00000 0.00000 0.00000 0.00000 0.02740 0.08252 0.13656 0.19065 0.24569 0.30074 0.35414 0.40808 0.46135 0.51433 0.54235 0.54435 0.54156 0.53815 0.54010 0.54266 0.53935 0.53582 0.53780 0.54022 0.51041 0.45462 0.40209 0.34875 0.29424 0.24040 0.18701 0.13347 0.07998 0.02664 0.00888 0.02660 0.04431 0.06199 0.07965 0.09729 0.11493 0.13254 0.15014 0.16773 0.17650 0.17644 0.17638 0.17634 0.17631 0.17628 0.17626 0.17625 0.17625 0.17626 0.16746 0.14985 0.13225 0.11464 0.09703 0.07942 0.06180 0.04416 0.02651 0.00884 0.00000 0.00000 0.00000 0.00000 0.00000 0.00000 0.00000 0.00000 0.00000 0.00000 0.00000 0.00000 0.00000 0.00000 0.00000 0.00000 0.00000 0.00000 0.00000 0.00000 0.00000 0.00000 0.00000 0.00000 0.00000
0.00000 0.00000 0.00000 0.00000 0.00000 0.00000 0.00000 0.00000 0.00000 0.00000 0.00000 0.00000 0.00000 0.00000 0.00000 0.03101 0.09309 0.15500 0.21662 0.27784 0.33873 0.40009 0.46447 0.52455 0.58133 0.61307 0.61773 0.61399 0.60951 0.61136 0.61468 0.61154 0.60701 0.60882 0.61171 0.57859 0.51564 0.45526 0.39461 0.33345 0.27258 0.21182 0.15113 0.09061 0.03019 0.00532 0.01596 0.02657 0.03718 0.04778 0.05836 0.06893 0.07949 0.09005 0.10061 0.10586 0.10582 0.10579 0.10577 0.10575 0.10573 0.10572 0.10572 0.10572 0.10572 0.10045 0.08989 0.07933 0.06877 0.05821 0.04764 0.03707 0.02649 0.01590 0.00530 0.00000 0.00000 0.00000 0.00000 0.00000 0.00000 0.00000 0.00000 0.00000 0.00000 0.00000 0.00000 0.00000 0.00000 0.00000 0.00000 0.00000 0.00000 0.00000 0.00000 0.00000 0.00000 0.00000 0.00000 0.00000
0.00000 0.00000 0.00000 0.00000 0.00000 0.00000 0.00000 0.00000 0.00000 0.00000 0.00000 0.00000 0.00000 0.00000 0.00000 0.03468 0.10361 0.17281 0.24287 0.31060 0.37872 0.44784 0.51597 0.58528 0.65522 0.68698 0.68240 0.68489 0.68817 0.68414 0.67959 0.68192 0.68535 0.68169 0.67709 0.64536 0.57929 0.50897 0.43981 0.37260 0.30477 0.23657 0.16882 0.10126 0.03373 0.00177 0.00532 0.00886 0.01239 0.01592 0.01945 0.02297 0.02649 0.03001 0.03352 0.03527 0.03526 0.03525 0.03525 0.03524 0.03523 0.03523 0.03523 0.03523 0.03523 0.03347 0.02995 0.02644 0.02292 0.01940 0.01588 0.01235 0.00883 0.00530 0.00177 0.00000 0.00000 0.00000 0.00000 0.00000 0.00000 0.00000 0.00000 0.00000 0.00000 0.00000 0.00000 0.00000 0.00000 0.00000 0.00000 0.00000 0.00000 0.00000 0.00000 0.00000 0.00000 0.00000 0.00000 0.00000
0.00000 0.00000 0.00000 0.00000 0.00000 0.00000 0.00000 0.00000 0.00000 0.00000 0.00000 0.00000 0.00000 0.00000 0.00000 0.03470 0.10376 0.17257 0.24175 0.31074 0.38060 0.44759 0.51429 0.58339 0.65627 0.68850 0.68739 0.69359 0.70062 0.69978 0.69898 0.70495 0.71208 0.71190 0.71087 0.68061 0.61424 0.54469 0.47590 0.40793 0.33993 0.27210 0.20441 0.13672 0.06918 0.03368 0.03012 0.02656 0.02300 0.01945 0.01590 0.01236 0.00883 0.00529 0.00176 0.00000 0.00000 0.00000 0.00000 0.00000 0.00000 0.00000 0.00000 0.00000 0.00000 0.00000 0.00000 0.00000 0.00000 0.00000 0.00000 0.00000 0.00000 0.00000 0.00000 0.00000 0.00000 0.00000 0.00000 0.00000 0.00000 0.00000 0.00000 0.00000 0.00000 0.00000 0.00000 0.00000 0.00000 0.00000 0.00000 0.00000 0.00000 0.00000 0.00000 0.00000 0.00000 0.00000 0.00000 0.00000
0.00000 0.00000 0.00000 0.00000 0.00000 0.00000 0.00000 0.00000 0.00000 0.00000 0.00000 0.00000 0.00000 0.00000 0.00000 0.03095 0.09325 0.15500 0.21580 0.27687 0.34002 0.40137 0.46236 0.52235 0.58073 0.61886 0.63281 0.64010 0.64644 0.65940 0.67337 0.68040 0.68634 0.69979 0.71376 0.68454 0.62123 0.56220 0.50175 0.43970 0.37865 0.31830 0.25766 0.19696 0.13652 0.10101 0.09032 0.07963 0.06897 0.05832 0.04769 0.03707 0.02647 0.01587 0.00529 0.00000 0.00000 0.00000 0.00000 0.00000 0.00000 0.00000 0.00000 0.00000 0.00000 0.00000 0.00000 0.00000 0.00000 0.00000 0.00000 0.00000 0.00000 0.00000 0.00000 0.00000 0.00000 0.00000 0.00000 0.00000 0.00000 0.00000 0.00000 0.00000 0.00000 0.00000 0.00000 0.00000 0.00000 0.00000 0.00000 0.00000 0.00000 0.00000 0.00000 0.00000 0.00000 0.00000 0.00000 0.00000
0.00000 0.00000 0.00000 0.00000 0.00000 0.00000 0.00000 0.00000 0.00000 0.00000 0.00000 0.00000 0.00000 0.00000 0.00000 0.02727 0.08198 0.13678 0.19049 0.24421 0.29925 0.35391 0.40833 0.46035 0.51224 0.55055 0.57086 0.58484 0.59986 0.62009 0.64041 0.65460 0.66827 0.68894 0.70973 0.68791 0.63226 0.57957 0.52583 0.47169 0.41804 0.36429 0.31060 0.25722 0.20390 0.16828 0.15043 0.13266 0.11491 0.09717 0.07945 0.06177 0.04410 0.02645 0.00881 0.00000 0.00000 0.00000 0.00000 0.00000 0.00000 0.00000 0.00000 0.00000 0.00000 0.00000 0.00000 0.00000 0.00000 0.00000 0.00000 0.00000 0.00000 0.00000 0.00000 0.00000 0.00000 0.00000 0.00000 0.00000 0.00000 0.00000 0.00000 0.00000 0.00000 0.00000 0.00000 0.00000 0.00000 0.00000 0.00000 0.00000 0.00000 0.00000 0.00000 0.00000 0.00000 0.00000 0.00000 0.00000
0.00000 0.00000 0.00000 0.00000 0.00000 0.00000 0.00000 0.00000 0.00000 0.00000 0.00000 0.00000 0.00000 0.00000 0.00000 0.02365 0.07087 0.11833 0.16550 0.21198 0.25939 0.30659 0.35176 0.39895 0.44811 0.48228 0.50360 0.53067 0.55855 0.58028 0.60159 0.62929 0.65720 0.67771 0.69949 0.69169 0.64589 0.59673 0.54948 0.50384 0.45727 0.41017 0.36365 0.31747 0.27117 0.23548 0.21053 0.18566 0.16080 0.13598 0.11120 0.08644 0.06171 0.03701 0.01233 0.00000 0.00000 0.00000 0.00000 0.00000 0.00000 0.00000 0.00000 0.00000 0.00000 0.00000 0.00000 0.00000 0.00000 0.00000 0.00000 0.00000 0.00000 0.00000 0.00000 0.00000 0.00000 0.00000 0.00000 0.00000 0.00000 0.00000 0.00000 0.00000 0.00000 0.00000 0.00000 0.00000 0.00000 0.00000 0.00000 0.00000 0.00000 0.00000 0.00000 0.00000 0.00000 0.00000 0.00000 0.00000
0.00000 0.00000 0.00000 0.00000 0.00000 0.00000 0.00000 0.00000 0.00000 0.00000 0.00000 0.00000 0.00000 0.00000 0.00000 0.02001 0.06013 0.09998 0.13949 0.17956 0.21987 0.25883 0.29728 0.33807 0.37914 0.41237 0.44246 0.47738 0.51147 0.53974 0.56924 0.60451 0.63893 0.66637 0.69553 0.69506 0.65597 0.61440 0.57475 0.53551 0.49570 0.45625 0.41701 0.37756 0.33822 0.30265 0.27063 0.23860 0.20665 0.17476 0.14291 0.11110 0.07932 0.04757 0.01585 0.00000 0.00000 0.00000 0.00000 0.00000 0.00000 0.00000 0.00000 0.00000 0.00000 0.00000 0.00000 0.00000 0.00000 0.00000 0.00000 0.00000 0.00000 0.00000 0.00000 0.00000 0.00000 0.00000 0.00000 0.00000 0.00000 0.00000 0.00000 0.00000 0.00000 0.00000 0.00000 0.00000 0.00000 0.00000 0.00000 0.00000 0.00000 0.00000 0.00000 0.00000 0.00000 0.00000 0.00000 0.00000
0.00000 0.00000 0.00000 0.00000 0.00000 0.00000 0.00000 0.00000 0.00000 0.00000 0.00000 0.00000 0.00000 0.00000 0.00000 0.01633 0.04925 0.08190 0.11407 0.14662 0.17960 0.21188 0.24430 0.27630 0.30730 0.34414 0.38556 0.42254 0.45937 0.50110 0.54252 0.57777 0.61471 0.65727 0.69693 0.69631 0.66376 0.63316 0.60041 0.56670 0.53424 0.50243 0.47014 0.43758 0.40532 0.36977 0.33065 0.29152 0.25247 0.21352 0.17460 0.13574 0.09691 0.05812 0.01937 0.00000 0.00000 0.00000 0.00000 0.00000 0.00000 0.00000 0.00000 0.00000 0.00000 0.00000 0.00000 0.00000 0.00000 0.00000 0.00000 0.00000 0.00000 0.00000 0.00000 0.00000 0.00000 0.00000 0.00000 0.00000 0.00000 0.00000 0.00000 0.00000 0.00000 0.00000 0.00000 0.00000 0.00000 0.00000 0.00000 0.00000 0.00000 0.00000 0.00000 0.00000 0.00000 0.00000 0.00000 0.00000
0.00000 0.00000 0.00000 0.00000 0.00000 0.00000 0.00000 0.00000 0.00000 0.00000 0.00000 0.00000 0.00000 0.00000 0.00000 0.01269 0.03818 0.06369 0.08880 0.11390 0.13946 0.16506 0.19014 0.21422 0.23866 0.27628 0.32410 0.36755 0.41276 0.46227 0.50974 0.55154 0.59608 0.64700 0.69368 0.69952 0.67410 0.65059 0.62464 0.59858 0.57353 0.54825 0.52280 0.49768 0.47260 0.43680 0.39052 0.34439 0.29830 0.25224 0.20627 0.16035 0.11449 0.06866 0.02288 0.00000 0.00000 0.00000 0.00000 0.00000 0.00000 0.00000 0.00000 0.00000 0.00000 0.00000 0.00000 0.00000 0.00000 0.00000 0.00000 0.00000 0.00000 0.00000 0.00000 0.00000 0.00000 0.00000 0.00000 0.00000 0.00000 0.00000 0.00000 0.00000 0.00000 0.00000 0.00000 0.00000 0.00000 0.00000 0.00000 0.00000 0.00000 0.00000 0.00000 0.00000 0.00000 0.00000 0.00000 0.00000
0.00000 0.00000 0.00000 0.00000 0.00000 0.00000 0.00000 0.00000 0.00000 0.00000 0.00000 0.00000 0.00000 0.00000 0.00000 0.00909 0.02731 0.04540 0.06334 0.08141 0.09976 0.11773 0.13509 0.15320 0.17185 0.20711 0.25976 0.31485 0.36945 0.42063 0.47308 0.52918 0.58265 0.63224 0.68594 0.70605 0.68669 0.66626 0.64833 0.63113 0.61278 0.59385 0.57553 0.55774 0.53975 0.50381 0.45039 0.39721 0.34407 0.29095 0.23792 0.18495 0.13205 0.07920 0.02639 0.00000 0.00000 0.00000 0.00000 0.00000 0.00000 0.00000 0.00000 0.00000 0.00000 0.00000 0.00000 0.00000 0.00000 0.00000 0.00000 0.00000 0.00000 0.00000 0.00000 0.00000 0.00000 0.00000 0.00000 0.00000 0.00000 0.00000 0.00000 0.00000 0.00000 0.00000 0.00000 0.00000 0.00000 0.00000 0.00000 0.00000 0.00000 0.00000 0.00000 0.00000 0.00000 0.00000 0.00000 0.00000
0.00000 0.00000 0.00000 0.00000 0.00000 0.00000 0.00000 0.00000 0.00000 0.00000 0.00000 0.00000 0.00000 0.00000 0.00000 0.00544 0.01639 0.02727 0.03796 0.04881 0.05985 0.07052 0.08099 0.09199 0.10316 0.13842 0.19856 0.26102 0.32282 0.38043 0.44030 0.50468 0.56550 0.62121 0.68090 0.70909 0.69744 0.68410 0.67318 0.66261 0.65115 0.63985 0.62879 0.61760 0.60651 0.57081 0.51037 0.44999 0.38976 0.32962 0.26955 0.20955 0.14961 0.08973 0.02990 0.00000 0.00000 0.00000 0.00000 0.00000 0.00000 0.00000 0.00000 0.00000 0.00000 0.00000 0.00000 0.00000 0.00000 0.00000 0.00000 0.00000 0.00000 0.00000 0.00000 0.00000 0.00000 0.00000 0.00000 0.00000 0.00000 0.00000 0.00000 0.00000 0.00000 0.00000 0.00000 0.00000 0.00000 0.00000 0.00000 0.00000 0.00000 0.00000 0.00000 0.00000 0.00000 0.00000 0.00000 0.00000
0.00000 0.00000 0.00000 0.00000 0.00000 0.00000 0.00000 0.00000 0.00000 0.00000 0.00000 0.00000 0.00000 0.00000 0.00000 0.00181 0.00545 0.00909 0.01267 0.01625 0.01991 0.02353 0.02706 0.03058 0.03420 0.07035 0.13853 0.20576 0.27421 0.34334 0.41021 0.47569 0.54489 0.61448 0.67970 0.70853 0.70615 0.70369 0.69877 0.69340 0.68933 0.68593 0.68202 0.67749 0.67323 0.63768 0.57030 0.50278 0.43542 0.36826 0.30116 0.23412 0.16715 0.10025 0.03340 0.00000 0.00000 0.00000 0.00000 0.00000 0.00000 0.00000 0.00000 0.00000 0.00000 0.00000 0.00000 0.00000 0.00000 0.00000 0.00000 0.00000 0.00000 0.00000 0.00000 0.00000 0.00000 0.00000 0.00000 0.00000 0.00000 0.00000 0.00000 0.00000 0.00000 0.00000 0.00000 0.00000 0.00000 0.00000 0.00000 0.00000 0.00000 0.00000 0.00000 0.00000 0.00000 0.00000 0.00000 0.00000
0.00000 0.00000 0.00000 0.00000 0.00000 0.00000 0.00000 0.00000 0.00000 0.00000 0.00000 0.00000 0.00000 0.00000 0.00000 0.00000 0.00000 0.00000 0.00000 0.00000 0.00000 0.00000 0.00000 0.00000 0.00000 0.03424 0.10285 0.16997 0.23746 0.30741 0.37547 0.43989 0.50708 0.57802 0.64519 0.67720 0.68039 0.68493 0.68766 0.69004 0.69300 0.69604 0.69908 0.70213 0.70505 0.67271 0.60525 0.53788 0.47057 0.40337 0.33626 0.26923 0.20228 0.13539 0.06855 0.03514 0.03513 0.03513 0.03512 0.03512 0.03511 0.03511 0.03512 0.03512 0.03512 0.03337 0.02987 0.02636 0.02286 0.01935 0.01584 0.01232 0.00881 0.00529 0.00176 0.00000 0.00000 0.00000 0.00000 0.00000 0.00000 0.00000 0.00000 0.00000 0.00000 0.00000 0.00000 0.00000 0.00000 0.00000 0.00000 0.00000 0.00000 0.00000 0.00000 0.00000 0.00000 0.00000 0.00000 0.00000
0.00000 0.00000 0.00000 0.00000 0.00000 0.00000 0.00000 0.00000 0.00000 0.00000 0.00000 0.00000 0.00000 0.00000 0.00000 0.00000 0.00000 0.00000 0.00000 0.00000 0.00000 0.00000 0.00000 0.00000 0.00000 0.03048 0.09147 0.15319 0.21329 0.27273 0.33479 0.39665 0.45497 0.51313 0.57558 0.61251 0.62104 0.62961 0.64033 0.65141 0.66151 0.67086 0.68066 0.69121 0.70158 0.67606 0.61546 0.55529 0.49513 0.43493 0.37485 0.31487 0.25496 0.19510 0.13530 0.10539 0.10537 0.10535 0.10533 0.10532 0.10531 0.10532 0.10532 0.10533 0.10535 0.10010 0.08959 0.07907 0.06855 0.05803 0.04750 0.03697 0.02642 0.01586 0.00529 0.00000 0.00000 0.00000 0.00000 0.00000 0.00000 0.00000 0.00000 0.00000 0.00000 0.00000 0.00000 0.00000 0.00000 0.00000 0.00000 0.00000 0.00000 0.00000 0.00000 0.00000 0.00000 0.00000 0.00000 0.00000
0.00000 0.00000 0.00000 0.00000 0.00000 0.00000 0.00000 0.00000 0.00000 0.00000 0.00000 0.00000 0.00000 0.00000 0.00000 0.00000 0.00000 0.00000 0.00000 0.00000 0.00000 0.00000 0.00000 0.00000 0.00000 0.02699 0.08053 0.13436 0.18875 0.24157 0.29413 0.34866 0.40266 0.45417 0.50646 0.54308 0.56070 0.57716 0.59413 0.61156 0.62898 0.64616 0.66310 0.68020 0.69752 0.67941 0.62597 0.57271 0.51956 0.46646 0.41344 0.36051 0.30761 0.25478 0.20200 0.17561 0.17556 0.17552 0.17550 0.17549 0.17548 0.17548 0.17549 0.17551 0.17554 0.16680 0.14928 0.13176 0.11423 0.09670 0.07916 0.06160 0.04403 0.02643 0.00882 0.00000 0.00000 0.00000 0.00000 0.00000 0.00000 0.00000 0.00000 0.00000 0.00000 0.00000 0.00000 0.00000 0.00000 0.00000 0.00000 0.00000 0.00000 0.00000 0.00000 0.00000 0.00000 0.00000 0.00000 0.00000
0.00000 0.00000 0.00000 0.00000 0.00000 0.00000 0.00000 0.00000 0.00000 0.00000 0.00000 0.00000 0.00000 0.00000 0.00000 0.00000 0.00000 0.00000 0.00000 0.00000 0.00000 0.00000 0.00000 0.00000 0.00000 0.02344 0.06981 0.11592 0.16353 0.21032 0.25470 0.30024 0.34871 0.39557 0.43944 0.47332 0.49925 0.52468 0.54854 0.57201 0.59624 0.62115 0.64570 0.66946 0.69336 0.68262 0.63654 0.59016 0.54395 0.49798 0.45204 0.40610 0.36023 0.31442 0.26867 0.24578 0.24572 0.24567 0.24563 0.24562 0.24561 0.24561 0.24562 0.24566 0.24570 0.23346 0.20895 0.18443 0.15990 0.13536 0.11080 0.08623 0.06163 0.03700 0.01234 0.00000 0.00000 0.00000 0.00000 0.00000 0.00000 0.00000 0.00000 0.00000 0.00000 0.00000 0.00000 0.00000 0.00000 0.00000 0.00000 0.00000 0.00000 0.00000 0.00000 0.00000 0.00000 0.00000 0.00000 0.00000
0.00000 0.00000 0.00000 0.00000 0.00000 0.00000 0.00000 0.00000 0.00000 0.00000 0.00000 0.00000 0.00000 0.00000 0.00000 0.00000 0.00000 0.00000 0.00000 0.00000 0.00000 0.00000 0.00000 0.00000 0.00000 0.01974 0.05923 0.09863 0.13761 0.17693 0.21665 0.25522 0.29360 0.33322 0.37251 0.40720 0.43842 0.47020 0.50199 0.53347 0.56456 0.59581 0.62743 0.65880 0.68987 0.68586 0.64675 0.60757 0.56847 0.52950 0.49055 0.45164 0.41282 0.37406 0.33530 0.31590 0.31583 0.31578 0.31574 0.31571 0.31570 0.31571 0.31573 0.31577 0.31583 0.30010 0.26859 0.23707 0.20554 0.17400 0.14244 0.11085 0.07922 0.04757 0.01587 0.00000 0.00000 0.00000 0.00000 0.00000 0.00000 0.00000 0.00000 0.00000 0.00000 0.00000 0.00000 0.00000 0.00000 0.00000 0.00000 0.00000 0.00000 0.00000 0.00000 0.00000 0.00000 0.00000 0.00000 0.00000
0.00000 0.00000 0.00000 0.00000 0.00000 0.00000 0.00000 0.00000 0.00000 0.00000 0.00000 0.00000 0.00000 0.00000 0.00000 0.00000 0.00000 0.00000 0.00000 0.00000 0.00000 0.00000 0.00000 0.00000 0.00000 0.01610 0.04848 0.08104 0.11242 0.14399 0.17742 0.20984 0.24015 0.27123 0.30446 0.34049 0.37838 0.41627 0.45521 0.49444 0.53305 0.57093 0.60905 0.64787 0.68652 0.68924 0.65687 0.62496 0.59305 0.56099 0.52903 0.49720 0.46540 0.43363 0.40190 0.38599 0.38591 0.38585 0.38581 0.38577 0.38576 0.38578 0.38581 0.38585 0.38592 0.36672 0.32821 0.28970 0.25117 0.21263 0.17406 0.13546 0.09682 0.05813 0.01939 0.00000 0.00000 0.00000 0.00000 0.00000 0.00000 0.00000 0.00000 0.00000 0.00000 0.00000 0.00000 0.00000 0.00000 0.00000 0.00000 0.00000 0.00000 0.00000 0.00000 0.00000 0.00000 0.00000 0.00000 0.00000
0.00000 0.00000 0.00000 0.00000 0.00000 0.00000 0.00000 0.00000 0.00000 0.00000 0.00000 0.00000 0.00000 0.00000 0.00000 0.00000 0.00000 0.00000 0.00000 0.00000 0.00000 0.00000 0.00000 0.00000 0.00000 0.01260 0.03761 0.06247 0.08780 0.11287 0.13724 0.16200 0.18740 0.21210 0.23628 0.27163 0.31791 0.36382 0.40925 0.45474 0.50064 0.54633 0.59154 0.63691 0.68250 0.69257 0.66737 0.64239 0.61742 0.59242 0.56755 0.54275 0.51793 0.49315 0.46846 0.45607 0.45596 0.45588 0.45583 0.45580 0.45579 0.45581 0.45585 0.45591 0.45600 0.43331 0.38781 0.34231 0.29679 0.25125 0.20567 0.16006 0.11440 0.06869 0.02291 0.00000 0.00000 0.00000 0.00000 0.00000 0.00000 0.00000 0.00000 0.00000 0.00000 0.00000 0.00000 0.00000 0.00000 0.00000 0.00000 0.00000 0.00000 0.00000 0.00000 0.00000 0.00000 0.00000 0.00000 0.00000
0.00000 0.00000 0.00000 0.00000 0.00000 0.00000 0.00000 0.00000 0.00000 0.00000 0.00000 0.00000 0.00000 0.00000 0.00000 0.00000 0.00000 0.00000 0.00000 0.00000 0.00000 0.00000 0.00000 0.00000 0.00000 0.00900 0.02680 0.04453 0.06281 0.08080 0.09778 0.11530 0.13396 0.15189 0.16872 0.20367 0.25731 0.31074 0.36334 0.41561 0.46825 0.52134 0.57412 0.62621 0.67837 0.69583 0.67798 0.65979 0.64172 0.62390 0.60609 0.58823 0.57042 0.55268 0.53498 0.52609 0.52598 0.52588 0.52582 0.52580 0.52580 0.52581 0.52586 0.52594 0.52605 0.49987 0.44739 0.39490 0.34239 0.28985 0.23728 0.18466 0.13198 0.07925 0.02644 0.00000 0.00000 0.00000 0.00000 0.00000 0.00000 0.00000 0.00000 0.00000 0.00000 0.00000 0.00000 0.00000 0.00000 0.00000 0.00000 0.00000 0.00000 0.00000 0.00000 0.00000 0.00000 0.00000 0.00000 0.00000
0.00000 0.00000 0.00000 0.00000 0.00000 0.00000 0.00000 0.00000 0.00000 0.00000 0.00000 0.00000 0.00000 0.00000 0.00000 0.00000 0.00000 0.00000 0.00000 0.00000 0.00000 0.00000 0.00000 0.00000 0.00000 0.00537 0.01609 0.02690 0.03756 0.04812 0.05889 0.06959 0.08010 0.09066 0.10132 0.13681 0.19692 0.25683 0.31694 0.37703 0.43661 0.49614 0.55599 0.61557 0.67486 0.69912 0.68820 0.67714 0.66620 0.65539 0.64453 0.63366 0.62291 0.61221 0.60148 0.59606 0.59595 0.59587 0.59580 0.59577 0.59577 0.59580 0.59586 0.59595 0.59607 0.56642 0.50695 0.44748 0.38798 0.32845 0.26888 0.20925 0.14956 0.08980 0.02996 0.00000 0.00000 0.00000 0.00000 0.00000 0.00000 0.00000 0.00000 0.00000 0.00000 0.00000 0.00000 0.00000 0.00000 0.00000 0.00000 0.00000 0.00000 0.00000 0.00000 0.00000 0.00000 0.00000 0.00000 0.00000
0.00000 0.00000 0.00000 0.00000 0.00000 0.00000 0.00000 0.00000 0.00000 0.00000 0.00000 0.00000 0.00000 0.00000 0.00000 0.00000 0.00000 0.00000 0.00000 0.00000 0.00000 0.00000 0.00000 0.00000 0.00000 0.00179 0.00538 0.00897 0.01248 0.01599 0.01967 0.02327 0.02665 0.03012 0.03379 0.06939 0.13655 0.20347 0.27072 0.33804 0.40490 0.47130 0.53783 0.60475 0.67148 0.70245 0.69831 0.69453 0.69075 0.68681 0.68290 0.67914 0.67540 0.67166 0.66795 0.66603 0.66589 0.66581 0.66575 0.66571 0.66570 0.66575 0.66583 0.66593 0.66607 0.63294 0.56650 0.50004 0.43356 0.36704 0.30047 0.23384 0.16714 0.10035 0.03348 0.00000 0.00000 0.00000 0.00000 0.00000 0.00000 0.00000 0.00000 0.00000 0.00000 0.00000 0.00000 0.00000 0.00000 0.00000 0.00000 0.00000 0.00000 0.00000 0.00000 0.00000 0.00000 0.00000 0.00000 0.00000
0.00000 0.00000 0.00000 0.00000 0.00000 0.00000 0.00000 0.00000 0.00000 0.00000 0.00000 0.00000 0.00000 0.00000 0.00000 0.00180 0.00543 0.00906 0.01262 0.01618 0.01983 0.02346 0.02695 0.03042 0.03407 0.03415 0.03044 0.02673 0.02322 0.01968 0.01605 0.01244 0.00890 0.00534 0.00178 0.03546 0.10634 0.17725 0.24779 0.31808 0.38865 0.45908 0.52907 0.59915 0.66934 0.70401 0.70349 0.70318 0.70280 0.70236 0.70206 0.70181 0.70152 0.70126 0.70109 0.70093 0.70078 0.70068 0.70063 0.70060 0.70060 0.70065 0.70073 0.70085 0.70100 0.66614 0.59621 0.52628 0.45631 0.38630 0.31624 0.24611 0.17591 0.10562 0.03524 0.00000 0.00000 0.00000 0.00000 0.00000 0.00000 0.00000 0.00000 0.00000 0.00000 0.00000 0.00000 0.00000 0.00000 0.00000 0.00000 0.00000 0.00000 0.00000 0.00000 0.00000 0.00000 0.00000 0.00000 0.00000
0.00000 0.00000 0.00000 0.00000 0.00000 0.00000 0.00000 0.00000 0.00000 0.00000 0.00000 0.00000 0.00000 0.00000 0.00000 0.00542 0.01630 0.02711 0.03780 0.04857 0.05953 0.07029 0.08072 0.09133 0.10230 0.10237 0.09116 0.08014 0.06974 0.05913 0.04803 0.03723 0.02673 0.01605 0.00532 0.03539 0.10637 0.17732 0.24770 0.31791 0.38839 0.45894 0.52916 0.59899 0.66886 0.70380 0.70351 0.70297 0.70248 0.70219 0.70193 0.70162 0.70133 0.70109 0.70091 0.70076 0.70064 0.70053 0.70046 0.70045 0.70047 0.70051 0.70059 0.70072 0.70088 0.66602 0.59612 0.52619 0.45624 0.38625 0.31620 0.24608 0.17589 0.10561 0.03523 0.00000 0.00000 0.00000 0.00000 0.00000 0.00000 0.00000 0.00000 0.00000 0.00000 0.00000 0.00000 0.00000 0.00000 0.00000 0.00000 0.00000 0.00000 0.00000 0.00000 0.00000 0.00000 0.00000 0.00000 0.00000
0.00000 0.00000 0.00000 0.00000 0.00000 0.00000 0.00000 0.00000 0.00000 0.00000 0.00000 0.00000 0.00000 0.00000 0.00000 0.00902 0.02716 0.04519 0.06294 0.08098 0.09920 0.11687 0.13440 0.15253 0.17067 0.17001 0.15165 0.13404 0.11631 0.09807 0.08003 0.06231 0.04452 0.02664 0.00887 0.03549 0.10636 0.17687 0.24754 0.31824 0.38840 0.45850 0.52889 0.59897 0.66878 0.70360 0.70323 0.70273 0.70235 0.70207 0.70172 0.70139 0.70117 0.70096 0.70074 0.70058 0.70048 0.70038 0.70032 0.70031 0.70033 0.70038 0.70046 0.70060 0.70076 0.66592 0.59603 0.52612 0.45618 0.38620 0.31616 0.24606 0.17587 0.10560 0.03523 0.00000 0.00000 0.00000 0.00000 0.00000 0.00000 0.00000 0.00000 0.00000 0.00000 0.00000 0.00000 0.00000 0.00000 0.00000 0.00000 0.00000 0.00000 0.00000 0.00000 0.00000 0.00000 0.00000 0.00000 0.00000
0.00000 0.00000 0.00000 0.00000 0.00000 0.00000 0.00000 0.00000 0.00000 0.00000 0.00000 0.00000 0.00000 0.00000 0.00000 0.01262 0.03797 0.06328 0.08823 0.11321 0.13875 0.16372 0.18820 0.21328 0.23891 0.23793 0.21218 0.18792 0.16283 0.13680 0.11208 0.08751 0.06221 0.03719 0.01243 0.03553 0.10623 0.17672 0.24754 0.31820 0.38836 0.45838 0.52855 0.59878 0.66882 0.70342 0.70288 0.70254 0.70226 0.70189 0.70151 0.70122 0.70100 0.70080 0.70060 0.70042 0.70030 0.70024 0.70020 0.70016 0.70018 0.70025 0.70035 0.70048 0.70064 0.66581 0.59594 0.52604 0.45612 0.38615 0.31612 0.24603 0.17586 0.10559 0.03523 0.00000 0.00000 0.00000 0.00000 0.00000 0.00000 0.00000 0.00000 0.00000 0.00000 0.00000 0.00000 0.00000 0.00000 0.00000 0.00000 0.00000 0.00000 0.00000 0.00000 0.00000 0.00000 0.00000 0.00000 0.00000
0.00000 0.00000 0.00000 0.00000 0.00000 0.00000 0.00000 0.00000 0.00000 0.00000 0.00000 0.00000 0.00000 0.00000 0.00000 0.01624 0.04875 0.08128 0.11344 0.14556 0.17829 0.21063 0.24209 0.27376 0.30645 0.30648 0.27362 0.24070 0.20852 0.17664 0.14445 0.11194 0.07990 0.04800 0.01598 0.03540 0.10620 0.17710 0.24746 0.31763 0.38824 0.45860 0.52843 0.59844 0.66859 0.70326 0.70275 0.70242 0.70203 0.70165 0.70138 0.70111 0.70082 0.70060 0.70045 0.70030 0.70016 0.70009 0.70005 0.70004 0.70005 0.70012 0.70023 0.70036 0.70054 0.66571 0.59585 0.52597 0.45606 0.38610 0.31609 0.24600 0.17584 0.10558 0.03522 0.00000 0.00000 0.00000 0.00000 0.00000 0.00000 0.00000 0.00000 0.00000 0.00000 0.00000 0.00000 0.00000 0.00000 0.00000 0.00000 0.00000 0.00000 0.00000 0.00000 0.00000 0.00000 0.00000 0.00000 0.00000
0.00000 0.00000 0.00000 0.00000 0.00000 0.00000 0.00000 0.00000 0.00000 0.00000 0.00000 0.00000 0.00000 0.00000 0.00000 0.01985 0.05970 0.09920 0.13841 0.17796 0.21782 0.25728 0.29605 0.33449 0.37370 0.37489 0.33503 0.29347 0.25438 0.21653 0.17645 0.13637 0.09780 0.05877 0.01949 0.03535 0.10629 0.17710 0.24730 0.31755 0.38809 0.45842 0.52843 0.59834 0.66826 0.70303 0.70268 0.70227 0.70182 0.70146 0.70121 0.70097 0.70069 0.70044 0.70027 0.70016 0.70005 0.69994 0.69989 0.69991 0.69995 0.70000 0.70010 0.70025 0.70044 0.66562 0.59577 0.52591 0.45601 0.38606 0.31605 0.24598 0.17582 0.10558 0.03522 0.00000 0.00000 0.00000 0.00000 0.00000 0.00000 0.00000 0.00000 0.00000 0.00000 0.00000 0.00000 0.00000 0.00000 0.00000 0.00000 0.00000 0.00000 0.00000 0.00000 0.00000 0.00000 0.00000 0.00000 0.00000
0.00000 0.00000 0.00000 0.00000 0.00000 0.00000 0.00000 0.00000 0.00000 0.00000 0.00000 0.00000 0.00000 0.00000 0.00000 0.02343 0.07055 0.11742 0.16354 0.21008 0.25741 0.30380 0.34939 0.39564 0.44271 0.44204 0.39422 0.34774 0.30188 0.25484 0.20784 0.16180 0.11562 0.06916 0.02303 0.03547 0.10620 0.17660 0.24733 0.31797 0.38790 0.45792 0.52834 0.59838 0.66809 0.70283 0.70247 0.70204 0.70169 0.70138 0.70102 0.70074 0.70055 0.70034 0.70012 0.69999 0.69991 0.69983 0.69977 0.69978 0.69983 0.69989 0.69999 0.70015 0.70033 0.66553 0.59569 0.52584 0.45595 0.38602 0.31602 0.24596 0.17581 0.10557 0.03522 0.00000 0.00000 0.00000 0.00000 0.00000 0.00000 0.00000 0.00000 0.00000 0.00000 0.00000 0.00000 0.00000 0.00000 0.00000 0.00000 0.00000 0.00000 0.00000 0.00000 0.00000 0.00000 0.00000 0.00000 0.00000
0.00000 0.00000 0.00000 0.00000 0.00000 0.00000 0.00000 0.00000 0.00000 0.00000 0.00000 0.00000 0.00000 0.00000 0.00000 0.02701 0.08111 0.13548 0.18889 0.24231 0.29708 0.35041 0.40249 0.45669 0.51177 0.50877 0.45370 0.40275 0.34883 0.29253 0.23970 0.18741 0.13318 0.07958 0.02661 0.03549 0.10607 0.17654 0.24735 0.31782 0.38783 0.45792 0.52810 0.59812 0.66803 0.70275 0.70225 0.70182 0.70154 0.70126 0.70090 0.70057 0.70036 0.70021 0.70003 0.69985 0.69974 0.69971 0.69968 0.69966 0.69969 0.69978 0.69991 0.70004 0.70023 0.66544 0.59563 0.52578 0.45590 0.38598 0.31599 0.24593 0.17579 0.10556 0.03522 0.00000 0.00000 0.00000 0.00000 0.00000 0.00000 0.00000 0.00000 0.00000 0.00000 0.00000 0.00000 0.00000 0.00000 0.00000 0.00000 0.00000 0.00000 0.00000 0.00000 0.00000 0.00000 0.00000 0.00000 0.00000
0.00000 0.00000 0.00000 0.00000 0.00000 0.00000 0.00000 0.00000 0.00000 0.00000 0.00000 0.00000 0.00000 0.00000 0.00000 0.03073 0.09197 0.15300 0.21397 0.27477 0.33662 0.39721 0.45623 0.51684 0.57918 0.57794 0.51535 0.45425 0.39407 0.33329 0.27221 0.21116 0.15085 0.09060 0.03013 0.03535 0.10614 0.17694 0.24712 0.31724 0.38788 0.45818 0.52789 0.59778 0.66789 0.70260 0.70212 0.70173 0.70135 0.70101 0.70077 0.70050 0.70021 0.70001 0.69989 0.69975 0.69962 0.69956 0.69955 0.69955 0.69959 0.69967 0.69980 0.69995 0.70014 0.66536 0.59555 0.52572 0.45585 0.38594 0.31596 0.24591 0.17578 0.10555 0.03521 0.00000 0.00000 0.00000 0.00000 0.00000 0.00000 0.00000 0.00000 0.00000 0.00000 0.00000 0.00000 0.00000 0.00000 0.00000 0.00000 0.00000 0.00000 0.00000 0.00000 0.00000 0.00000 0.00000 0.00000 0.00000
0.00000 0.00000 0.00000 0.00000 0.00000 0.00000 0.00000 0.00000 0.00000 0.00000 0.00000 0.00000 0.00000 0.00000 0.00000 0.03429 0.10288 0.17101 0.23882 0.30712 0.37578 0.44393 0.51073 0.57678 0.64507 0.64758 0.57743 0.50574 0.43957 0.37392 0.30393 0.23510 0.16891 0.10145 0.03361 0.03531 0.10621 0.17690 0.24699 0.31726 0.38775 0.45792 0.52785 0.59781 0.66767 0.70232 0.70198 0.70166 0.70122 0.70082 0.70058 0.70039 0.70013 0.69987 0.69971 0.69963 0.69954 0.69944 0.69941 0.69945 0.69950 0.69957 0.69968 0.69986 0.70006 0.66528 0.59548 0.52567 0.45581 0.38590 0.31594 0.24590 0.17577 0.10555 0.03521 0.00000 0.00000 0.00000 0.00000 0.00000 0.00000 0.00000 0.00000 0.00000 0.00000 0.00000 0.00000 0.00000 0.00000 0.00000 0.00000 0.00000 0.00000 0.00000 0.00000 0.00000 0.00000 0.00000 0.00000 0.00000
0.00000 0.00000 0.00000 0.00000 0.00000 0.00000 0.00000 0.00000 0.00000 0.00000 0.00000 0.00000 0.00000 0.00000 0.00000 0.03591 0.10821 0.18061 0.25158 0.32284 0.39508 0.46693 0.53800 0.60800 0.67874 0.68096 0.61289 0.54353 0.47533 0.40743 0.33950 0.27184 0.20414 0.13640 0.06905 0.06908 0.13612 0.20291 0.27005 0.33706 0.40338 0.46977 0.53658 0.60311 0.66928 0.70040 0.69653 0.69266 0.68883 0.68501 0.68117 0.67741 0.67374 0.67006 0.66637 0.66449 0.66444 0.66439 0.66434 0.66436 0.66442 0.66451 0.66462 0.66478 0.66498 0.63195 0.56565 0.49933 0.43298 0.36658 0.30012 0.23358 0.16697 0.10026 0.03345 0.00000 0.00000 0.00000 0.00000 0.00000 0.00000 0.00000 0.00000 0.00000 0.00000 0.00000 0.00000 0.00000 0.00000 0.00000 0.00000 0.00000 0.00000 0.00000 0.00000 0.00000 0.00000 0.00000 0.00000 0.00000
0.00000 0.00000 0.00000 0.00000 0.00000 0.00000 0.00000 0.00000 0.00000 0.00000 0.00000 0.00000 0.00000 0.00000 0.00000 0.03605 0.10843 0.18025 0.25116 0.32284 0.39566 0.46637 0.53645 0.60928 0.68078 0.68143 0.62145 0.56452 0.50080 0.43683 0.37893 0.31951 0.25680 0.19593 0.13656 0.13654 0.19599 0.25572 0.31595 0.37569 0.43502 0.49447 0.55398 0.61335 0.67270 0.69689 0.68586 0.67490 0.66414 0.65339 0.64256 0.63176 0.62109 0.61048 0.59984 0.59445 0.59437 0.59436 0.59435 0.59434 0.59438 0.59448 0.59460 0.59473 0.59490 0.56537 0.50606 0.44673 0.38737 0.32797 0.26851 0.20898 0.14939 0.08971 0.02993 0.00000 0.00000 0.00000 0.00000 0.00000 0.00000 0.00000 0.00000 0.00000 0.00000 0.00000 0.00000 0.00000 0.00000 0.00000 0.00000 0.00000 0.00000 0.00000 0.00000 0.00000 0.00000 0.00000 0.00000 0.00000
0.00000 0.00000 0.00000 0.00000 0.00000 0.00000 0.00000 0.00000 0.00000 0.00000 0.00000 0.00000 0.00000 0.00000 0.00000 0.03616 0.10812 0.18005 0.25156 0.32274 0.39580 0.46707 0.53574 0.60696 0.68144 0.68901 0.63170 0.57762 0.52601 0.47235 0.41732 0.36333 0.31034 0.25721 0.20361 0.20318 0.25621 0.30924 0.36157 0.41385 0.46670 0.51937 0.57145 0.62359 0.67602 0.69324 0.67525 0.65732 0.63945 0.62165 0.60394 0.58623 0.56851 0.55086 0.53328 0.52446 0.52438 0.52433 0.52434 0.52436 0.52439 0.52447 0.52458 0.52471 0.52486 0.49880 0.44648 0.39414 0.34177 0.28936 0.23690 0.18439 0.13180 0.07915 0.02641 0.00000 0.00000 0.00000 0.00000 0.00000 0.00000 0.00000 0.00000 0.00000 0.00000 0.00000 0.00000 0.00000 0.00000 0.00000 0.00000 0.00000 0.00000 0.00000 0.00000 0.00000 0.00000 0.00000 0.00000 0.00000
0.00000 0.00000 0.00000 0.00000 0.00000 0.00000 0.00000 0.00000 0.00000 0.00000 0.00000 0.00000 0.00000 0.00000 0.00000 0.03609 0.10784 0.17955 0.25154 0.32297 0.39548 0.46712 0.53633 0.60614 0.68016 0.69402 0.64244 0.59369 0.55147 0.50589 0.45511 0.40773 0.36449 0.31843 0.27030 0.26979 0.31653 0.36232 0.40724 0.45258 0.49826 0.54372 0.58899 0.63418 0.67934 0.68945 0.66461 0.63974 0.61482 0.58999 0.56530 0.54065 0.51597 0.49131 0.46675 0.45446 0.45441 0.45436 0.45435 0.45439 0.45443 0.45449 0.45457 0.45470 0.45484 0.43225 0.38691 0.34156 0.29618 0.25076 0.20530 0.15979 0.11423 0.06859 0.02288 0.00000 0.00000 0.00000 0.00000 0.00000 0.00000 0.00000 0.00000 0.00000 0.00000 0.00000 0.00000 0.00000 0.00000 0.00000 0.00000 0.00000 0.00000 0.00000 0.00000 0.00000 0.00000 0.00000 0.00000 0.00000
0.00000 0.00000 0.00000 0.00000 0.00000 0.00000 0.00000 0.00000 0.00000 0.00000 0.00000 0.00000 0.00000 0.00000 0.00000 0.03600 0.10793 0.17995 0.25164 0.32293 0.39442 0.46617 0.53813 0.60820 0.67728 0.69342 0.65581 0.61540 0.57407 0.53432 0.49561 0.45629 0.41679 0.37712 0.33768 0.33781 0.37638 0.41442 0.45305 0.49184 0.52988 0.56783 0.60634 0.64480 0.68283 0.68578 0.65389 0.62205 0.59023 0.55845 0.52671 0.49502 0.46341 0.43184 0.40027 0.38447 0.38444 0.38442 0.38441 0.38442 0.38447 0.38453 0.38460 0.38470 0.38483 0.36572 0.32736 0.28899 0.25060 0.21217 0.17371 0.13520 0.09665 0.05804 0.01936 0.00000 0.00000 0.00000 0.00000 0.00000 0.00000 0.00000 0.00000 0.00000 0.00000 0.00000 0.00000 0.00000 0.00000 0.00000 0.00000 0.00000 0.00000 0.00000 0.00000 0.00000 0.00000 0.00000 0.00000 0.00000
0.00000 0.00000 0.00000 0.00000 0.00000 0.00000 0.00000 0.00000 0.00000 0.00000 0.00000 0.00000 0.00000 0.00000 0.00000 0.03595 0.10819 0.18039 0.25098 0.32282 0.39510 0.46549 0.53662 0.60974 0.67865 0.69425 0.66558 0.63576 0.59838 0.56365 0.53568 0.50482 0.46897 0.43536 0.40549 0.40578 0.43602 0.46694 0.49888 0.53046 0.56152 0.59250 0.62370 0.65504 0.68629 0.68226 0.64323 0.60437 0.56561 0.52687 0.48813 0.44946 0.41088 0.37234 0.33381 0.31452 0.31449 0.31449 0.31449 0.31449 0.31452 0.31458 0.31465 0.31473 0.31483 0.29920 0.26782 0.23643 0.20502 0.17358 0.14212 0.11062 0.07907 0.04748 0.01584 0.00000 0.00000 0.00000 0.00000 0.00000 0.00000 0.00000 0.00000 0.00000 0.00000 0.00000 0.00000 0.00000 0.00000 0.00000 0.00000 0.00000 0.00000 0.00000 0.00000 0.00000 0.00000 0.00000 0.00000 0.00000
0.00000 0.00000 0.00000 0.00000 0.00000 0.00000 0.00000 0.00000 0.00000 0.00000 0.00000 0.00000 0.00000 0.00000 0.00000 0.03607 0.10835 0.17997 0.25044 0.32236 0.39569 0.46698 0.53510 0.60597 0.68087 0.70328 0.67389 0.64770 0.62516 0.60035 0.57318 0.54722 0.52242 0.49780 0.47259 0.47157 0.49583 0.52070 0.54475 0.56841 0.59289 0.61748 0.64135 0.66519 0.68951 0.67873 0.63269 0.58676 0.54098 0.49525 0.44957 0.40396 0.35838 0.31284 0.26735 0.24461 0.24458 0.24456 0.24457 0.24458 0.24461 0.24464 0.24470 0.24477 0.24485 0.23269 0.20829 0.18388 0.15945 0.13500 0.11053 0.08603 0.06150 0.03693 0.01232 0.00000 0.00000 0.00000 0.00000 0.00000 0.00000 0.00000 0.00000 0.00000 0.00000 0.00000 0.00000 0.00000 0.00000 0.00000 0.00000 0.00000 0.00000 0.00000 0.00000 0.00000 0.00000 0.00000 0.00000 0.00000
0.00000 0.00000 0.00000 0.00000 0.00000 0.00000 0.00000 0.00000 0.00000 0.00000 0.00000 0.00000 0.00000 0.00000 0.00000 0.03605 0.10769 0.18000 0.25143 0.32181 0.39527 0.46693 0.53557 0.60535 0.68016 0.70793 0.68418 0.66392 0.65049 0.63407 0.61149 0.59071 0.57610 0.55996 0.53942 0.53735 0.55587 0.57395 0.59054 0.60703 0.62428 0.64184 0.65896 0.67574 0.69278 0.67503 0.62213 0.56918 0.51636 0.46366 0.41103 0.35845 0.30589 0.25338 0.20092 0.17470 0.17468 0.17467 0.17467 0.17468 0.17470 0.17473 0.17477 0.17482 0.17488 0.16620 0.14877 0.13133 0.11389 0.09643 0.07895 0.06145 0.04393 0.02638 0.00880 0.00000 0.00000 0.00000 0.00000 0.00000 0.00000 0.00000 0.00000 0.00000 0.00000 0.00000 0.00000 0.00000 0.00000 0.00000 0.00000 0.00000 0.00000 0.00000 0.00000 0.00000 0.00000 0.00000 0.00000 0.00000
0.00000 0.00000 0.00000 0.00000 0.00000 0.00000 0.00000 0.00000 0.00000 0.00000 0.00000 0.00000 0.00000 0.00000 0.00000 0.03599 0.10773 0.17973 0.25187 0.32297 0.39347 0.46552 0.53767 0.60815 0.67682 0.70689 0.69806 0.68581 0.67305 0.66248 0.65135 0.63957 0.62919 0.61810 0.60578 0.60574 0.61634 0.62576 0.63580 0.64642 0.65619 0.66577 0.67613 0.68652 0.69637 0.67124 0.61142 0.55164 0.49181 0.43211 0.37250 0.31293 0.25341 0.19395 0.13452 0.10480 0.10479 0.10479 0.10479 0.10480 0.10481 0.10483 0.10485 0.10488 0.10492 0.09971 0.08926 0.07880 0.06833 0.05785 0.04737 0.03687 0.02636 0.01583 0.00528 0.00000 0.00000 0.00000 0.00000 0.00000 0.00000 0.00000 0.00000 0.00000 0.00000 0.00000 0.00000 0.00000 0.00000 0.00000 0.00000 0.00000 0.00000 0.00000 0.00000 0.00000 0.00000 0.00000 0.00000 0.00000
0.00000 0.00000 0.00000 0.00000 0.00000 0.00000 0.00000 0.00000 0.00000 0.00000 0.00000 0.00000 0.00000 0.00000 0.00000 0.03604 0.10829 0.17954 0.25065 0.32326 0.39468 0.46511 0.53644 0.60937 0.67813 0.70787 0.70683 0.70680 0.69998 0.69032 0.68818 0.68979 0.68386 0.67457 0.67198 0.67457 0.67685 0.67785 0.68101 0.68513 0.68810 0.69033 0.69332 0.69686 0.69994 0.66767 0.60074 0.53403 0.46728 0.40057 0.33397 0.26744 0.20096 0.13453 0.06812 0.03493 0.03493 0.03493 0.03493 0.03493 0.03493 0.03494 0.03495 0.03496 0.03497 0.03324 0.02975 0.02626 0.02278 0.01928 0.01579 0.01229 0.00879 0.00528 0.00176 0.00000 0.00000 0.00000 0.00000 0.00000 0.00000 0.00000 0.00000 0.00000 0.00000 0.00000 0.00000 0.00000 0.00000 0.00000 0.00000 0.00000 0.00000 0.00000 0.00000 0.00000 0.00000 0.00000 0.00000 0.00000
0.00000 0.00000 0.00000 0.00000 0.00000 0.00000 0.00000 0.00000 0.00000 0.00000 0.00000 0.00000 0.00000 0.00000 0.00000 0.03595 0.10818 0.18032 0.25051 0.32209 0.39555 0.46675 0.53464 0.60559 0.68022 0.71477 0.71070 0.71058 0.71195 0.70992 0.70911 0.70992 0.70805 0.70661 0.70727 0.70505 0.70015 0.69625 0.69226 0.68778 0.68397 0.68030 0.67598 0.67175 0.66807 0.63278 0.56571 0.49884 0.43220 0.36557 0.29896 0.23245 0.16600 0.09957 0.03318 0.00000 0.00000 0.00000 0.00000 0.00000 0.00000 0.00000 0.00000 0.00000 0.00000 0.00000 0.00000 0.00000 0.00000 0.00000 0.00000 0.00000 0.00000 0.00000 0.00000 0.00000 0.00000 0.00000 0.00000 0.00000 0.00000 0.00000 0.00000 0.00000 0.00000 0.00000 0.00000 0.00000 0.00000 0.00000 0.00000 0.00000 0.00000 0.00000 0.00000 0.00000 0.00000 0.00000 0.00000 0.00000
0.00000 0.00000 0.00000 0.00000 0.00000 0.00000 0.00000 0.00000 0.00000 0.00000 0.00000 0.00000 0.00000 0.00000 0.00000 0.03599 0.10804 0.17983 0.25043 0.32230 0.39499 0.46646 0.53525 0.60508 0.67891 0.71619 0.71236 0.70770 0.70879 0.71387 0.71268 0.70490 0.70526 0.71043 0.70925 0.69901 0.68799 0.67950 0.66842 0.65571 0.64461 0.63456 0.62356 0.61201 0.60116 0.56610 0.50618 0.44626 0.38662 0.32705 0.26747 0.20795 0.14850 0.08908 0.02969 0.00000 0.00000 0.00000 0.00000 0.00000 0.00000 0.00000 0.00000 0.00000 0.00000 0.00000 0.00000 0.00000 0.00000 0.00000 0.00000 0.00000 0.00000 0.00000 0.00000 0.00000 0.00000 0.00000 0.00000 0.00000 0.00000 0.00000 0.00000 0.00000 0.00000 0.00000 0.00000 0.00000 0.00000 0.00000 0.00000 0.00000 0.00000 0.00000 0.00000 0.00000 0.00000 0.00000 0.00000 0.00000
0.00000 0.00000 0.00000 0.00000 0.00000 0.00000 0.00000 0.00000 0.00000 0.00000 0.00000 0.00000 0.00000 0.00000 0.00000 0.03600 0.10770 0.17956 0.25136 0.32283 0.39412 0.46532 0.53655 0.60698 0.67694 0.71364 0.71349 0.70974 0.70959 0.71217 0.70981 0.70662 0.70801 0.70917 0.70647 0.69591 0.67913 0.66126 0.64264 0.62453 0.60640 0.58824 0.57051 0.55272 0.53462 0.49918 0.44652 0.39384 0.34110 0.28849 0.23598 0.18348 0.13101 0.07859 0.02619 0.00000 0.00000 0.00000 0.00000 0.00000 0.00000 0.00000 0.00000 0.00000 0.00000 0.00000 0.00000 0.00000 0.00000 0.00000 0.00000 0.00000 0.00000 0.00000 0.00000 0.00000 0.00000 0.00000 0.00000 0.00000 0.00000 0.00000 0.00000 0.00000 0.00000 0.00000 0.00000 0.00000 0.00000 0.00000 0.00000 0.00000 0.00000 0.00000 0.00000 0.00000 0.00000 0.00000 0.00000 0.00000
0.00000 0.00000 0.00000 0.00000 0.00000 0.00000 0.00000 0.00000 0.00000 0.00000 0.00000 0.00000 0.00000 0.00000 0.00000 0.03601 0.10758 0.17953 0.25129 0.32239 0.39447 0.46553 0.53562 0.60776 0.67921 0.71031 0.70930 0.71477 0.71387 0.70597 0.70621 0.71208 0.71097 0.70460 0.70365 0.69519 0.67040 0.64218 0.61665 0.59333 0.56833 0.54230 0.51741 0.49309 0.46813 0.43251 0.38686 0.34131 0.29561 0.24998 0.20449 0.15900 0.11353 0.06811 0.02270 0.00000 0.00000 0.00000 0.00000 0.00000 0.00000 0.00000 0.00000 0.00000 0.00000 0.00000 0.00000 0.00000 0.00000 0.00000 0.00000 0.00000 0.00000 0.00000 0.00000 0.00000 0.00000 0.00000 0.00000 0.00000 0.00000 0.00000 0.00000 0.00000 0.00000 0.00000 0.00000 0.00000 0.00000 0.00000 0.00000 0.00000 0.00000 0.00000 0.00000 0.00000 0.00000 0.00000 0.00000 0.00000
0.00000 0.00000 0.00000 0.00000 0.00000 0.00000 0.00000 0.00000 0.00000 0.00000 0.00000 0.00000 0.00000 0.00000 0.00000 0.03600 0.10811 0.17958 0.25042 0.32211 0.39484 0.46616 0.53480 0.60601 0.67972 0.71206 0.70969 0.71330 0.71235 0.70766 0.70776 0.71060 0.70847 0.70484 0.70624 0.69164 0.65780 0.62449 0.59304 0.56123 0.52907 0.49701 0.46495 0.43304 0.40138 0.36615 0.32733 0.28865 0.25010 0.21156 0.17300 0.13451 0.09606 0.05763 0.01920 0.00000 0.00000 0.00000 0.00000 0.00000 0.00000 0.00000 0.00000 0.00000 0.00000 0.00000 0.00000 0.00000 0.00000 0.00000 0.00000 0.00000 0.00000 0.00000 0.00000 0.00000 0.00000 0.00000 0.00000 0.00000 0.00000 0.00000 0.00000 0.00000 0.00000 0.00000 0.00000 0.00000 0.00000 0.00000 0.00000 0.00000 0.00000 0.00000 0.00000 0.00000 0.00000 0.00000 0.00000 0.00000
0.00000 0.00000 0.00000 0.00000 0.00000 0.00000 0.00000 0.00000 0.00000 0.00000 0.00000 0.00000 0.00000 0.00000 0.00000 0.03598 0.10814 0.17996 0.25025 0.32206 0.39463 0.46583 0.53548 0.60562 0.67671 0.71446 0.71507 0.70842 0.70714 0.71247 0.71216 0.70556 0.70456 0.70914 0.70925 0.68495 0.64481 0.60855 0.56959 0.52873 0.48969 0.45163 0.41256 0.37324 0.33461 0.29961 0.26783 0.23611 0.20460 0.17308 0.14154 0.11004 0.07859 0.04715 0.01571 0.00000 0.00000 0.00000 0.00000 0.00000 0.00000 0.00000 0.00000 0.00000 0.00000 0.00000 0.00000 0.00000 0.00000 0.00000 0.00000 0.00000 0.00000 0.00000 0.00000 0.00000 0.00000 0.00000 0.00000 0.00000 0.00000 0.00000 0.00000 0.00000 0.00000 0.00000 0.00000 0.00000 0.00000 0.00000 0.00000 0.00000 0.00000 0.00000 0.00000 0.00000 0.00000 0.00000 0.00000 0.00000
0.00000 0.00000 0.00000 0.00000 0.00000 0.00000 0.00000 0.00000 0.00000 0.00000 0.00000 0.00000 0.00000 0.00000 0.00000 0.03599 0.10802 0.17970 0.25088 0.32226 0.39439 0.46548 0.53576 0.60591 0.67693 0.71443 0.71316 0.70869 0.70827 0.71177 0.71071 0.70591 0.70670 0.70924 0.70675 0.68055 0.63613 0.59110 0.54391 0.49718 0.45141 0.40560 0.35972 0.31387 0.26804 0.23286 0.20829 0.18371 0.15911 0.13457 0.11008 0.08559 0.06112 0.03666 0.01222 0.00000 0.00000 0.00000 0.00000 0.00000 0.00000 0.00000 0.00000 0.00000 0.00000 0.00000 0.00000 0.00000 0.00000 0.00000 0.00000 0.00000 0.00000 0.00000 0.00000 0.00000 0.00000 0.00000 0.00000 0.00000 0.00000 0.00000 0.00000 0.00000 0.00000 0.00000 0.00000 0.00000 0.00000 0.00000 0.00000 0.00000 0.00000 0.00000 0.00000 0.00000 0.00000 0.00000 0.00000 0.00000
0.00000 0.00000 0.00000 0.00000 0.00000 0.00000 0.00000 0.00000 0.00000 0.00000 0.00000 0.00000 0.00000 0.00000 0.00000 0.03590 0.10755 0.17988 0.25094 0.32205 0.39459 0.46580 0.53479 0.60580 0.67986 0.71306 0.70828 0.71052 0.71350 0.70942 0.70582 0.70841 0.71040 0.70633 0.70339 0.67988 0.62751 0.57165 0.51810 0.46639 0.41320 0.35954 0.30686 0.25437 0.20151 0.16626 0.14875 0.13123 0.11364 0.09611 0.07862 0.06114 0.04365 0.02619 0.00873 0.00000 0.00000 0.00000 0.00000 0.00000 0.00000 0.00000 0.00000 0.00000 0.00000 0.00000 0.00000 0.00000 0.00000 0.00000 0.00000 0.00000 0.00000 0.00000 0.00000 0.00000 0.00000 0.00000 0.00000 0.00000 0.00000 0.00000 0.00000 0.00000 0.00000 0.00000 0.00000 0.00000 0.00000 0.00000 0.00000 0.00000 0.00000 0.00000 0.00000 0.00000 0.00000 0.00000 0.00000 0.00000
0.00000 0.00000 0.00000 0.00000 0.00000 0.00000 0.00000 0.00000 0.00000 0.00000 0.00000 0.00000 0.00000 0.00000 0.00000 0.03596 0.10784 0.17977 0.25076 0.32193 0.39460 0.46569 0.53456 0.60625 0.67966 0.71124 0.70830 0.71286 0.71359 0.70731 0.70541 0.71033 0.70976 0.70407 0.70500 0.67771 0.61552 0.55337 0.49416 0.43464 0.37424 0.31409 0.25429 0.19457 0.13490 0.09981 0.08924 0.07870 0.06818 0.05768 0.04717 0.03667 0.02619 0.01571 0.00524 0.00000 0.00000 0.00000 0.00000 0.00000 0.00000 0.00000 0.00000 0.00000 0.00000 0.00000 0.00000 0.00000 0.00000 0.00000 0.00000 0.00000 0.00000 0.00000 0.00000 0.00000 0.00000 0.00000 0.00000 0.00000 0.00000 0.00000 0.00000 0.00000 0.00000 0.00000 0.00000 0.00000 0.00000 0.00000 0.00000 0.00000 0.00000 0.00000 0.00000 0.00000 0.00000 0.00000 0.00000 0.00000
0.00000 0.00000 0.00000 0.00000 0.00000 0.00000 0.00000 0.00000 0.00000 0.00000 0.00000 0.00000 0.00000 0.00000 0.00000 0.03596 0.10818 0.17989 0.25039 0.32209 0.39426 0.46516 0.53583 0.60661 0.67520 0.71138 0.71543 0.71194 0.70665 0.70800 0.71181 0.70890 0.70428 0.70640 0.70851 0.67157 0.60292 0.53752 0.47023 0.40209 0.33530 0.26877 0.20173 0.13487 0.06831 0.03328 0.02974 0.02623 0.02273 0.01923 0.01572 0.01222 0.00873 0.00524 0.00175 0.00000 0.00000 0.00000 0.00000 0.00000 0.00000 0.00000 0.00000 0.00000 0.00000 0.00000 0.00000 0.00000 0.00000 0.00000 0.00000 0.00000 0.00000 0.00000 0.00000 0.00000 0.00000 0.00000 0.00000 0.00000 0.00000 0.00000 0.00000 0.00000 0.00000 0.00000 0.00000 0.00000 0.00000 0.00000 0.00000 0.00000 0.00000 0.00000 0.00000 0.00000 0.00000 0.00000 0.00000 0.00000
0.00000 0.00000 0.00000 0.00000 0.00000 0.00000 0.00000 0.00000 0.00000 0.00000 0.00000 0.00000 0.00000 0.00000 0.00000 0.03593 0.10807 0.17985 0.25066 0.32208 0.39407 0.46536 0.53600 0.60572 0.67542 0.71177 0.70944 0.70027 0.69393 0.69485 0.69257 0.68281 0.67801 0.67890 0.67399 0.63441 0.56852 0.50281 0.43467 0.36691 0.30024 0.23350 0.16662 0.09989 0.03328 0.00000 0.00000 0.00000 0.00000 0.00000 0.00000 0.00000 0.00000 0.00000 0.00000 0.00000 0.00000 0.00000 0.00000 0.00000 0.00000 0.00000 0.00000 0.00000 0.00000 0.00175 0.00525 0.00875 0.01226 0.01578 0.01930 0.02283 0.02636 0.02990 0.03345 0.03349 0.03000 0.02650 0.02299 0.01948 0.01596 0.01243 0.00889 0.00534 0.00178 0.00000 0.00000 0.00000 0.00000 0.00000 0.00000 0.00000 0.00000 0.00000 0.00000 0.00000 0.00000 0.00000 0.00000 0.00000
0.00000 0.00000 0.00000 0.00000 0.00000 0.00000 0.00000 0.00000 0.00000 0.00000 0.00000 0.00000 0.00000 0.00000 0.00000 0.03592 0.10798 0.17988 0.25067 0.32190 0.39441 0.46572 0.53435 0.60503 0.67980 0.70869 0.69172 0.68195 0.67616 0.66302 0.64680 0.63712 0.63037 0.61748 0.60345 0.56937 0.50989 0.44855 0.38850 0.32895 0.26869 0.20864 0.14907 0.08943 0.02977 0.00000 0.00000 0.00000 0.00000 0.00000 0.00000 0.00000 0.00000 0.00000 0.00000 0.00000 0.00000 0.00000 0.00000 0.00000 0.00000 0.00000 0.00000 0.00000 0.00000 0.00525 0.01575 0.02626 0.03679 0.04733 0.05790 0.06848 0.07908 0.08971 0.10037 0.10047 0.09000 0.07950 0.06899 0.05845 0.04789 0.03730 0.02668 0.01603 0.00535 0.00000 0.00000 0.00000 0.00000 0.00000 0.00000 0.00000 0.00000 0.00000 0.00000 0.00000 0.00000 0.00000 0.00000 0.00000
0.00000 0.00000 0.00000 0.00000 0.00000 0.00000 0.00000 0.00000 0.00000 0.00000 0.00000 0.00000 0.00000 0.00000 0.00000 0.03584 0.10804 0.17988 0.25053 0.32186 0.39465 0.46549 0.53392 0.60549 0.68013 0.70369 0.68120 0.66610 0.65086 0.62870 0.60809 0.59381 0.57718 0.55483 0.53647 0.50371 0.44987 0.39534 0.34276 0.29022 0.23708 0.18416 0.13151 0.07887 0.02627 0.00000 0.00000 0.00000 0.00000 0.00000 0.00000 0.00000 0.00000 0.00000 0.00000 0.00000 0.00000 0.00000 0.00000 0.00000 0.00000 0.00000 0.00000 0.00000 0.00000 0.00874 0.02625 0.04377 0.06132 0.07889 0.09650 0.11413 0.13181 0.14953 0.16729 0.16746 0.15000 0.13251 0.11499 0.09742 0.07982 0.06217 0.04447 0.02673 0.00892 0.00000 0.00000 0.00000 0.00000 0.00000 0.00000 0.00000 0.00000 0.00000 0.00000 0.00000 0.00000 0.00000 0.00000 0.00000
0.00000 0.00000 0.00000 0.00000 0.00000 0.00000 0.00000 0.00000 0.00000 0.00000 0.00000 0.00000 0.00000 0.00000 0.00000 0.03582 0.10803 0.17984 0.25060 0.32191 0.39418 0.46512 0.53555 0.60660 0.67514 0.69829 0.67750 0.64969 0.61914 0.59600 0.57525 0.54783 0.51916 0.49543 0.47206 0.43549 0.38913 0.34345 0.29712 0.25104 0.20550 0.15978 0.11393 0.06830 0.02277 0.00000 0.00000 0.00000 0.00000 0.00000 0.00000 0.00000 0.00000 0.00000 0.00000 0.00000 0.00000 0.00000 0.00000 0.00000 0.00000 0.00000 0.00000 0.00000 0.00000 0.01224 0.03675 0.06128 0.08585 0.11045 0.13510 0.15980 0.18455 0.20935 0.23422 0.23447 0.21002 0.18553 0.16100 0.13641 0.11176 0.08705 0.06227 0.03742 0.01249 0.00000 0.00000 0.00000 0.00000 0.00000 0.00000 0.00000 0.00000 0.00000 0.00000 0.00000 0.00000 0.00000 0.00000 0.00000
0.00000 0.00000 0.00000 0.00000 0.00000 0.00000 0.00000 0.00000 0.00000 0.00000 0.00000 0.00000 0.00000 0.00000 0.00000 0.03587 0.10789 0.17979 0.25079 0.32190 0.39352 0.46523 0.53684 0.60598 0.67373 0.69554 0.66700 0.63103 0.59492 0.56499 0.53572 0.50055 0.46589 0.43661 0.40546 0.36796 0.32889 0.29068 0.25154 0.21245 0.17382 0.13514 0.09641 0.05781 0.01927 0.00000 0.00000 0.00000 0.00000 0.00000 0.00000 0.00000 0.00000 0.00000 0.00000 0.00000 0.00000 0.00000 0.00000 0.00000 0.00000 0.00000 0.00000 0.00000 0.00000 0.01574 0.04725 0.07879 0.11038 0.14202 0.17371 0.20546 0.23729 0.26918 0.30115 0.30148 0.27005 0.23856 0.20701 0.17540 0.14370 0.11193 0.08007 0.04812 0.01606 0.00000 0.00000 0.00000 0.00000 0.00000 0.00000 0.00000 0.00000 0.00000 0.00000 0.00000 0.00000 0.00000 0.00000 0.00000
0.00000 0.00000 0.00000 0.00000 0.00000 0.00000 0.00000 0.00000 0.00000 0.00000 0.00000 0.00000 0.00000 0.00000 0.00000 0.03594 0.10793 0.17978 0.25068 0.32196 0.39408 0.46519 0.53439 0.60542 0.67931 0.69348 0.64929 0.61161 0.57586 0.53427 0.49158 0.45383 0.41687 0.37647 0.33653 0.30144 0.26944 0.23737 0.20585 0.17409 0.14211 0.11045 0.07893 0.04732 0.01575 0.00000 0.00000 0.00000 0.00000 0.00000 0.00000 0.00000 0.00000 0.00000 0.00000 0.00000 0.00000 0.00000 0.00000 0.00000 0.00000 0.00000 0.00000 0.00000 0.00000 0.01924 0.05775 0.09630 0.13491 0.17358 0.21232 0.25114 0.29003 0.32902 0.36811 0.36850 0.33009 0.29160 0.25304 0.21440 0.17566 0.13682 0.09787 0.05882 0.01964 0.00000 0.00000 0.00000 0.00000 0.00000 0.00000 0.00000 0.00000 0.00000 0.00000 0.00000 0.00000 0.00000 0.00000 0.00000
0.00000 0.00000 0.00000 0.00000 0.00000 0.00000 0.00000 0.00000 0.00000 0.00000 0.00000 0.00000 0.00000 0.00000 0.00000 0.03593 0.10808 0.17977 0.25032 0.32189 0.39469 0.46518 0.53350 0.60507 0.68028 0.69049 0.63824 0.59296 0.55112 0.50302 0.45262 0.40734 0.36419 0.31667 0.26891 0.23429 0.20986 0.18475 0.15998 0.13531 0.11056 0.08594 0.06138 0.03679 0.01225 0.00000 0.00000 0.00000 0.00000 0.00000 0.00000 0.00000 0.00000 0.00000 0.00000 0.00000 0.00000 0.00000 0.00000 0.00000 0.00000 0.00000 0.00000 0.00000 0.00000 0.02274 0.06825 0.11382 0.15945 0.20516 0.25094 0.29682 0.34279 0.38887 0.43507 0.43554 0.39014 0.34466 0.29908 0.25340 0.20762 0.16171 0.11568 0.06952 0.02321 0.00000 0.00000 0.00000 0.00000 0.00000 0.00000 0.00000 0.00000 0.00000 0.00000 0.00000 0.00000 0.00000 0.00000 0.00000
0.00000 0.00000 0.00000 0.00000 0.00000 0.00000 0.00000 0.00000 0.00000 0.00000 0.00000 0.00000 0.00000 0.00000 0.00000 0.03590 0.10803 0.17978 0.25029 0.32165 0.39428 0.46545 0.53495 0.60558 0.67570 0.68502 0.63364 0.57745 0.52095 0.46922 0.41783 0.36272 0.30829 0.25603 0.20308 0.16726 0.14973 0.13212 0.11420 0.09653 0.07905 0.06143 0.04380 0.02627 0.00876 0.00000 0.00000 0.00000 0.00000 0.00000 0.00000 0.00000 0.00000 0.00000 0.00000 0.00000 0.00000 0.00000 0.00000 0.00000 0.00000 0.00000 0.00000 0.00000 0.00000 0.02624 0.07875 0.13133 0.18399 0.23673 0.28957 0.34251 0.39556 0.44874 0.50204 0.50259 0.45020 0.39772 0.34513 0.29242 0.23958 0.18661 0.13350 0.08022 0.02678 0.00000 0.00000 0.00000 0.00000 0.00000 0.00000 0.00000 0.00000 0.00000 0.00000 0.00000 0.00000 0.00000 0.00000 0.00000
0.00000 0.00000 0.00000 0.00000 0.00000 0.00000 0.00000 0.00000 0.00000 0.00000 0.00000 0.00000 0.00000 0.00000 0.00000 0.03584 0.10752 0.17979 0.25089 0.32158 0.39323 0.46536 0.53698 0.60569 0.67329 0.68040 0.62409 0.56114 0.49578 0.43607 0.37913 0.31775 0.25478 0.19538 0.13628 0.10062 0.08973 0.07913 0.06855 0.05798 0.04742 0.03683 0.02628 0.01577 0.00525 0.00000 0.00000 0.00000 0.00000 0.00000 0.00000 0.00000 0.00000 0.00000 0.00000 0.00000 0.00000 0.00000 0.00000 0.00000 0.00000 0.00000 0.00000 0.00000 0.00000 0.02974 0.08926 0.14885 0.20854 0.26831 0.32820 0.38820 0.44834 0.50861 0.56903 0.56965 0.51028 0.45079 0.39118 0.33144 0.27156 0.21152 0.15131 0.09093 0.03036 0.00000 0.00000 0.00000 0.00000 0.00000 0.00000 0.00000 0.00000 0.00000 0.00000 0.00000 0.00000 0.00000 0.00000 0.00000
0.00000 0.00000 0.00000 0.00000 0.00000 0.00000 0.00000 0.00000 0.00000 0.00000 0.00000 0.00000 0.00000 0.00000 0.00000 0.03590 0.10758 0.17969 0.25090 0.32205 0.39371 0.46451 0.53465 0.60625 0.67904 0.67787 0.60675 0.54148 0.47573 0.40568 0.33668 0.27067 0.20394 0.13577 0.06866 0.03353 0.02995 0.02636 0.02286 0.01934 0.01579 0.01227 0.00877 0.00526 0.00175 0.00000 0.00000 0.00000 0.00000 0.00000 0.00000 0.00000 0.00000 0.00000 0.00000 0.00000 0.00000 0.00000 0.00000 0.00000 0.00000 0.00000 0.00000 0.00000 0.00000 0.03324 0.09976 0.16638 0.23308 0.29990 0.36684 0.43391 0.50112 0.56849 0.63604 0.63674 0.57037 0.50388 0.43725 0.37048 0.30354 0.23643 0.16914 0.10164 0.03394 0.00000 0.00000 0.00000 0.00000 0.00000 0.00000 0.00000 0.00000 0.00000 0.00000 0.00000 0.00000 0.00000 0.00000 0.00000
0.00000 0.00000 0.00000 0.00000 0.00000 0.00000 0.00000 0.00000 0.00000 0.00000 0.00000 0.00000 0.00000 0.00000 0.00000 0.03420 0.10281 0.17001 0.23759 0.30607 0.37482 0.44141 0.50677 0.57518 0.64584 0.64374 0.57099 0.50449 0.44047 0.37143 0.30109 0.23438 0.16869 0.10097 0.03341 0.00176 0.00529 0.00881 0.01231 0.01580 0.01930 0.02281 0.02631 0.02977 0.03325 0.03500 0.03499 0.03496 0.03494 0.03494 0.03493 0.03491 0.03491 0.03491 0.03490 0.03315 0.02966 0.02618 0.02269 0.01920 0.01571 0.01222 0.00873 0.00524 0.00175 0.03324 0.09977 0.16639 0.23310 0.29992 0.36687 0.43394 0.50116 0.56855 0.63610 0.63680 0.57043 0.50394 0.43731 0.37053 0.30358 0.23647 0.16916 0.10166 0.03394 0.00000 0.00000 0.00000 0.00000 0.00000 0.00000 0.00000 0.00000 0.00000 0.00000 0.00000 0.00000 0.00000 0.00000 0.00000
0.00000 0.00000 0.00000 0.00000 0.00000 0.00000 0.00000 0.00000 0.00000 0.00000 0.00000 0.00000 0.00000 0.00000 0.00000 0.03065 0.09174 0.15202 0.21240 0.27347 0.33516 0.39574 0.45446 0.51400 0.57399 0.57566 0.51626 0.45208 0.39003 0.33176 0.27211 0.21004 0.14953 0.09023 0.03007 0.00528 0.01583 0.02643 0.03691 0.04739 0.05796 0.06843 0.07882 0.08933 0.09986 0.10499 0.10488 0.10489 0.10488 0.10481 0.10475 0.10475 0.10474 0.10471 0.10470 0.09947 0.08900 0.07853 0.06806 0.05760 0.04714 0.03668 0.02621 0.01573 0.00525 0.02974 0.08927 0.14888 0.20858 0.26837 0.32827 0.38830 0.44845 0.50875 0.56920 0.56983 0.51044 0.45094 0.39132 0.33156 0.27166 0.21160 0.15137 0.09097 0.03037 0.00000 0.00000 0.00000 0.00000 0.00000 0.00000 0.00000 0.00000 0.00000 0.00000 0.00000 0.00000 0.00000 0.00000 0.00000
0.00000 0.00000 0.00000 0.00000 0.00000 0.00000 0.00000 0.00000 0.00000 0.00000 0.00000 0.00000 0.00000 0.00000 0.00000 0.02687 0.08055 0.13477 0.18800 0.24043 0.29504 0.34918 0.40198 0.45371 0.50578 0.50701 0.45563 0.40022 0.34390 0.29162 0.24026 0.18621 0.13191 0.07917 0.02652 0.00884 0.02640 0.04389 0.06150 0.07915 0.09659 0.11390 0.13140 0.14899 0.16637 0.17491 0.17485 0.17485 0.17477 0.17466 0.17461 0.17460 0.17457 0.17452 0.17450 0.16578 0.14833 0.13088 0.11345 0.09601 0.07857 0.06113 0.04368 0.02622 0.00874 0.02624 0.07878 0.13138 0.18405 0.23682 0.28968 0.34265 0.39573 0.44894 0.50228 0.50284 0.45044 0.39794 0.34532 0.29259 0.23973 0.18673 0.13358 0.08028 0.02680 0.00000 0.00000 0.00000 0.00000 0.00000 0.00000 0.00000 0.00000 0.00000 0.00000 0.00000 0.00000 0.00000 0.00000 0.00000
0.00000 0.00000 0.00000 0.00000 0.00000 0.00000 0.00000 0.00000 0.00000 0.00000 0.00000 0.00000 0.00000 0.00000 0.00000 0.02322 0.06993 0.11680 0.16321 0.20887 0.25531 0.30185 0.34747 0.39415 0.44150 0.43886 0.39063 0.34667 0.30130 0.25287 0.20609 0.16127 0.11537 0.06869 0.02285 0.01235 0.03703 0.06152 0.08611 0.11069 0.13509 0.15961 0.18416 0.20844 0.23270 0.24499 0.24497 0.24473 0.24456 0.24457 0.24454 0.24442 0.24435 0.24435 0.24434 0.23209 0.20766 0.18325 0.15884 0.13442 0.11001 0.08559 0.06116 0.03671 0.01224 0.02275 0.06828 0.11387 0.15953 0.20526 0.25108 0.29699 0.34300 0.38912 0.43536 0.43585 0.39043 0.34492 0.29932 0.25361 0.20780 0.16186 0.11579 0.06958 0.02323 0.00000 0.00000 0.00000 0.00000 0.00000 0.00000 0.00000 0.00000 0.00000 0.00000 0.00000 0.00000 0.00000 0.00000 0.00000
0.00000 0.00000 0.00000 0.00000 0.00000 0.00000 0.00000 0.00000 0.00000 0.00000 0.00000 0.00000 0.00000 0.00000 0.00000 0.01982 0.05932 0.09833 0.13793 0.17775 0.21655 0.25513 0.29361 0.33331 0.37341 0.37199 0.33081 0.29258 0.25487 0.21473 0.17440 0.13583 0.09757 0.05843 0.01935 0.01581 0.04758 0.07938 0.11074 0.14199 0.17373 0.20550 0.23668 0.26777 0.29933 0.31513 0.31485 0.31458 0.31451 0.31449 0.31438 0.31425 0.31419 0.31418 0.31415 0.29841 0.26700 0.23562 0.20423 0.17284 0.14144 0.11005 0.07863 0.04720 0.01574 0.01925 0.05778 0.09636 0.13500 0.17370 0.21247 0.25132 0.29026 0.32929 0.36842 0.36884 0.33040 0.29189 0.25330 0.21462 0.17585 0.13698 0.09799 0.05889 0.01966 0.00000 0.00000 0.00000 0.00000 0.00000 0.00000 0.00000 0.00000 0.00000 0.00000 0.00000 0.00000 0.00000 0.00000 0.00000
0.00000 0.00000 0.00000 0.00000 0.00000 0.00000 0.00000 0.00000 0.00000 0.00000 0.00000 0.00000 0.00000 0.00000 0.00000 0.01621 0.04857 0.08050 0.11254 0.14496 0.17742 0.20915 0.24052 0.27198 0.30375 0.30496 0.27345 0.23907 0.20636 0.17583 0.14412 0.11114 0.07911 0.04775 0.01593 0.01937 0.05800 0.09675 0.13542 0.17397 0.21243 0.25070 0.28907 0.32770 0.36610 0.38487 0.38461 0.38466 0.38457 0.38430 0.38415 0.38414 0.38408 0.38399 0.38395 0.36476 0.32637 0.28799 0.24962 0.21126 0.17289 0.13451 0.09611 0.05769 0.01924 0.01575 0.04728 0.07885 0.11046 0.14213 0.17386 0.20565 0.23751 0.26945 0.30147 0.30181 0.27036 0.23885 0.20727 0.17563 0.14390 0.11209 0.08019 0.04819 0.01609 0.00000 0.00000 0.00000 0.00000 0.00000 0.00000 0.00000 0.00000 0.00000 0.00000 0.00000 0.00000 0.00000 0.00000 0.00000
0.00000 0.00000 0.00000 0.00000 0.00000 0.00000 0.00000 0.00000 0.00000 0.00000 0.00000 0.00000 0.00000 0.00000 0.00000 0.01255 0.03766 0.06293 0.08783 0.11241 0.13766 0.16296 0.18721 0.21168 0.23667 0.23696 0.21197 0.18642 0.16072 0.13628 0.11201 0.08681 0.06161 0.03695 0.01238 0.02298 0.06859 0.11399 0.16005 0.20602 0.25094 0.29590 0.34184 0.38758 0.43243 0.45466 0.45474 0.45471 0.45440 0.45414 0.45406 0.45402 0.45392 0.45382 0.45377 0.43110 0.38574 0.34037 0.29502 0.24968 0.20434 0.15898 0.11359 0.06819 0.02274 0.01225 0.03677 0.06133 0.08592 0.11056 0.13524 0.15997 0.18475 0.20960 0.23451 0.23477 0.21031 0.18580 0.16124 0.13662 0.11194 0.08719 0.06238 0.03749 0.01252 0.00000 0.00000 0.00000 0.00000 0.00000 0.00000 0.00000 0.00000 0.00000 0.00000 0.00000 0.00000 0.00000 0.00000 0.00000
0.00000 0.00000 0.00000 0.00000 0.00000 0.00000 0.00000 0.00000 0.00000 0.00000 0.00000 0.00000 0.00000 0.00000 0.00000 0.00897 0.02692 0.04489 0.06264 0.08042 0.09852 0.11610 0.13351 0.15148 0.16975 0.16892 0.15028 0.13311 0.11592 0.09743 0.07923 0.06189 0.04439 0.02649 0.00879 0.02640 0.07939 0.13214 0.18442 0.23679 0.28963 0.34241 0.39451 0.44638 0.49879 0.52520 0.52488 0.52436 0.52418 0.52419 0.52403 0.52381 0.52371 0.52369 0.52365 0.49743 0.44508 0.39276 0.34044 0.28812 0.23579 0.18345 0.13108 0.07868 0.02624 0.00875 0.02627 0.04381 0.06138 0.07898 0.09661 0.11428 0.13198 0.14973 0.16753 0.16771 0.15024 0.13273 0.11518 0.09760 0.07997 0.06229 0.04456 0.02678 0.00894 0.00000 0.00000 0.00000 0.00000 0.00000 0.00000 0.00000 0.00000 0.00000 0.00000 0.00000 0.00000 0.00000 0.00000 0.00000
0.00000 0.00000 0.00000 0.00000 0.00000 0.00000 0.00000 0.00000 0.00000 0.00000 0.00000 0.00000 0.00000 0.00000 0.00000 0.00541 0.01617 0.02685 0.03760 0.04835 0.05899 0.06967 0.08013 0.09080 0.10176 0.10138 0.09024 0.07990 0.06954 0.05850 0.04755 0.03706 0.02662 0.01594 0.00527 0.02985 0.08997 0.15005 0.20897 0.26800 0.32843 0.38842 0.44684 0.50564 0.56564 0.59542 0.59465 0.59422 0.59422 0.59413 0.59388 0.59368 0.59358 0.59354 0.59352 0.56380 0.50445 0.44515 0.38587 0.32656 0.26724 0.20792 0.14857 0.08918 0.02974 0.00525 0.01576 0.02629 0.03683 0.04739 0.05797 0.06857 0.07920 0.08985 0.10053 0.10064 0.09016 0.07965 0.06912 0.05857 0.04799 0.03738 0.02674 0.01607 0.00537 0.00000 0.00000 0.00000 0.00000 0.00000 0.00000 0.00000 0.00000 0.00000 0.00000 0.00000 0.00000 0.00000 0.00000 0.00000
0.00000 0.00000 0.00000 0.00000 0.00000 0.00000 0.00000 0.00000 0.00000 0.00000 0.00000 0.00000 0.00000 0.00000 0.00000 0.00180 0.00539 0.00896 0.01252 0.01610 0.01965 0.02322 0.02679 0.03023 0.03377 0.03385 0.03036 0.02664 0.02292 0.01947 0.01602 0.01240 0.00879 0.00528 0.00177 0.03357 0.10016 0.16667 0.23405 0.30107 0.36670 0.43249 0.49960 0.56651 0.63216 0.66454 0.66458 0.66467 0.66423 0.66379 0.66370 0.66367 0.66350 0.66336 0.66333 0.63018 0.56385 0.49755 0.43128 0.36500 0.29871 0.23240 0.16606 0.09968 0.03324 0.00175 0.00525 0.00876 0.01228 0.01580 0.01933 0.02286 0.02640 0.02995 0.03351 0.03355 0.03006 0.02655 0.02304 0.01953 0.01600 0.01246 0.00892 0.00536 0.00179 0.00000 0.00000 0.00000 0.00000 0.00000 0.00000 0.00000 0.00000 0.00000 0.00000 0.00000 0.00000 0.00000 0.00000 0.00000
0.00000 0.00000 0.00000 0.00000 0.00000 0.00000 0.00000 0.00000 0.00000 0.00000 0.00000 0.00000 0.00000 0.00000 0.00000 0.00000 0.00000 0.00000 0.00000 0.00000 0.00000 0.00000 0.00000 0.00000 0.00000 0.00000 0.00000 0.00000 0.00000 0.00000 0.00000 0.00000 0.00000 0.00000 0.00000 0.03536 0.10543 0.17534 0.24643 0.31705 0.38588 0.45516 0.52615 0.59643 0.66519 0.69951 0.69979 0.69967 0.69912 0.69880 0.69871 0.69860 0.69848 0.69835 0.69827 0.66337 0.59360 0.52380 0.45400 0.38423 0.31447 0.24466 0.17482 0.10494 0.03500 0.00000 0.00000 0.00000 0.00000 0.00000 0.00000 0.00000 0.00000 0.00000 0.00000 0.00000 0.00000 0.00000 0.00000 0.00000 0.00000 0.00000 0.00000 0.00000 0.00000 0.00000 0.00000 0.00000 0.00000 0.00000 0.00000 0.00000 0.00000 0.00000 0.00000 0.00000 0.00000 0.00000 0.00000 0.00000
0.00000 0.00000 0.00000 0.00000 0.00000 0.00000 0.00000 0.00000 0.00000 0.00000 0.00000 0.00000 0.00000 0.00000 0.00000 0.00000 0.00000 0.00000 0.00000 0.00000 0.00000 0.00000 0.00000 0.00000 0.00000 0.00000 0.00000 0.00000 0.00000 0.00000 0.00000 0.00000 0.00000 0.00000 0.00000 0.03511 0.10587 0.17657 0.24575 0.31522 0.38648 0.45711 0.52569 0.59475 0.66546 0.70069 0.69970 0.69904 0.69915 0.69914 0.69875 0.69847 0.69846 0.69844 0.69834 0.66338 0.59360 0.52383 0.45404 0.38426 0.31448 0.24468 0.17483 0.10494 0.03500 0.00000 0.00000 0.00000 0.00000 0.00000 0.00000 0.00000 0.00000 0.00000 0.00000 0.00000 0.00000 0.00000 0.00000 0.00000 0.00000 0.00000 0.00000 0.00000 0.00000 0.00000 0.00000 0.00000 0.00000 0.00000 0.00000 0.00000 0.00000 0.00000 0.00000 0.00000 0.00000 0.00000 0.00000 0.00000
0.00000 0.00000 0.00000 0.00000 0.00000 0.00000 0.00000 0.00000 0.00000 0.00000 0.00000 0.00000 0.00000 0.00000 0.00000 0.00000 0.00000 0.00000 0.00000 0.00000 0.00000 0.00000 0.00000 0.00000 0.00000 0.00000 0.00000 0.00000 0.00000 0.00000 0.00000 0.00000 0.00000 0.00000 0.00000 0.03513 0.10588 0.17649 0.24578 0.31540 0.38647 0.45692 0.52569 0.59500 0.66557 0.70054 0.69966 0.69922 0.69923 0.69908 0.69880 0.69861 0.69849 0.69843 0.69842 0.66348 0.59363 0.52385 0.45410 0.38431 0.31450 0.24469 0.17486 0.10496 0.03500 0.00000 0.00000 0.00000 0.00000 0.00000 0.00000 0.00000 0.00000 0.00000 0.00000 0.00000 0.00000 0.00000 0.00000 0.00000 0.00000 0.00000 0.00000 0.00000 0.00000 0.00000 0.00000 0.00000 0.00000 0.00000 0.00000 0.00000 0.00000 0.00000 0.00000 0.00000 0.00000 0.00000 0.00000 0.00000
0.00000 0.00000 0.00000 0.00000 0.00000 0.00000 0.00000 0.00000 0.00000 0.00000 0.00000 0.00000 0.00000 0.00000 0.00000 0.00000 0.00000 0.00000 0.00000 0.00000 0.00000 0.00000 0.00000 0.00000 0.00000 0.00000 0.00000 0.00000 0.00000 0.00000 0.00000 0.00000 0.00000 0.00000 0.00000 0.03538 0.10543 0.17524 0.24652 0.31722 0.38576 0.45494 0.52630 0.59673 0.66518 0.69932 0.69989 0.69993 0.69917 0.69874 0.69883 0.69880 0.69854 0.69839 0.69842 0.66353 0.59368 0.52387 0.45411 0.38433 0.31453 0.24471 0.17486 0.10497 0.03501 0.00000 0.00000 0.00000 0.00000 0.00000 0.00000 0.00000 0.00000 0.00000 0.00000 0.00000 0.00000 0.00000 0.00000 0.00000 0.00000 0.00000 0.00000 0.00000 0.00000 0.00000 0.00000 0.00000 0.00000 0.00000 0.00000 0.00000 0.00000 0.00000 0.00000 0.00000 0.00000 0.00000 0.00000 0.00000
0.00000 0.00000 0.00000 0.00000 0.00000 0.00000 0.00000 0.00000 0.00000 0.00000 0.00000 0.00000 0.00000 0.00000 0.00000 0.00000 0.00000 0.00000 0.00000 0.00000 0.00000 0.00000 0.00000 0.00000 0.00000 0.00000 0.00000 0.00000 0.00000 0.00000 0.00000 0.00000 0.00000 0.00000 0.00000 0.03533 0.10543 0.17551 0.24641 0.31684 0.38598 0.45547 0.52611 0.59628 0.66536 0.69977 0.69986 0.69970 0.69925 0.69897 0.69886 0.69873 0.69861 0.69853 0.69846 0.66354 0.59375 0.52395 0.45414 0.38436 0.31457 0.24475 0.17488 0.10497 0.03501 0.00000 0.00000 0.00000 0.00000 0.00000 0.00000 0.00000 0.00000 0.00000 0.00000 0.00000 0.00000 0.00000 0.00000 0.00000 0.00000 0.00000 0.00000 0.00000 0.00000 0.00000 0.00000 0.00000 0.00000 0.00000 0.00000 0.00000 0.00000 0.00000 0.00000 0.00000 0.00000 0.00000 0.00000 0.00000
0.00000 0.00000 0.00000 0.00000 0.00000 0.00000 0.00000 0.00000 0.00000 0.00000 0.00000 0.00000 0.00000 0.00000 0.00000 0.00000 0.00000 0.00000 0.00000 0.00000 0.00000 0.00000 0.00000 0.00000 0.00000 0.00000 0.00000 0.00000 0.00000 0.00000 0.00000 0.00000 0.00000 0.00000 0.00000 0.03511 0.10586 0.17660 0.24570 0.31521 0.38666 0.45721 0.52549 0.59469 0.66576 0.70088 0.69960 0.69903 0.69934 0.69931 0.69883 0.69856 0.69861 0.69861 0.69849 0.66353 0.59375 0.52397 0.45417 0.38437 0.31458 0.24476 0.17489 0.10498 0.03501 0.00000 0.00000 0.00000 0.00000 0.00000 0.00000 0.00000 0.00000 0.00000 0.00000 0.00000 0.00000 0.00000 0.00000 0.00000 0.00000 0.00000 0.00000 0.00000 0.00000 0.00000 0.00000 0.00000 0.00000 0.00000 0.00000 0.00000 0.00000 0.00000 0.00000 0.00000 0.00000 0.00000 0.00000 0.00000
0.00000 0.00000 0.00000 0.00000 0.00000 0.00000 0.00000 0.00000 0.00000 0.00000 0.00000 0.00000 0.00000 0.00000 0.00000 0.00000 0.00000 0.00000 0.00000 0.00000 0.00000 0.00000 0.00000 0.00000 0.00000 0.00000 0.00000 0.00000 0.00000 0.00000 0.00000 0.00000 0.00000 0.00000 0.00000 0.03519 0.10582 0.17626 0.24592 0.31576 0.38631 0.45657 0.52591 0.59537 0.66548 0.70038 0.69982 0.69944 0.69930 0.69912 0.69891 0.69876 0.69865 0.69857 0.69856 0.66364 0.59379 0.52399 0.45422 0.38443 0.31461 0.24478 0.17491 0.10500 0.03502 0.00000 0.00000 0.00000 0.00000 0.00000 0.00000 0.00000 0.00000 0.00000 0.00000 0.00000 0.00000 0.00000 0.00000 0.00000 0.00000 0.00000 0.00000 0.00000 0.00000 0.00000 0.00000 0.00000 0.00000 0.00000 0.00000 0.00000 0.00000 0.00000 0.00000 0.00000 0.00000 0.00000 0.00000 0.00000
0.00000 0.00000 0.00000 0.00000 0.00000 0.00000 0.00000 0.00000 0.00000 0.00000 0.00000 0.00000 0.00000 0.00000 0.00000 0.00000 0.00000 0.00000 0.00000 0.00000 0.00000 0.00000 0.00000 0.00000 0.00000 0.00000 0.00000 0.00000 0.00000 0.00000 0.00000 0.00000 0.00000 0.00000 0.00000 0.03536 0.10546 0.17538 0.24650 0.31702 0.38574 0.45516 0.52639 0.59661 0.66512 0.69945 0.70002 0.69997 0.69920 0.69883 0.69894 0.69890 0.69865 0.69851 0.69855 0.66366 0.59381 0.52399 0.45422 0.38443 0.31462 0.24478 0.17492 0.10500 0.03502 0.00000 0.00000 0.00000 0.00000 0.00000 0.00000 0.00000 0.00000 0.00000 0.00000 0.00000 0.00000 0.00000 0.00000 0.00000 0.00000 0.00000 0.00000 0.00000 0.00000 0.00000 0.00000 0.00000 0.00000 0.00000 0.00000 0.00000 0.00000 0.00000 0.00000 0.00000 0.00000 0.00000 0.00000 0.00000
0.00000 0.00000 0.00000 0.00000 0.00000 0.00000 0.00000 0.00000 0.00000 0.00000 0.00000 0.00000 0.00000 0.00000 0.00000 0.00000 0.00000 0.00000 0.00000 0.00000 0.00000 0.00000 0.00000 0.00000 0.00000 0.00000 0.00000 0.00000 0.00000 0.00000 0.00000 0.00000 0.00000 0.00000 0.00000 0.03529 0.10553 0.17576 0.24625 0.31648 0.38619 0.45588 0.52593 0.59594 0.66553 0.70005 0.69982 0.69961 0.69934 0.69912 0.69894 0.69878 0.69870 0.69865 0.69860 0.66366 0.59386 0.52406 0.45425 0.38446 0.31465 0.24481 0.17493 0.10501 0.03502 0.00000 0.00000 0.00000 0.00000 0.00000 0.00000 0.00000 0.00000 0.00000 0.00000 0.00000 0.00000 0.00000 0.00000 0.00000 0.00000 0.00000 0.00000 0.00000 0.00000 0.00000 0.00000 0.00000 0.00000 0.00000 0.00000 0.00000 0.00000 0.00000 0.00000 0.00000 0.00000 0.00000 0.00000 0.00000
0.00000 0.00000 0.00000 0.00000 0.00000 0.00000 0.00000 0.00000 0.00000 0.00000 0.00000 0.00000 0.00000 0.00000 0.00000 0.00000 0.00000 0.00000 0.00000 0.00000 0.00000 0.00000 0.00000 0.00000 0.00000 0.00000 0.00000 0.00000 0.00000 0.00000 0.00000 0.00000 0.00000 0.00000 0.00000 0.03519 0.10583 0.17630 0.24579 0.31558 0.38652 0.45676 0.52555 0.59501 0.66569 0.70062 0.69961 0.69917 0.69935 0.69927 0.69887 0.69865 0.69866 0.69865 0.69858 0.66362 0.59383 0.52405 0.45425 0.38445 0.31464 0.24481 0.17494 0.10501 0.03502 0.00000 0.00000 0.00000 0.00000 0.00000 0.00000 0.00000 0.00000 0.00000 0.00000 0.00000 0.00000 0.00000 0.00000 0.00000 0.00000 0.00000 0.00000 0.00000 0.00000 0.00000 0.00000 0.00000 0.00000 0.00000 0.00000 0.00000 0.00000 0.00000 0.00000 0.00000 0.00000 0.00000 0.00000 0.00000
0.00000 0.00000 0.00000 0.00000 0.00000 0.00000 0.00000 0.00000 0.00000 0.00000 0.00000 0.00000 0.00000 0.00000 0.00000 0.00000 0.00000 0.00000 0.00000 0.00000 0.00000 0.00000 0.00000 0.00000 0.00000 0.00178 0.00531 0.00885 0.01244 0.01602 0.01944 0.02290 0.02651 0.03006 0.03351 0.06863 0.13557 0.20242 0.26889 0.33532 0.40189 0.46846 0.53476 0.60087 0.66707 0.70011 0.69983 0.69952 0.69926 0.69905 0.69891 0.69881 0.69868 0.69860 0.69860 0.66545 0.59910 0.53279 0.46651 0.40021 0.33389 0.26756 0.20119 0.13477 0.06830 0.03329 0.02981 0.02632 0.02283 0.01933 0.01583 0.01232 0.00881 0.00529 0.00177 0.00000 0.00000 0.00000 0.00000 0.00000 0.00000 0.00000 0.00000 0.00000 0.00000 0.00000 0.00000 0.00000 0.00000 0.00000 0.00000 0.00000 0.00000 0.00000 0.00000 0.00000 0.00000 0.00000 0.00000 0.00000
0.00000 0.00000 0.00000 0.00000 0.00000 0.00000 0.00000 0.00000 0.00000 0.00000 0.00000 0.00000 0.00000 0.00000 0.00000 0.00000 0.00000 0.00000 0.00000 0.00000 0.00000 0.00000 0.00000 0.00000 0.00000 0.00536 0.01595 0.02650 0.03732 0.04809 0.05854 0.06861 0.07915 0.09039 0.10096 0.13530 0.19460 0.25493 0.31506 0.37454 0.43320 0.49237 0.55242 0.61186 0.67042 0.69968 0.69985 0.69969 0.69917 0.69888 0.69887 0.69880 0.69863 0.69853 0.69854 0.66889 0.60955 0.55023 0.49093 0.43165 0.37234 0.31301 0.25366 0.19428 0.13484 0.09987 0.08942 0.07896 0.06848 0.05799 0.04749 0.03697 0.02644 0.01588 0.00530 0.00000 0.00000 0.00000 0.00000 0.00000 0.00000 0.00000 0.00000 0.00000 0.00000 0.00000 0.00000 0.00000 0.00000 0.00000 0.00000 0.00000 0.00000 0.00000 0.00000 0.00000 0.00000 0.00000 0.00000 0.00000
0.00000 0.00000 0.00000 0.00000 0.00000 0.00000 0.00000 0.00000 0.00000 0.00000 0.00000 0.00000 0.00000 0.00000 0.00000 0.00000 0.00000 0.00000 0.00000 0.00000 0.00000 0.00000 0.00000 0.00000 0.00000 0.00887 0.02670 0.04456 0.06205 0.07932 0.09730 0.11534 0.13266 0.14968 0.16707 0.20280 0.25585 0.30754 0.36005 0.41284 0.46516 0.51733 0.56954 0.62187 0.67415 0.70002 0.69966 0.69940 0.69922 0.69903 0.69883 0.69867 0.69862 0.69859 0.69855 0.67236 0.62003 0.56772 0.51541 0.46311 0.41081 0.35850 0.30616 0.25380 0.20140 0.16647 0.14904 0.13160 0.11414 0.09666 0.07916 0.06163 0.04406 0.02646 0.00883 0.00000 0.00000 0.00000 0.00000 0.00000 0.00000 0.00000 0.00000 0.00000 0.00000 0.00000 0.00000 0.00000 0.00000 0.00000 0.00000 0.00000 0.00000 0.00000 0.00000 0.00000 0.00000 0.00000 0.00000 0.00000
0.00000 0.00000 0.00000 0.00000 0.00000 0.00000 0.00000 0.00000 0.00000 0.00000 0.00000 0.00000 0.00000 0.00000 0.00000 0.00000 0.00000 0.00000 0.00000 0.00000 0.00000 0.00000 0.00000 0.00000 0.00000 0.01240 0.03746 0.06249 0.08679 0.11109 0.13601 0.16168 0.18623 0.20902 0.23331 0.27040 0.31653 0.35957 0.40427 0.45117 0.49701 0.54217 0.58686 0.63193 0.67754 0.70009 0.69951 0.69917 0.69911 0.69897 0.69871 0.69856 0.69852 0.69849 0.69846 0.67577 0.63043 0.58512 0.53981 0.49451 0.44922 0.40393 0.35862 0.31328 0.26792 0.23304 0.20865 0.18423 0.15979 0.13532 0.11082 0.08627 0.06169 0.03706 0.01237 0.00000 0.00000 0.00000 0.00000 0.00000 0.00000 0.00000 0.00000 0.00000 0.00000 0.00000 0.00000 0.00000 0.00000 0.00000 0.00000 0.00000 0.00000 0.00000 0.00000 0.00000 0.00000 0.00000 0.00000 0.00000
0.00000 0.00000 0.00000 0.00000 0.00000 0.00000 0.00000 0.00000 0.00000 0.00000 0.00000 0.00000 0.00000 0.00000 0.00000 0.00000 0.00000 0.00000 0.00000 0.00000 0.00000 0.00000 0.00000 0.00000 0.00000 0.01608 0.04796 0.07952 0.11160 0.14419 0.17545 0.20602 0.23781 0.27042 0.30230 0.33593 0.37336 0.41338 0.45292 0.48950 0.52767 0.56635 0.60461 0.64271 0.68080 0.69974 0.69951 0.69926 0.69899 0.69879 0.69867 0.69857 0.69846 0.69840 0.69841 0.67924 0.64088 0.60255 0.56425 0.52596 0.48767 0.44938 0.41109 0.37279 0.33447 0.29963 0.26827 0.23688 0.20546 0.17399 0.14249 0.11093 0.07932 0.04766 0.01590 0.00000 0.00000 0.00000 0.00000 0.00000 0.00000 0.00000 0.00000 0.00000 0.00000 0.00000 0.00000 0.00000 0.00000 0.00000 0.00000 0.00000 0.00000 0.00000 0.00000 0.00000 0.00000 0.00000 0.00000 0.00000
0.00000 0.00000 0.00000 0.00000 0.00000 0.00000 0.00000 0.00000 0.00000 0.00000 0.00000 0.00000 0.00000 0.00000 0.00000 0.00000 0.00000 0.00000 0.00000 0.00000 0.00000 0.00000 0.00000 0.00000 0.00000 0.01964 0.05850 0.09724 0.13659 0.17625 0.21471 0.25161 0.29003 0.33123 0.37018 0.40169 0.43224 0.46707 0.49953 0.52746 0.55792 0.59061 0.62220 0.65334 0.68422 0.69953 0.69939 0.69919 0.69888 0.69866 0.69856 0.69845 0.69835 0.69830 0.69830 0.68262 0.65126 0.61993 0.58862 0.55733 0.52606 0.49478 0.46352 0.43225 0.40097 0.36617 0.32785 0.28949 0.25109 0.21264 0.17414 0.13558 0.09694 0.05819 0.01942 0.00000 0.00000 0.00000 0.00000 0.00000 0.00000 0.00000 0.00000 0.00000 0.00000 0.00000 0.00000 0.00000 0.00000 0.00000 0.00000 0.00000 0.00000 0.00000 0.00000 0.00000 0.00000 0.00000 0.00000 0.00000
0.00000 0.00000 0.00000 0.00000 0.00000 0.00000 0.00000 0.00000 0.00000 0.00000 0.00000 0.00000 0.00000 0.00000 0.00000 0.00000 0.00000 0.00000 0.00000 0.00000 0.00000 0.00000 0.00000 0.00000 0.00000 0.02300 0.06910 0.11592 0.16170 0.20610 0.25230 0.29962 0.34517 0.38896 0.43340 0.47036 0.49607 0.51807 0.54006 0.56692 0.59250 0.61502 0.63902 0.66344 0.68765 0.69957 0.69924 0.69897 0.69878 0.69860 0.69842 0.69830 0.69825 0.69822 0.69821 0.68602 0.66166 0.63733 0.61301 0.58872 0.56445 0.54020 0.51596 0.49172 0.46748 0.43273 0.38745 0.34212 0.29674 0.25130 0.20580 0.16025 0.11458 0.06874 0.02295 0.00000 0.00000 0.00000 0.00000 0.00000 0.00000 0.00000 0.00000 0.00000 0.00000 0.00000 0.00000 0.00000 0.00000 0.00000 0.00000 0.00000 0.00000 0.00000 0.00000 0.00000 0.00000 0.00000 0.00000 0.00000
0.00000 0.00000 0.00000 0.00000 0.00000 0.00000 0.00000 0.00000 0.00000 0.00000 0.00000 0.00000 0.00000 0.00000 0.00000 0.00000 0.00000 0.00000 0.00000 0.00000 0.00000 0.00000 0.00000 0.00000 0.00000 0.02663 0.08003 0.13360 0.18633 0.23811 0.29085 0.34597 0.39894 0.44793 0.49946 0.53833 0.55673 0.56941 0.58505 0.60632 0.62522 0.63924 0.65575 0.67361 0.69100 0.69949 0.69912 0.69881 0.69861 0.69844 0.69828 0.69817 0.69811 0.69807 0.69807 0.68939 0.67201 0.65467 0.63735 0.62007 0.60280 0.58556 0.56834 0.55114 0.53394 0.49924 0.44700 0.39470 0.34235 0.28994 0.23744 0.18482 0.13215 0.07947 0.02650 0.00000 0.00000 0.00000 0.00000 0.00000 0.00000 0.00000 0.00000 0.00000 0.00000 0.00000 0.00000 0.00000 0.00000 0.00000 0.00000 0.00000 0.00000 0.00000 0.00000 0.00000 0.00000 0.00000 0.00000 0.00000
0.00000 0.00000 0.00000 0.00000 0.00000 0.00000 0.00000 0.00000 0.00000 0.00000 0.00000 0.00000 0.00000 0.00000 0.00000 0.00000 0.00000 0.00000 0.00000 0.00000 0.00000 0.00000 0.00000 0.00000 0.00000 0.03036 0.09099 0.14989 0.21017 0.27194 0.33161 0.38913 0.44822 0.51001 0.57075 0.60297 0.61058 0.62353 0.63639 0.64348 0.65094 0.66378 0.67482 0.68414 0.69417 0.69917 0.69890 0.69866 0.69844 0.69827 0.69814 0.69803 0.69795 0.69792 0.69794 0.69275 0.68236 0.67201 0.66169 0.65141 0.64115 0.63093 0.62072 0.61055 0.60040 0.56575 0.50655 0.44729 0.38796 0.32858 0.26909 0.20939 0.14972 0.09013 0.03007 0.00000 0.00000 0.00000 0.00000 0.00000 0.00000 0.00000 0.00000 0.00000 0.00000 0.00000 0.00000 0.00000 0.00000 0.00000 0.00000 0.00000 0.00000 0.00000 0.00000 0.00000 0.00000 0.00000 0.00000 0.00000
0.00000 0.00000 0.00000 0.00000 0.00000 0.00000 0.00000 0.00000 0.00000 0.00000 0.00000 0.00000 0.00000 0.00000 0.00000 0.00000 0.00000 0.00000 0.00000 0.00000 0.00000 0.00000 0.00000 0.00000 0.00000 0.03376 0.10124 0.16796 0.23500 0.30378 0.37096 0.43459 0.50016 0.57085 0.63862 0.66817 0.66941 0.67726 0.68225 0.68079 0.68138 0.68860 0.69304 0.69462 0.69743 0.69897 0.69875 0.69855 0.69834 0.69815 0.69801 0.69790 0.69783 0.69781 0.69782 0.69612 0.69272 0.68935 0.68602 0.68273 0.67948 0.67626 0.67308 0.66994 0.66683 0.63223 0.56607 0.49986 0.43356 0.36716 0.30069 0.23416 0.16741 0.10045 0.03354 0.00000 0.00000 0.00000 0.00000 0.00000 0.00000 0.00000 0.00000 0.00000 0.00000 0.00000 0.00000 0.00000 0.00000 0.00000 0.00000 0.00000 0.00000 0.00000 0.00000 0.00000 0.00000 0.00000 0.00000 0.00000
0.00000 0.00000 0.00000 0.00000 0.00000 0.00000 0.00000 0.00000 0.00000 0.00000 0.00000 0.00000 0.00000 0.00000 0.00000 0.00000 0.00000 0.00000 0.00000 0.00000 0.00000 0.00000 0.00000 0.00000 0.00000 0.03353 0.10078 0.16914 0.23637 0.30130 0.36794 0.43679 0.50429 0.56849 0.63232 0.66973 0.67574 0.67583 0.67548 0.68142 0.68803 0.68824 0.68981 0.69413 0.69763 0.69888 0.69857 0.69834 0.69813 0.69795 0.69781 0.69772 0.69766 0.69764 0.69765 0.69596 0.69256 0.68920 0.68588 0.68260 0.67935 0.67614 0.67297 0.66983 0.66672 0.63213 0.56599 0.49979 0.43351 0.36709 0.30062 0.23424 0.16750 0.10029 0.03347 0.00000 0.00000 0.00000 0.00000 0.00000 0.00000 0.00000 0.00000 0.00000 0.00000 0.00000 0.00000 0.00000 0.00000 0.00000 0.00000 0.00000 0.00000 0.00000 0.00000 0.00000 0.00000 0.00000 0.00000 0.00000
0.00000 0.00000 0.00000 0.00000 0.00000 0.00000 0.00000 0.00000 0.00000 0.00000 0.00000 0.00000 0.00000 0.00000 0.00000 0.00000 0.00000 0.00000 0.00000 0.00000 0.00000 0.00000 0.00000 0.00000 0.00000 0.03009 0.09023 0.15109 0.21148 0.26947 0.32857 0.39122 0.45163 0.50742 0.56533 0.60391 0.61580 0.62189 0.62976 0.64368 0.65649 0.66319 0.67147 0.68351 0.69420 0.69884 0.69848 0.69822 0.69800 0.69783 0.69771 0.69762 0.69756 0.69753 0.69755 0.69237 0.68200 0.67166 0.66136 0.65109 0.64085 0.63064 0.62045 0.61029 0.60015 0.56553 0.50636 0.44713 0.38783 0.32846 0.26899 0.20940 0.14974 0.08997 0.03001 0.00000 0.00000 0.00000 0.00000 0.00000 0.00000 0.00000 0.00000 0.00000 0.00000 0.00000 0.00000 0.00000 0.00000 0.00000 0.00000 0.00000 0.00000 0.00000 0.00000 0.00000 0.00000 0.00000 0.00000 0.00000
0.00000 0.00000 0.00000 0.00000 0.00000 0.00000 0.00000 0.00000 0.00000 0.00000 0.00000 0.00000 0.00000 0.00000 0.00000 0.00000 0.00000 0.00000 0.00000 0.00000 0.00000 0.00000 0.00000 0.00000 0.00000 0.02671 0.07994 0.13230 0.18530 0.23902 0.29188 0.34395 0.39503 0.44870 0.50307 0.53608 0.55078 0.56949 0.58969 0.60474 0.61933 0.63812 0.65676 0.67314 0.68992 0.69850 0.69828 0.69801 0.69781 0.69765 0.69753 0.69743 0.69737 0.69735 0.69738 0.68872 0.67138 0.65407 0.63679 0.61954 0.60231 0.58510 0.56791 0.55073 0.53357 0.49891 0.44671 0.39445 0.34214 0.28981 0.23735 0.18462 0.13200 0.07952 0.02654 0.00000 0.00000 0.00000 0.00000 0.00000 0.00000 0.00000 0.00000 0.00000 0.00000 0.00000 0.00000 0.00000 0.00000 0.00000 0.00000 0.00000 0.00000 0.00000 0.00000 0.00000 0.00000 0.00000 0.00000 0.00000
0.00000 0.00000 0.00000 0.00000 0.00000 0.00000 0.00000 0.00000 0.00000 0.00000 0.00000 0.00000 0.00000 0.00000 0.00000 0.00000 0.00000 0.00000 0.00000 0.00000 0.00000 0.00000 0.00000 0.00000 0.00000 0.02313 0.06924 0.11452 0.16020 0.20749 0.25326 0.29721 0.34206 0.38959 0.43603 0.46833 0.49121 0.51746 0.54382 0.56562 0.58758 0.61393 0.63967 0.66260 0.68624 0.69841 0.69822 0.69797 0.69777 0.69760 0.69747 0.69737 0.69732 0.69730 0.69732 0.68518 0.66087 0.63658 0.61232 0.58808 0.56386 0.53965 0.51545 0.49126 0.46706 0.43236 0.38713 0.34185 0.29651 0.25113 0.20567 0.16009 0.11446 0.06881 0.02296 0.00000 0.00000 0.00000 0.00000 0.00000 0.00000 0.00000 0.00000 0.00000 0.00000 0.00000 0.00000 0.00000 0.00000 0.00000 0.00000 0.00000 0.00000 0.00000 0.00000 0.00000 0.00000 0.00000 0.00000 0.00000
0.00000 0.00000 0.00000 0.00000 0.00000 0.00000 0.00000 0.00000 0.00000 0.00000 0.00000 0.00000 0.00000 0.00000 0.00000 0.00000 0.00000 0.00000 0.00000 0.00000 0.00000 0.00000 0.00000 0.00000 0.00000 0.01943 0.05846 0.09714 0.13549 0.17545 0.21376 0.25176 0.29026 0.32966 0.36736 0.40149 0.43379 0.46479 0.49608 0.52652 0.55790 0.58965 0.62103 0.65173 0.68280 0.69828 0.69802 0.69780 0.69760 0.69743 0.69730 0.69722 0.69717 0.69716 0.69718 0.68156 0.65028 0.61903 0.58779 0.55658 0.52537 0.49416 0.46296 0.43175 0.40053 0.36579 0.32752 0.28922 0.25086 0.21244 0.17398 0.13551 0.09690 0.05812 0.01940 0.00000 0.00000 0.00000 0.00000 0.00000 0.00000 0.00000 0.00000 0.00000 0.00000 0.00000 0.00000 0.00000 0.00000 0.00000 0.00000 0.00000 0.00000 0.00000 0.00000 0.00000 0.00000 0.00000 0.00000 0.00000
