0.06252 0.06124 0.07030 0.06800 0.07103 0.06819 0.07194 0.06245 0.06302 0.05501 0.05869 0.05480 0.05182 0.04940 0.04559 0.04277 0.03700 0.03257 0.02913 0.02443 0.01968 0.01524 0.01113 0.00658 0.00214 0.00000 0.00000 0.00000 0.00000 0.00000 0.00000 0.00000 0.00000 0.00000 0.00000 0.00233 0.00707 0.01215 0.01721 0.02173 0.02720 0.03241 0.03864 0.04197 0.04906 0.04985 0.05333 0.04833 0.05274 0.04880 0.05381 0.04860 0.05339 0.04888 0.05532 0.04788 0.04585 0.03808 0.03612 0.02852 0.02451 0.01788 0.01376 0.00784 0.00282 0.00268 0.00830 0.01449 0.02023 0.02646
0.06490 0.06463 0.07190 0.07174 0.07163 0.06778 0.07291 0.06748 0.06536 0.06026 0.06279 0.06027 0.05837 0.05512 0.05261 0.05092 0.04427 0.03850 0.03484 0.02934 0.02328 0.01813 0.01335 0.00816 0.00258 0.00000 0.00000 0.00000 0.00000 0.00000 0.00000 0.00000 0.00000 0.00000 0.00000 0.00283 0.00861 0.01477 0.02097 0.02664 0.03259 0.03900 0.04682 0.05163 0.05884 0.06064 0.06376 0.06046 0.06318 0.06013 0.06438 0.06146 0.06400 0.06019 0.06570 0.05903 0.05504 0.04645 0.04296 0.03488 0.02921 0.02192 0.01667 0.00958 0.00330 0.00326 0.01019 0.01688 0.02365 0.03095
0.06974 0.06913 0.07327 0.07071 0.07512 0.06948 0.07230 0.06862 0.06987 0.06401 0.06637 0.06525 0.06395 0.06208 0.06047 0.05858 0.05138 0.04461 0.03948 0.03377 0.02763 0.02104 0.01522 0.00949 0.00306 0.00000 0.00000 0.00000 0.00000 0.00000 0.00000 0.00000 0.00000 0.00000 0.00000 0.00336 0.01000 0.01687 0.02405 0.03137 0.03826 0.04463 0.05347 0.06086 0.06901 0.06962 0.07301 0.07166 0.07327 0.07048 0.07421 0.07181 0.07472 0.07160 0.07509 0.06904 0.06456 0.05498 0.04891 0.04033 0.03403 0.02606 0.01925 0.01110 0.00377 0.00386 0.01189 0.01932 0.02704 0.03629
0.07554 0.07413 0.07138 0.07063 0.07761 0.07660 0.07080 0.06917 0.07335 0.07148 0.06947 0.06896 0.06986 0.07045 0.06807 0.06410 0.05913 0.05269 0.04412 0.03736 0.03199 0.02514 0.01716 0.01040 0.00364 0.00000 0.00000 0.00000 0.00000 0.00000 0.00000 0.00000 0.00000 0.00000 0.00000 0.00397 0.01177 0.01926 0.02750 0.03641 0.04546 0.05196 0.06058 0.07041 0.08099 0.08131 0.08293 0.08370 0.08665 0.08246 0.08419 0.08358 0.08771 0.08436 0.08391 0.07986 0.07451 0.06449 0.05499 0.04649 0.03965 0.03044 0.02166 0.01283 0.00444 0.00441 0.01331 0.02212 0.03118 0.04055
0.08029 0.07654 0.07492 0.07368 0.07767 0.07802 0.07492 0.06973 0.07532 0.07549 0.07520 0.07230 0.07554 0.07764 0.07563 0.07109 0.06552 0.05955 0.04997 0.04201 0.03554 0.02845 0.01952 0.01162 0.00401 0.00000 0.00000 0.00000 0.00000 0.00000 0.00000 0.00000 0.00000 0.00000 0.00000 0.00436 0.01326 0.02217 0.03111 0.04003 0.05019 0.05994 0.06888 0.07726 0.08916 0.09424 0.09359 0.09263 0.09631 0.09543 0.09439 0.09401 0.09719 0.09662 0.09617 0.09037 0.08300 0.07300 0.06328 0.05322 0.04415 0.03402 0.02432 0.01479 0.00499 0.00482 0.01469 0.02571 0.03574 0.04560
0.07488 0.07456 0.07839 0.07825 0.07490 0.07343 0.07694 0.07643 0.07391 0.07340 0.07592 0.07600 0.07473 0.07515 0.07601 0.07335 0.06463 0.05710 0.05086 0.04368 0.03493 0.02723 0.02015 0.01226 0.00395 0.00000 0.00000 0.00000 0.00000 0.00000 0.00000 0.00000 0.00000 0.00000 0.00000 0.00431 0.01332 0.02282 0.03212 0.04020 0.04974 0.06123 0.07144 0.07833 0.08812 0.09732 0.09771 0.09335 0.09477 0.09742 0.09996 0.09584 0.09569 0.09662 0.10019 0.09367 0.08128 0.07284 0.06473 0.05498 0.04373 0.03403 0.02501 0.01507 0.00494 0.00488 0.01489 0.02520 0.03515 0.04517
0.07325 0.07433 0.07844 0.08064 0.07536 0.07337 0.07571 0.07665 0.07264 0.06775 0.07122 0.07204 0.06938 0.06721 0.06840 0.06656 0.05770 0.05096 0.04554 0.03948 0.03129 0.02438 0.01802 0.01113 0.00357 0.00000 0.00000 0.00000 0.00000 0.00000 0.00000 0.00000 0.00000 0.00000 0.00000 0.00396 0.01191 0.01997 0.02849 0.03697 0.04515 0.05326 0.06264 0.07199 0.07986 0.08379 0.08648 0.08649 0.08477 0.08527 0.08885 0.08913 0.08635 0.08649 0.08867 0.08615 0.07451 0.06579 0.05769 0.04928 0.03988 0.03117 0.02223 0.01316 0.00442 0.00456 0.01354 0.02178 0.03082 0.04164
0.07196 0.07217 0.07141 0.07267 0.07714 0.07701 0.07375 0.07039 0.07107 0.06928 0.06578 0.06447 0.06382 0.06267 0.06002 0.05642 0.05123 0.04613 0.03965 0.03351 0.02794 0.02229 0.01568 0.00937 0.00326 0.00000 0.00000 0.00000 0.00000 0.00000 0.00000 0.00000 0.00000 0.00000 0.00000 0.00355 0.01064 0.01740 0.02483 0.03321 0.04070 0.04649 0.05422 0.06512 0.07255 0.07281 0.07401 0.07913 0.07784 0.07512 0.07541 0.07758 0.07974 0.07794 0.07587 0.07340 0.06794 0.05998 0.05003 0.04277 0.03594 0.02824 0.01948 0.01163 0.00396 0.00403 0.01168 0.01924 0.02709 0.03564
0.07126 0.07267 0.06966 0.07256 0.07786 0.08004 0.07289 0.06660 0.06785 0.06711 0.06250 0.05817 0.05770 0.05634 0.05249 0.04862 0.04454 0.04008 0.03402 0.02909 0.02446 0.01921 0.01345 0.00822 0.00281 0.00000 0.00000 0.00000 0.00000 0.00000 0.00000 0.00000 0.00000 0.00000 0.00000 0.00302 0.00918 0.01550 0.02175 0.02788 0.03451 0.04149 0.04801 0.05421 0.06113 0.06526 0.06459 0.06497 0.06729 0.06711 0.06538 0.06564 0.06849 0.07078 0.06676 0.06326 0.05804 0.05299 0.04412 0.03737 0.03068 0.02395 0.01705 0.01037 0.00340 0.00331 0.01010 0.01749 0.02420 0.03030
0.06353 0.06666 0.07148 0.07327 0.07563 0.07458 0.07299 0.06920 0.06422 0.06065 0.05863 0.05545 0.05108 0.04790 0.04502 0.04195 0.03729 0.03285 0.02884 0.02515 0.02047 0.01570 0.01148 0.00710 0.00232 0.00000 0.00000 0.00000 0.00000 0.00000 0.00000 0.00000 0.00000 0.00000 0.00000 0.00251 0.00768 0.01320 0.01858 0.02311 0.02862 0.03559 0.04113 0.04436 0.05065 0.05658 0.05598 0.05327 0.05456 0.05733 0.05673 0.05632 0.05549 0.05629 0.05786 0.05508 0.04778 0.04249 0.03834 0.03262 0.02555 0.01988 0.01462 0.00893 0.00282 0.00280 0.00850 0.01440 0.01960 0.02508
0.05640 0.06272 0.07027 0.07555 0.07528 0.07292 0.07133 0.06874 0.06237 0.05642 0.05372 0.05033 0.04555 0.04124 0.03755 0.03393 0.03022 0.02706 0.02380 0.02017 0.01642 0.01307 0.00951 0.00565 0.00188 0.00000 0.00000 0.00000 0.00000 0.00000 0.00000 0.00000 0.00000 0.00000 0.00000 0.00209 0.00633 0.01054 0.01486 0.01944 0.02401 0.02830 0.03255 0.03745 0.04240 0.04467 0.04458 0.04503 0.04467 0.04501 0.04648 0.04666 0.04554 0.04508 0.04714 0.04638 0.03947 0.03453 0.03062 0.02639 0.02111 0.01652 0.01170 0.00696 0.00234 0.00237 0.00699 0.01123 0.01597 0.02121
0.05725 0.06048 0.06476 0.07078 0.07698 0.07517 0.06902 0.06393 0.06015 0.05481 0.04869 0.04404 0.03968 0.03507 0.02966 0.02584 0.02341 0.02118 0.01828 0.01536 0.01275 0.01024 0.00727 0.00430 0.00148 0.00000 0.00000 0.00000 0.00000 0.00000 0.00000 0.00000 0.00000 0.00000 0.00000 0.00162 0.00492 0.00800 0.01135 0.01517 0.01863 0.02124 0.02486 0.02948 0.03301 0.03320 0.03404 0.03542 0.03523 0.03482 0.03498 0.03530 0.03557 0.03619 0.03551 0.03372 0.03106 0.02764 0.02322 0.01959 0.01673 0.01313 0.00885 0.00532 0.00181 0.00183 0.00520 0.00853 0.01203 0.01555
0.05544 0.06043 0.06306 0.06766 0.07605 0.07663 0.06860 0.06130 0.05629 0.05137 0.04496 0.03905 0.03359 0.02795 0.02216 0.01862 0.01678 0.01473 0.01279 0.01112 0.00922 0.00706 0.00505 0.00315 0.00106 0.00000 0.00000 0.00000 0.00000 0.00000 0.00000 0.00000 0.00000 0.00000 0.00000 0.00115 0.00341 0.00578 0.00828 0.01063 0.01285 0.01541 0.01824 0.02072 0.02272 0.02418 0.02470 0.02479 0.02466 0.02482 0.02476 0.02475 0.02562 0.02583 0.02524 0.02353 0.02197 0.01983 0.01661 0.01410 0.01161 0.00907 0.00642 0.00388 0.00127 0.00125 0.00380 0.00646 0.00893 0.01114
0.05000 0.05689 0.06403 0.06796 0.07349 0.07380 0.06805 0.06034 0.05249 0.04641 0.04090 0.03433 0.02734 0.02095 0.01482 0.01117 0.00988 0.00868 0.00768 0.00668 0.00542 0.00415 0.00304 0.00189 0.00062 0.00000 0.00000 0.00000 0.00000 0.00000 0.00000 0.00000 0.00000 0.00000 0.00000 0.00067 0.00201 0.00350 0.00494 0.00610 0.00753 0.00937 0.01084 0.01180 0.01341 0.01464 0.01470 0.01438 0.01457 0.01472 0.01484 0.01508 0.01496 0.01485 0.01505 0.01464 0.01278 0.01120 0.01008 0.00859 0.00674 0.00523 0.00388 0.00234 0.00073 0.00073 0.00222 0.00368 0.00496 0.00622
0.04524 0.05272 0.06161 0.06871 0.07415 0.07204 0.06547 0.05897 0.05074 0.04288 0.03592 0.02900 0.02170 0.01465 0.00748 0.00363 0.00325 0.00294 0.00258 0.00214 0.00175 0.00142 0.00103 0.00060 0.00020 0.00000 0.00000 0.00000 0.00000 0.00000 0.00000 0.00000 0.00000 0.00000 0.00000 0.00022 0.00070 0.00115 0.00157 0.00205 0.00260 0.00309 0.00345 0.00396 0.00459 0.00487 0.00472 0.00477 0.00486 0.00490 0.00493 0.00491 0.00490 0.00484 0.00506 0.00487 0.00423 0.00371 0.00330 0.00282 0.00226 0.00177 0.00126 0.00075 0.00025 0.00025 0.00074 0.00121 0.00171 0.00226
0.04223 0.04849 0.05575 0.06353 0.07100 0.06881 0.05983 0.05334 0.04732 0.03939 0.03139 0.02460 0.01795 0.01083 0.00355 0.00019 0.00058 0.00098 0.00135 0.00173 0.00216 0.00263 0.00298 0.00333 0.00385 0.00420 0.00409 0.00400 0.00424 0.00432 0.00418 0.00417 0.00441 0.00436 0.00428 0.00426 0.00386 0.00328 0.00287 0.00255 0.00210 0.00157 0.00113 0.00071 0.00024 0.00000 0.00000 0.00000 0.00000 0.00000 0.00000 0.00000 0.00000 0.00000 0.00000 0.00000 0.00000 0.00000 0.00000 0.00000 0.00000 0.00000 0.00000 0.00000 0.00000 0.00000 0.00000 0.00000 0.00000 0.00000
0.03793 0.04437 0.04990 0.05467 0.06219 0.06263 0.05482 0.04681 0.04092 0.03530 0.02840 0.02189 0.01580 0.00959 0.00316 0.00056 0.00172 0.00286 0.00396 0.00525 0.00656 0.00751 0.00869 0.01032 0.01174 0.01186 0.01195 0.01262 0.01242 0.01221 0.01272 0.01306 0.01248 0.01261 0.01339 0.01277 0.01099 0.00982 0.00896 0.00758 0.00597 0.00471 0.00351 0.00214 0.00068 0.00000 0.00000 0.00000 0.00000 0.00000 0.00000 0.00000 0.00000 0.00000 0.00000 0.00000 0.00000 0.00000 0.00000 0.00000 0.00000 0.00000 0.00000 0.00000 0.00000 0.00000 0.00000 0.00000 0.00000 0.00000
0.03393 0.03923 0.04494 0.04872 0.05316 0.05360 0.04864 0.04180 0.03483 0.03004 0.02518 0.01938 0.01359 0.00821 0.00279 0.00094 0.00278 0.00465 0.00668 0.00872 0.01053 0.01238 0.01461 0.01708 0.01867 0.01926 0.02016 0.02099 0.02018 0.01984 0.02105 0.02108 0.02070 0.02135 0.02186 0.02017 0.01807 0.01678 0.01457 0.01189 0.00985 0.00807 0.00574 0.00331 0.00113 0.00000 0.00000 0.00000 0.00000 0.00000 0.00000 0.00000 0.00000 0.00000 0.00000 0.00000 0.00000 0.00000 0.00000 0.00000 0.00000 0.00000 0.00000 0.00000 0.00000 0.00000 0.00000 0.00000 0.00000 0.00000
0.02765 0.03246 0.03803 0.04337 0.04723 0.04487 0.04059 0.03675 0.03110 0.02541 0.02116 0.01689 0.01180 0.00699 0.00240 0.00131 0.00385 0.00649 0.00939 0.01194 0.01434 0.01762 0.02086 0.02266 0.02528 0.02830 0.02857 0.02727 0.02805 0.02927 0.02807 0.02820 0.03003 0.03014 0.02864 0.02772 0.02639 0.02325 0.01940 0.01655 0.01429 0.01114 0.00761 0.00463 0.00159 0.00000 0.00000 0.00000 0.00000 0.00000 0.00000 0.00000 0.00000 0.00000 0.00000 0.00000 0.00000 0.00000 0.00000 0.00000 0.00000 0.00000 0.00000 0.00000 0.00000 0.00000 0.00000 0.00000 0.00000 0.00000
0.02438 0.02767 0.03171 0.03586 0.04018 0.03862 0.03311 0.02980 0.02643 0.02185 0.01739 0.01375 0.00997 0.00597 0.00198 0.00163 0.00495 0.00835 0.01164 0.01502 0.01862 0.02239 0.02564 0.02897 0.03309 0.03574 0.03507 0.03444 0.03614 0.03645 0.03598 0.03678 0.03747 0.03690 0.03697 0.03677 0.03281 0.02817 0.02473 0.02194 0.01779 0.01339 0.00979 0.00608 0.00202 0.00000 0.00000 0.00000 0.00000 0.00000 0.00000 0.00000 0.00000 0.00000 0.00000 0.00000 0.00000 0.00000 0.00000 0.00000 0.00000 0.00000 0.00000 0.00000 0.00000 0.00000 0.00000 0.00000 0.00000 0.00000
0.01969 0.02293 0.02596 0.02794 0.03153 0.03228 0.02808 0.02348 0.02075 0.01812 0.01440 0.01091 0.00801 0.00493 0.00160 0.00195 0.00605 0.01017 0.01390 0.01827 0.02285 0.02647 0.03047 0.03603 0.04093 0.04138 0.04209 0.04381 0.04296 0.04269 0.04489 0.04509 0.04337 0.04399 0.04646 0.04403 0.03805 0.03400 0.03106 0.02619 0.02081 0.01629 0.01211 0.00733 0.00242 0.00000 0.00000 0.00000 0.00000 0.00000 0.00000 0.00000 0.00000 0.00000 0.00000 0.00000 0.00000 0.00000 0.00000 0.00000 0.00000 0.00000 0.00000 0.00000 0.00000 0.00000 0.00000 0.00000 0.00000 0.00000
0.01555 0.01795 0.02042 0.02206 0.02381 0.02405 0.02192 0.01868 0.01558 0.01351 0.01121 0.00857 0.00610 0.00370 0.00124 0.00230 0.00698 0.01171 0.01644 0.02128 0.02625 0.03122 0.03616 0.04139 0.04629 0.04944 0.04965 0.05005 0.04995 0.05146 0.05141 0.05080 0.05130 0.05333 0.05310 0.04955 0.04487 0.04143 0.03538 0.02930 0.02448 0.01977 0.01395 0.00828 0.00279 0.00000 0.00000 0.00000 0.00000 0.00000 0.00000 0.00000 0.00000 0.00000 0.00000 0.00000 0.00000 0.00000 0.00000 0.00000 0.00000 0.00000 0.00000 0.00000 0.00000 0.00000 0.00000 0.00000 0.00000 0.00000
0.01040 0.01211 0.01407 0.01605 0.01749 0.01652 0.01500 0.01355 0.01138 0.00926 0.00779 0.00620 0.00431 0.00256 0.00088 0.00267 0.00787 0.01323 0.01908 0.02429 0.02939 0.03600 0.04200 0.04623 0.05241 0.05736 0.05684 0.05576 0.05785 0.05876 0.05700 0.05750 0.06022 0.06028 0.05838 0.05623 0.05271 0.04646 0.03925 0.03341 0.02846 0.02223 0.01568 0.00934 0.00319 0.00000 0.00000 0.00000 0.00000 0.00000 0.00000 0.00000 0.00000 0.00000 0.00000 0.00000 0.00000 0.00000 0.00000 0.00000 0.00000 0.00000 0.00000 0.00000 0.00000 0.00000 0.00000 0.00000 0.00000 0.00000
0.00636 0.00727 0.00819 0.00930 0.01050 0.01007 0.00869 0.00779 0.00684 0.00563 0.00453 0.00360 0.00258 0.00153 0.00052 0.00296 0.00882 0.01481 0.02108 0.02734 0.03326 0.03950 0.04624 0.05312 0.05916 0.06235 0.06312 0.06458 0.06412 0.06351 0.06465 0.06677 0.06618 0.06507 0.06627 0.06535 0.05780 0.05014 0.04441 0.03874 0.03131 0.02406 0.01756 0.01078 0.00358 0.00000 0.00000 0.00000 0.00000 0.00000 0.00000 0.00000 0.00000 0.00000 0.00000 0.00000 0.00000 0.00000 0.00000 0.00000 0.00000 0.00000 0.00000 0.00000 0.00000 0.00000 0.00000 0.00000 0.00000 0.00000
0.00208 0.00242 0.00276 0.00300 0.00337 0.00338 0.00294 0.00249 0.00221 0.00191 0.00151 0.00115 0.00085 0.00052 0.00017 0.00320 0.00990 0.01646 0.02287 0.03009 0.03737 0.04337 0.05032 0.05891 0.06584 0.06836 0.06956 0.07089 0.07013 0.07031 0.07230 0.07264 0.07118 0.07225 0.07463 0.07085 0.06220 0.05567 0.04957 0.04207 0.03407 0.02660 0.01944 0.01179 0.00393 0.00000 0.00000 0.00000 0.00000 0.00000 0.00000 0.00000 0.00000 0.00000 0.00000 0.00000 0.00000 0.00000 0.00000 0.00000 0.00000 0.00000 0.00000 0.00000 0.00000 0.00000 0.00000 0.00000 0.00000 0.00000
0.00000 0.00000 0.00000 0.00000 0.00000 0.00000 0.00000 0.00000 0.00000 0.00000 0.00000 0.00000 0.00000 0.00000 0.00000 0.00317 0.00966 0.01631 0.02255 0.02923 0.03651 0.04357 0.04982 0.05658 0.06442 0.06912 0.06884 0.06888 0.07068 0.07291 0.07227 0.07164 0.07387 0.07656 0.07599 0.07127 0.06529 0.05930 0.05067 0.04238 0.03555 0.02825 0.01995 0.01195 0.00404 0.00000 0.00000 0.00000 0.00000 0.00000 0.00000 0.00000 0.00000 0.00000 0.00000 0.00000 0.00000 0.00000 0.00000 0.00000 0.00000 0.00000 0.00000 0.00000 0.00000 0.00000 0.00000 0.00000 0.00000 0.00000
0.00000 0.00000 0.00000 0.00000 0.00000 0.00000 0.00000 0.00000 0.00000 0.00000 0.00000 0.00000 0.00000 0.00000 0.00000 0.00286 0.00840 0.01425 0.02036 0.02578 0.03162 0.03856 0.04467 0.04980 0.05630 0.06125 0.06226 0.06307 0.06508 0.06694 0.06762 0.06929 0.07177 0.07295 0.07363 0.07149 0.06506 0.05743 0.04966 0.04237 0.03515 0.02750 0.01970 0.01180 0.00399 0.00000 0.00000 0.00000 0.00000 0.00000 0.00000 0.00000 0.00000 0.00000 0.00000 0.00000 0.00000 0.00000 0.00000 0.00000 0.00000 0.00000 0.00000 0.00000 0.00000 0.00000 0.00000 0.00000 0.00000 0.00000
0.00000 0.00000 0.00000 0.00000 0.00000 0.00000 0.00000 0.00000 0.00000 0.00000 0.00000 0.00000 0.00000 0.00000 0.00000 0.00247 0.00735 0.01227 0.01757 0.02280 0.02751 0.03268 0.03868 0.04425 0.04887 0.05226 0.05528 0.05810 0.05900 0.06022 0.06382 0.06721 0.06800 0.06877 0.07271 0.07152 0.06335 0.05520 0.04918 0.04234 0.03424 0.02654 0.01942 0.01179 0.00390 0.00000 0.00000 0.00000 0.00000 0.00000 0.00000 0.00000 0.00000 0.00000 0.00000 0.00000 0.00000 0.00000 0.00000 0.00000 0.00000 0.00000 0.00000 0.00000 0.00000 0.00000 0.00000 0.00000 0.00000 0.00000
0.00000 0.00000 0.00000 0.00000 0.00000 0.00000 0.00000 0.00000 0.00000 0.00000 0.00000 0.00000 0.00000 0.00000 0.00000 0.00206 0.00636 0.01052 0.01469 0.01946 0.02398 0.02792 0.03240 0.03782 0.04230 0.04538 0.04813 0.05142 0.05395 0.05666 0.05959 0.06238 0.06508 0.06866 0.07149 0.06916 0.06223 0.05579 0.04841 0.04110 0.03391 0.02654 0.01902 0.01148 0.00387 0.00000 0.00000 0.00000 0.00000 0.00000 0.00000 0.00000 0.00000 0.00000 0.00000 0.00000 0.00000 0.00000 0.00000 0.00000 0.00000 0.00000 0.00000 0.00000 0.00000 0.00000 0.00000 0.00000 0.00000 0.00000
0.00000 0.00000 0.00000 0.00000 0.00000 0.00000 0.00000 0.00000 0.00000 0.00000 0.00000 0.00000 0.00000 0.00000 0.00000 0.00172 0.00524 0.00885 0.01226 0.01586 0.01981 0.02367 0.02699 0.03065 0.03514 0.03903 0.04144 0.04432 0.04872 0.05282 0.05498 0.05753 0.06260 0.06723 0.06952 0.06653 0.06136 0.05523 0.04733 0.03971 0.03335 0.02624 0.01850 0.01116 0.00378 0.00000 0.00000 0.00000 0.00000 0.00000 0.00000 0.00000 0.00000 0.00000 0.00000 0.00000 0.00000 0.00000 0.00000 0.00000 0.00000 0.00000 0.00000 0.00000 0.00000 0.00000 0.00000 0.00000 0.00000 0.00000
0.00000 0.00000 0.00000 0.00000 0.00000 0.00000 0.00000 0.00000 0.00000 0.00000 0.00000 0.00000 0.00000 0.00000 0.00000 0.00141 0.00414 0.00710 0.01004 0.01276 0.01568 0.01904 0.02207 0.02479 0.02789 0.03173 0.03551 0.03928 0.04317 0.04719 0.05124 0.05587 0.05972 0.06338 0.06789 0.06770 0.06040 0.05312 0.04667 0.04005 0.03263 0.02541 0.01841 0.01109 0.00369 0.00000 0.00000 0.00000 0.00000 0.00000 0.00000 0.00000 0.00000 0.00000 0.00000 0.00000 0.00000 0.00000 0.00000 0.00000 0.00000 0.00000 0.00000 0.00000 0.00000 0.00000 0.00000 0.00000 0.00000 0.00000
0.00000 0.00000 0.00000 0.00000 0.00000 0.00000 0.00000 0.00000 0.00000 0.00000 0.00000 0.00000 0.00000 0.00000 0.00000 0.00107 0.00318 0.00533 0.00761 0.00988 0.01200 0.01426 0.01676 0.01925 0.02123 0.02449 0.02934 0.03417 0.03778 0.04189 0.04761 0.05290 0.05650 0.06021 0.06651 0.06672 0.05907 0.05144 0.04576 0.03939 0.03190 0.02471 0.01806 0.01093 0.00359 0.00000 0.00000 0.00000 0.00000 0.00000 0.00000 0.00000 0.00000 0.00000 0.00000 0.00000 0.00000 0.00000 0.00000 0.00000 0.00000 0.00000 0.00000 0.00000 0.00000 0.00000 0.00000 0.00000 0.00000 0.00000
0.00000 0.00000 0.00000 0.00000 0.00000 0.00000 0.00000 0.00000 0.00000 0.00000 0.00000 0.00000 0.00000 0.00000 0.00000 0.00075 0.00227 0.00374 0.00523 0.00694 0.00852 0.00999 0.01161 0.01341 0.01505 0.01822 0.02315 0.02812 0.03309 0.03853 0.04356 0.04828 0.05365 0.06007 0.06507 0.06366 0.05772 0.05209 0.04493 0.03782 0.03142 0.02480 0.01758 0.01053 0.00358 0.00000 0.00000 0.00000 0.00000 0.00000 0.00000 0.00000 0.00000 0.00000 0.00000 0.00000 0.00000 0.00000 0.00000 0.00000 0.00000 0.00000 0.00000 0.00000 0.00000 0.00000 0.00000 0.00000 0.00000 0.00000
0.00000 0.00000 0.00000 0.00000 0.00000 0.00000 0.00000 0.00000 0.00000 0.00000 0.00000 0.00000 0.00000 0.00000 0.00000 0.00043 0.00133 0.00223 0.00311 0.00401 0.00496 0.00595 0.00683 0.00778 0.00884 0.01211 0.01721 0.02253 0.02856 0.03446 0.03932 0.04452 0.05144 0.05790 0.06292 0.06174 0.05670 0.05100 0.04389 0.03674 0.03074 0.02423 0.01719 0.01029 0.00349 0.00000 0.00000 0.00000 0.00000 0.00000 0.00000 0.00000 0.00000 0.00000 0.00000 0.00000 0.00000 0.00000 0.00000 0.00000 0.00000 0.00000 0.00000 0.00000 0.00000 0.00000 0.00000 0.00000 0.00000 0.00000
0.00000 0.00000 0.00000 0.00000 0.00000 0.00000 0.00000 0.00000 0.00000 0.00000 0.00000 0.00000 0.00000 0.00000 0.00000 0.00014 0.00042 0.00073 0.00103 0.00131 0.00161 0.00193 0.00225 0.00255 0.00287 0.00594 0.01175 0.01780 0.02385 0.02959 0.03561 0.04267 0.04887 0.05423 0.06072 0.06242 0.05580 0.04865 0.04268 0.03696 0.03003 0.02324 0.01686 0.01028 0.00338 0.00000 0.00000 0.00000 0.00000 0.00000 0.00000 0.00000 0.00000 0.00000 0.00000 0.00000 0.00000 0.00000 0.00000 0.00000 0.00000 0.00000 0.00000 0.00000 0.00000 0.00000 0.00000 0.00000 0.00000 0.00000
0.00163 0.00194 0.00224 0.00244 0.00265 0.00264 0.00245 0.00211 0.00178 0.00148 0.00126 0.00098 0.00068 0.00041 0.00014 0.00000 0.00000 0.00000 0.00000 0.00000 0.00000 0.00000 0.00000 0.00000 0.00000 0.00281 0.00857 0.01442 0.01996 0.02576 0.03229 0.03849 0.04401 0.04968 0.05693 0.05775 0.05142 0.04491 0.03977 0.03417 0.02790 0.02146 0.01564 0.00947 0.00316 0.00000 0.00000 0.00000 0.00000 0.00000 0.00000 0.00000 0.00000 0.00000 0.00000 0.00000 0.00000 0.00000 0.00000 0.00000 0.00000 0.00000 0.00000 0.00000 0.00000 0.00000 0.00000 0.00000 0.00000 0.00000
0.00488 0.00550 0.00631 0.00729 0.00818 0.00776 0.00679 0.00616 0.00538 0.00438 0.00355 0.00286 0.00204 0.00120 0.00040 0.00000 0.00000 0.00000 0.00000 0.00000 0.00000 0.00000 0.00000 0.00000 0.00000 0.00248 0.00749 0.01244 0.01744 0.02302 0.02834 0.03291 0.03804 0.04474 0.05019 0.04922 0.04433 0.04040 0.03489 0.02922 0.02415 0.01927 0.01356 0.00815 0.00276 0.00000 0.00000 0.00000 0.00000 0.00000 0.00000 0.00000 0.00000 0.00000 0.00000 0.00000 0.00000 0.00000 0.00000 0.00000 0.00000 0.00000 0.00000 0.00000 0.00000 0.00000 0.00000 0.00000 0.00000 0.00000
0.00772 0.00891 0.00991 0.01156 0.01347 0.01286 0.01114 0.00967 0.00867 0.00738 0.00582 0.00449 0.00332 0.00201 0.00064 0.00000 0.00000 0.00000 0.00000 0.00000 0.00000 0.00000 0.00000 0.00000 0.00000 0.00212 0.00636 0.01080 0.01526 0.01965 0.02391 0.02852 0.03347 0.03817 0.04254 0.04246 0.03865 0.03455 0.02994 0.02497 0.02087 0.01643 0.01177 0.00698 0.00237 0.00000 0.00000 0.00000 0.00000 0.00000 0.00000 0.00000 0.00000 0.00000 0.00000 0.00000 0.00000 0.00000 0.00000 0.00000 0.00000 0.00000 0.00000 0.00000 0.00000 0.00000 0.00000 0.00000 0.00000 0.00000
0.01097 0.01277 0.01475 0.01568 0.01710 0.01754 0.01599 0.01330 0.01135 0.00995 0.00818 0.00614 0.00439 0.00274 0.00091 0.00000 0.00000 0.00000 0.00000 0.00000 0.00000 0.00000 0.00000 0.00000 0.00000 0.00179 0.00543 0.00918 0.01289 0.01641 0.02006 0.02459 0.02858 0.03157 0.03536 0.03682 0.03301 0.02854 0.02484 0.02176 0.01760 0.01362 0.00989 0.00604 0.00197 0.00000 0.00000 0.00000 0.00000 0.00000 0.00000 0.00000 0.00000 0.00000 0.00000 0.00000 0.00000 0.00000 0.00000 0.00000 0.00000 0.00000 0.00000 0.00000 0.00000 0.00000 0.00000 0.00000 0.00000 0.00000
0.01233 0.01544 0.01852 0.01980 0.02131 0.02123 0.01984 0.01748 0.01452 0.01202 0.01010 0.00805 0.00556 0.00331 0.00116 0.00000 0.00000 0.00000 0.00000 0.00000 0.00000 0.00000 0.00000 0.00000 0.00000 0.00152 0.00449 0.00740 0.01047 0.01387 0.01692 0.01992 0.02304 0.02646 0.02978 0.02999 0.02689 0.02351 0.02073 0.01777 0.01459 0.01119 0.00812 0.00492 0.00165 0.00000 0.00000 0.00000 0.00000 0.00000 0.00000 0.00000 0.00000 0.00000 0.00000 0.00000 0.00000 0.00000 0.00000 0.00000 0.00000 0.00000 0.00000 0.00000 0.00000 0.00000 0.00000 0.00000 0.00000 0.00000
0.01650 0.01841 0.02108 0.02410 0.02753 0.02548 0.02226 0.02028 0.01811 0.01442 0.01171 0.00944 0.00681 0.00400 0.00132 0.00000 0.00000 0.00000 0.00000 0.00000 0.00000 0.00000 0.00000 0.00000 0.00000 0.00119 0.00348 0.00593 0.00844 0.01102 0.01346 0.01565 0.01813 0.02138 0.02405 0.02336 0.02088 0.01926 0.01664 0.01382 0.01145 0.00915 0.00639 0.00384 0.00132 0.00000 0.00000 0.00000 0.00000 0.00000 0.00000 0.00000 0.00000 0.00000 0.00000 0.00000 0.00000 0.00000 0.00000 0.00000 0.00000 0.00000 0.00000 0.00000 0.00000 0.00000 0.00000 0.00000 0.00000 0.00000
0.01797 0.02026 0.02275 0.02636 0.03136 0.03080 0.02612 0.02258 0.02008 0.01759 0.01393 0.01052 0.00761 0.00472 0.00155 0.00000 0.00000 0.00000 0.00000 0.00000 0.00000 0.00000 0.00000 0.00000 0.00000 0.00086 0.00267 0.00471 0.00643 0.00805 0.01000 0.01225 0.01402 0.01588 0.01782 0.01794 0.01615 0.01444 0.01252 0.01042 0.00871 0.00681 0.00491 0.00293 0.00098 0.00000 0.00000 0.00000 0.00000 0.00000 0.00000 0.00000 0.00000 0.00000 0.00000 0.00000 0.00000 0.00000 0.00000 0.00000 0.00000 0.00000 0.00000 0.00000 0.00000 0.00000 0.00000 0.00000 0.00000 0.00000
0.02074 0.02459 0.02829 0.02976 0.03217 0.03398 0.03169 0.02551 0.02180 0.01915 0.01618 0.01194 0.00848 0.00523 0.00179 0.00000 0.00000 0.00000 0.00000 0.00000 0.00000 0.00000 0.00000 0.00000 0.00000 0.00062 0.00195 0.00317 0.00431 0.00566 0.00702 0.00843 0.00976 0.01078 0.01211 0.01265 0.01144 0.00972 0.00849 0.00745 0.00598 0.00464 0.00341 0.00206 0.00067 0.00000 0.00000 0.00000 0.00000 0.00000 0.00000 0.00000 0.00000 0.00000 0.00000 0.00000 0.00000 0.00000 0.00000 0.00000 0.00000 0.00000 0.00000 0.00000 0.00000 0.00000 0.00000 0.00000 0.00000 0.00000
0.02059 0.02582 0.03171 0.03387 0.03608 0.03529 0.03330 0.03006 0.02473 0.02050 0.01683 0.01366 0.00960 0.00563 0.00189 0.00000 0.00000 0.00000 0.00000 0.00000 0.00000 0.00000 0.00000 0.00000 0.00000 0.00038 0.00112 0.00175 0.00254 0.00343 0.00412 0.00479 0.00556 0.00647 0.00720 0.00730 0.00651 0.00571 0.00502 0.00429 0.00352 0.00273 0.00196 0.00118 0.00040 0.00000 0.00000 0.00000 0.00000 0.00000 0.00000 0.00000 0.00000 0.00000 0.00000 0.00000 0.00000 0.00000 0.00000 0.00000 0.00000 0.00000 0.00000 0.00000 0.00000 0.00000 0.00000 0.00000 0.00000 0.00000
0.02409 0.02726 0.03060 0.03815 0.04297 0.03894 0.03343 0.03206 0.02873 0.02226 0.01814 0.01465 0.01084 0.00620 0.00204 0.00000 0.00000 0.00000 0.00000 0.00000 0.00000 0.00000 0.00000 0.00000 0.00000 0.00012 0.00034 0.00060 0.00085 0.00107 0.00131 0.00154 0.00179 0.00208 0.00237 0.00228 0.00204 0.00189 0.00164 0.00135 0.00113 0.00089 0.00062 0.00037 0.00013 0.00000 0.00000 0.00000 0.00000 0.00000 0.00000 0.00000 0.00000 0.00000 0.00000 0.00000 0.00000 0.00000 0.00000 0.00000 0.00000 0.00000 0.00000 0.00000 0.00000 0.00000 0.00000 0.00000 0.00000 0.00000
0.02540 0.02893 0.03223 0.03578 0.04302 0.04227 0.03544 0.03107 0.02849 0.02474 0.01993 0.01578 0.01199 0.00826 0.00408 0.00201 0.00188 0.00163 0.00139 0.00121 0.00100 0.00075 0.00056 0.00035 0.00011 0.00000 0.00000 0.00000 0.00000 0.00000 0.00000 0.00000 0.00000 0.00000 0.00000 0.00000 0.00000 0.00000 0.00000 0.00000 0.00000 0.00000 0.00000 0.00000 0.00000 0.00000 0.00000 0.00000 0.00000 0.00000 0.00000 0.00000 0.00000 0.00000 0.00000 0.00000 0.00000 0.00000 0.00000 0.00000 0.00000 0.00000 0.00000 0.00000 0.00000 0.00000 0.00000 0.00000 0.00000 0.00000
0.02716 0.03222 0.03554 0.03550 0.03668 0.04179 0.03864 0.03113 0.02749 0.02623 0.02334 0.01773 0.01441 0.01167 0.00842 0.00586 0.00517 0.00476 0.00428 0.00351 0.00279 0.00227 0.00167 0.00098 0.00031 0.00000 0.00000 0.00000 0.00000 0.00000 0.00000 0.00000 0.00000 0.00000 0.00000 0.00000 0.00000 0.00000 0.00000 0.00000 0.00000 0.00000 0.00000 0.00000 0.00000 0.00000 0.00000 0.00000 0.00000 0.00000 0.00000 0.00000 0.00000 0.00000 0.00000 0.00000 0.00000 0.00000 0.00000 0.00000 0.00000 0.00000 0.00000 0.00000 0.00000 0.00000 0.00000 0.00000 0.00000 0.00000
0.02596 0.02935 0.03454 0.03672 0.03716 0.03640 0.03735 0.03303 0.02836 0.02518 0.02359 0.02054 0.01686 0.01412 0.01188 0.00965 0.00804 0.00756 0.00702 0.00579 0.00458 0.00375 0.00262 0.00150 0.00054 0.00000 0.00000 0.00000 0.00000 0.00000 0.00000 0.00000 0.00000 0.00000 0.00000 0.00000 0.00000 0.00000 0.00000 0.00000 0.00000 0.00000 0.00000 0.00000 0.00000 0.00000 0.00000 0.00000 0.00000 0.00000 0.00000 0.00000 0.00000 0.00000 0.00000 0.00000 0.00000 0.00000 0.00000 0.00000 0.00000 0.00000 0.00000 0.00000 0.00000 0.00000 0.00000 0.00000 0.00000 0.00000
0.03103 0.02899 0.03034 0.03748 0.04068 0.03508 0.03223 0.03383 0.03200 0.02560 0.02305 0.02297 0.02129 0.01661 0.01400 0.01338 0.01235 0.01019 0.00868 0.00784 0.00673 0.00489 0.00337 0.00216 0.00073 0.00000 0.00000 0.00000 0.00000 0.00000 0.00000 0.00000 0.00000 0.00000 0.00000 0.00000 0.00000 0.00000 0.00000 0.00000 0.00000 0.00000 0.00000 0.00000 0.00000 0.00000 0.00000 0.00000 0.00000 0.00000 0.00000 0.00000 0.00000 0.00000 0.00000 0.00000 0.00000 0.00000 0.00000 0.00000 0.00000 0.00000 0.00000 0.00000 0.00000 0.00000 0.00000 0.00000 0.00000 0.00000
0.02906 0.03114 0.03103 0.03293 0.03938 0.03742 0.03227 0.02981 0.03146 0.02842 0.02461 0.02311 0.02267 0.02001 0.01689 0.01568 0.01556 0.01354 0.01079 0.00926 0.00790 0.00678 0.00446 0.00268 0.00087 0.00000 0.00000 0.00000 0.00000 0.00000 0.00000 0.00000 0.00000 0.00000 0.00000 0.00000 0.00000 0.00000 0.00000 0.00000 0.00000 0.00000 0.00000 0.00000 0.00000 0.00000 0.00000 0.00000 0.00000 0.00000 0.00000 0.00000 0.00000 0.00000 0.00000 0.00000 0.00000 0.00000 0.00000 0.00000 0.00000 0.00000 0.00000 0.00000 0.00000 0.00000 0.00000 0.00000 0.00000 0.00000
0.03152 0.03375 0.03657 0.03166 0.03289 0.03678 0.03563 0.02944 0.02600 0.02898 0.02859 0.02402 0.02107 0.02242 0.02206 0.01829 0.01576 0.01557 0.01400 0.01107 0.00892 0.00726 0.00552 0.00316 0.00104 0.00000 0.00000 0.00000 0.00000 0.00000 0.00000 0.00000 0.00000 0.00000 0.00000 0.00000 0.00000 0.00000 0.00000 0.00000 0.00000 0.00000 0.00000 0.00000 0.00000 0.00000 0.00000 0.00000 0.00000 0.00000 0.00000 0.00000 0.00000 0.00000 0.00000 0.00000 0.00000 0.00000 0.00000 0.00000 0.00000 0.00000 0.00000 0.00000 0.00000 0.00000 0.00000 0.00000 0.00000 0.00000
0.02675 0.02950 0.03388 0.03481 0.03202 0.03216 0.03522 0.03212 0.02852 0.02816 0.02940 0.02648 0.02411 0.02363 0.02487 0.02244 0.01830 0.01646 0.01592 0.01456 0.01055 0.00805 0.00571 0.00386 0.00127 0.00000 0.00000 0.00000 0.00000 0.00000 0.00000 0.00000 0.00000 0.00000 0.00000 0.00000 0.00000 0.00000 0.00000 0.00000 0.00000 0.00000 0.00000 0.00000 0.00000 0.00000 0.00000 0.00000 0.00000 0.00000 0.00000 0.00000 0.00000 0.00000 0.00000 0.00000 0.00000 0.00000 0.00000 0.00000 0.00000 0.00000 0.00000 0.00000 0.00000 0.00000 0.00000 0.00000 0.00000 0.00000
0.03690 0.03169 0.03235 0.03335 0.03591 0.03154 0.02780 0.03064 0.03150 0.02837 0.02410 0.02720 0.02798 0.02537 0.02313 0.02385 0.02223 0.01869 0.01575 0.01434 0.01242 0.00940 0.00660 0.00379 0.00135 0.00000 0.00000 0.00000 0.00000 0.00000 0.00000 0.00000 0.00000 0.00000 0.00000 0.00000 0.00000 0.00000 0.00000 0.00000 0.00000 0.00000 0.00000 0.00000 0.00000 0.00000 0.00000 0.00000 0.00000 0.00000 0.00000 0.00000 0.00000 0.00000 0.00000 0.00000 0.00000 0.00000 0.00000 0.00000 0.00000 0.00000 0.00000 0.00000 0.00000 0.00000 0.00000 0.00000 0.00000 0.00000
0.03093 0.03186 0.02958 0.03016 0.03380 0.03289 0.03004 0.02987 0.03234 0.02926 0.02741 0.02795 0.03054 0.02833 0.02497 0.02498 0.02622 0.02258 0.01753 0.01427 0.01269 0.01119 0.00750 0.00421 0.00139 0.00000 0.00000 0.00000 0.00000 0.00000 0.00000 0.00000 0.00000 0.00000 0.00000 0.00000 0.00000 0.00000 0.00000 0.00000 0.00000 0.00000 0.00000 0.00000 0.00000 0.00000 0.00000 0.00000 0.00000 0.00000 0.00000 0.00000 0.00000 0.00000 0.00000 0.00000 0.00000 0.00000 0.00000 0.00000 0.00000 0.00000 0.00000 0.00000 0.00000 0.00000 0.00000 0.00000 0.00000 0.00000
0.03559 0.03301 0.03421 0.03264 0.02846 0.02909 0.03192 0.03112 0.02597 0.02805 0.03077 0.02990 0.02660 0.02808 0.02977 0.02831 0.02379 0.02172 0.02018 0.01691 0.01353 0.01011 0.00799 0.00520 0.00156 0.00000 0.00000 0.00000 0.00000 0.00000 0.00000 0.00000 0.00000 0.00000 0.00000 0.00000 0.00000 0.00000 0.00000 0.00000 0.00000 0.00000 0.00000 0.00000 0.00000 0.00000 0.00000 0.00000 0.00000 0.00000 0.00000 0.00000 0.00000 0.00000 0.00000 0.00000 0.00000 0.00000 0.00000 0.00000 0.00000 0.00000 0.00000 0.00000 0.00000 0.00000 0.00000 0.00000 0.00000 0.00000
0.02800 0.02917 0.03118 0.02945 0.02761 0.02760 0.03033 0.02769 0.02660 0.02755 0.03128 0.02879 0.02551 0.02790 0.03186 0.02964 0.02211 0.02051 0.02014 0.01863 0.01379 0.01012 0.00758 0.00528 0.00161 0.00000 0.00000 0.00000 0.00000 0.00000 0.00000 0.00000 0.00000 0.00000 0.00000 0.00000 0.00000 0.00000 0.00000 0.00000 0.00000 0.00000 0.00000 0.00000 0.00000 0.00000 0.00000 0.00000 0.00000 0.00000 0.00000 0.00000 0.00000 0.00000 0.00000 0.00000 0.00000 0.00000 0.00000 0.00000 0.00000 0.00000 0.00000 0.00000 0.00000 0.00000 0.00000 0.00000 0.00000 0.00000
0.02414 0.02578 0.02250 0.02280 0.02506 0.02612 0.02146 0.02270 0.02613 0.02723 0.02358 0.02427 0.02747 0.02822 0.02652 0.02515 0.02471 0.02190 0.01805 0.01521 0.01380 0.01105 0.00729 0.00408 0.00155 0.00000 0.00000 0.00000 0.00000 0.00000 0.00000 0.00000 0.00000 0.00000 0.00000 0.00000 0.00000 0.00000 0.00000 0.00000 0.00000 0.00000 0.00000 0.00000 0.00000 0.00000 0.00000 0.00000 0.00000 0.00000 0.00000 0.00000 0.00000 0.00000 0.00000 0.00000 0.00000 0.00000 0.00000 0.00000 0.00000 0.00000 0.00000 0.00000 0.00000 0.00000 0.00000 0.00000 0.00000 0.00000
0.02687 0.02298 0.02117 0.02158 0.02290 0.01997 0.01942 0.02117 0.02517 0.02268 0.02046 0.02316 0.02686 0.02661 0.02217 0.02357 0.02384 0.02196 0.01732 0.01345 0.01242 0.01132 0.00712 0.00409 0.00146 0.00000 0.00000 0.00000 0.00000 0.00000 0.00000 0.00000 0.00000 0.00000 0.00000 0.00000 0.00000 0.00000 0.00000 0.00000 0.00000 0.00000 0.00000 0.00000 0.00000 0.00000 0.00000 0.00000 0.00000 0.00000 0.00000 0.00000 0.00000 0.00000 0.00000 0.00000 0.00000 0.00000 0.00000 0.00000 0.00000 0.00000 0.00000 0.00000 0.00000 0.00000 0.00000 0.00000 0.00000 0.00000
0.01695 0.01919 0.01852 0.01840 0.01471 0.01575 0.01843 0.01992 0.01740 0.01861 0.02199 0.02301 0.02191 0.02191 0.02552 0.02485 0.02089 0.01841 0.01749 0.01493 0.01114 0.00855 0.00719 0.00449 0.00129 0.00000 0.00000 0.00000 0.00000 0.00000 0.00000 0.00000 0.00000 0.00000 0.00000 0.00000 0.00000 0.00000 0.00000 0.00000 0.00000 0.00000 0.00000 0.00000 0.00000 0.00000 0.00000 0.00000 0.00000 0.00000 0.00000 0.00000 0.00000 0.00000 0.00000 0.00000 0.00000 0.00000 0.00000 0.00000 0.00000 0.00000 0.00000 0.00000 0.00000 0.00000 0.00000 0.00000 0.00000 0.00000
0.01878 0.01815 0.01800 0.01404 0.01209 0.01380 0.01707 0.01565 0.01429 0.01728 0.02103 0.02071 0.01733 0.02079 0.02457 0.02457 0.01912 0.01588 0.01606 0.01545 0.01128 0.00800 0.00636 0.00434 0.00126 0.00000 0.00000 0.00000 0.00000 0.00000 0.00000 0.00000 0.00000 0.00000 0.00000 0.00000 0.00000 0.00000 0.00000 0.00000 0.00000 0.00000 0.00000 0.00000 0.00000 0.00000 0.00000 0.00000 0.00000 0.00000 0.00000 0.00000 0.00000 0.00000 0.00000 0.00000 0.00000 0.00000 0.00000 0.00000 0.00000 0.00000 0.00000 0.00000 0.00000 0.00000 0.00000 0.00000 0.00000 0.00000
0.01356 0.01316 0.01113 0.01200 0.01107 0.01094 0.01056 0.01313 0.01526 0.01625 0.01585 0.01706 0.02027 0.02126 0.02165 0.02073 0.02019 0.01789 0.01402 0.01205 0.01136 0.00890 0.00543 0.00321 0.00134 0.00000 0.00000 0.00000 0.00000 0.00000 0.00000 0.00000 0.00000 0.00000 0.00000 0.00000 0.00000 0.00000 0.00000 0.00000 0.00000 0.00000 0.00000 0.00000 0.00000 0.00000 0.00000 0.00000 0.00000 0.00000 0.00000 0.00000 0.00000 0.00000 0.00000 0.00000 0.00000 0.00000 0.00000 0.00000 0.00000 0.00000 0.00000 0.00000 0.00000 0.00000 0.00000 0.00000 0.00000 0.00000
0.01311 0.01092 0.00990 0.00993 0.00920 0.00792 0.00796 0.01079 0.01362 0.01411 0.01163 0.01539 0.01897 0.02066 0.01831 0.01837 0.01953 0.01815 0.01432 0.01052 0.00996 0.00914 0.00566 0.00310 0.00121 0.00000 0.00000 0.00000 0.00000 0.00000 0.00000 0.00000 0.00000 0.00000 0.00000 0.00000 0.00000 0.00000 0.00000 0.00000 0.00000 0.00000 0.00000 0.00000 0.00000 0.00000 0.00000 0.00000 0.00000 0.00000 0.00000 0.00000 0.00000 0.00000 0.00000 0.00000 0.00000 0.00000 0.00000 0.00000 0.00000 0.00000 0.00000 0.00000 0.00000 0.00000 0.00000 0.00000 0.00000 0.00000
0.01005 0.00985 0.00820 0.00682 0.00501 0.00610 0.00778 0.00877 0.00941 0.01216 0.01430 0.01523 0.01611 0.01784 0.02039 0.02007 0.01690 0.01551 0.01427 0.01209 0.00833 0.00694 0.00604 0.00351 0.00098 0.00000 0.00000 0.00000 0.00000 0.00000 0.00000 0.00000 0.00000 0.00000 0.00000 0.00000 0.00000 0.00000 0.00000 0.00000 0.00000 0.00000 0.00000 0.00000 0.00000 0.00000 0.00000 0.00000 0.00000 0.00000 0.00000 0.00000 0.00000 0.00000 0.00000 0.00000 0.00000 0.00000 0.00000 0.00000 0.00000 0.00000 0.00000 0.00000 0.00000 0.00000 0.00000 0.00000 0.00000 0.00000
0.00865 0.00847 0.00694 0.00469 0.00294 0.00377 0.00590 0.00717 0.00608 0.00977 0.01314 0.01473 0.01202 0.01515 0.02097 0.02096 0.01604 0.01280 0.01358 0.01286 0.00921 0.00610 0.00520 0.00346 0.00095 0.00000 0.00000 0.00000 0.00000 0.00000 0.00000 0.00000 0.00000 0.00000 0.00000 0.00000 0.00000 0.00000 0.00000 0.00000 0.00000 0.00000 0.00000 0.00000 0.00000 0.00000 0.00000 0.00000 0.00000 0.00000 0.00000 0.00000 0.00000 0.00000 0.00000 0.00000 0.00000 0.00000 0.00000 0.00000 0.00000 0.00000 0.00000 0.00000 0.00000 0.00000 0.00000 0.00000 0.00000 0.00000
0.00632 0.00579 0.00427 0.00359 0.00176 0.00172 0.00324 0.00586 0.00766 0.00884 0.01056 0.01311 0.01488 0.01605 0.01823 0.01907 0.01672 0.01428 0.01133 0.01114 0.00970 0.00690 0.00421 0.00297 0.00112 0.00000 0.00000 0.00000 0.00000 0.00000 0.00000 0.00000 0.00000 0.00000 0.00000 0.00000 0.00000 0.00000 0.00000 0.00000 0.00000 0.00000 0.00000 0.00000 0.00000 0.00000 0.00000 0.00000 0.00000 0.00000 0.00000 0.00000 0.00000 0.00000 0.00000 0.00000 0.00000 0.00000 0.00000 0.00000 0.00000 0.00000 0.00000 0.00000 0.00000 0.00000 0.00000 0.00000 0.00000 0.00000
0.00550 0.00476 0.00344 0.00335 0.00174 0.00165 0.00249 0.00517 0.00772 0.00919 0.00797 0.01142 0.01664 0.01741 0.01497 0.01629 0.01812 0.01597 0.01196 0.00886 0.00878 0.00738 0.00441 0.00229 0.00099 0.00000 0.00000 0.00000 0.00000 0.00000 0.00000 0.00000 0.00000 0.00000 0.00000 0.00000 0.00000 0.00000 0.00000 0.00000 0.00000 0.00000 0.00000 0.00000 0.00000 0.00000 0.00000 0.00000 0.00000 0.00000 0.00000 0.00000 0.00000 0.00000 0.00000 0.00000 0.00000 0.00000 0.00000 0.00000 0.00000 0.00000 0.00000 0.00000 0.00000 0.00000 0.00000 0.00000 0.00000 0.00000
0.00548 0.00594 0.00466 0.00413 0.00289 0.00355 0.00489 0.00616 0.00833 0.01039 0.01127 0.01182 0.01548 0.01742 0.01695 0.01586 0.01592 0.01554 0.01240 0.00926 0.00711 0.00734 0.00505 0.00248 0.00074 0.00000 0.00000 0.00000 0.00000 0.00000 0.00000 0.00000 0.00000 0.00000 0.00000 0.00000 0.00000 0.00000 0.00000 0.00000 0.00000 0.00000 0.00000 0.00000 0.00000 0.00000 0.00000 0.00000 0.00000 0.00000 0.00000 0.00000 0.00000 0.00000 0.00000 0.00000 0.00000 0.00000 0.00000 0.00000 0.00000 0.00000 0.00000 0.00000 0.00000 0.00000 0.00000 0.00000 0.00000 0.00000
0.00418 0.00640 0.00543 0.00474 0.00319 0.00497 0.00689 0.00753 0.00782 0.01073 0.01484 0.01399 0.01155 0.01612 0.02129 0.01844 0.01374 0.01371 0.01333 0.01025 0.00747 0.00569 0.00460 0.00262 0.00067 0.00000 0.00000 0.00000 0.00000 0.00000 0.00000 0.00000 0.00000 0.00000 0.00000 0.00000 0.00000 0.00000 0.00000 0.00000 0.00000 0.00000 0.00000 0.00000 0.00000 0.00000 0.00000 0.00000 0.00000 0.00000 0.00000 0.00000 0.00000 0.00000 0.00000 0.00000 0.00000 0.00000 0.00000 0.00000 0.00000 0.00000 0.00000 0.00000 0.00000 0.00000 0.00000 0.00000 0.00000 0.00000
0.00410 0.00635 0.00567 0.00618 0.00504 0.00596 0.00801 0.00945 0.00983 0.01093 0.01527 0.01544 0.01256 0.01520 0.02129 0.01947 0.01380 0.01285 0.01211 0.01099 0.00809 0.00550 0.00377 0.00281 0.00072 0.00000 0.00000 0.00000 0.00000 0.00000 0.00000 0.00000 0.00000 0.00000 0.00000 0.00000 0.00000 0.00000 0.00000 0.00000 0.00000 0.00000 0.00000 0.00000 0.00000 0.00000 0.00000 0.00000 0.00000 0.00000 0.00000 0.00000 0.00000 0.00000 0.00000 0.00000 0.00000 0.00000 0.00000 0.00000 0.00000 0.00000 0.00000 0.00000 0.00000 0.00000 0.00000 0.00000 0.00000 0.00000
0.00368 0.00555 0.00474 0.00709 0.00631 0.00698 0.00835 0.01087 0.01331 0.01237 0.01418 0.01634 0.01793 0.01611 0.01785 0.02053 0.01764 0.01332 0.01146 0.01113 0.00859 0.00533 0.00334 0.00243 0.00064 0.00000 0.00000 0.00000 0.00000 0.00000 0.00000 0.00000 0.00000 0.00000 0.00000 0.00000 0.00000 0.00000 0.00000 0.00000 0.00000 0.00000 0.00000 0.00000 0.00000 0.00000 0.00000 0.00000 0.00000 0.00000 0.00000 0.00000 0.00000 0.00000 0.00000 0.00000 0.00000 0.00000 0.00000 0.00000 0.00000 0.00000 0.00000 0.00000 0.00000 0.00000 0.00000 0.00000 0.00000 0.00000
