0.17433 0.17973 0.18950 0.19093 0.20199 0.19973 0.18240 0.17573 0.16025 0.15513 0.13657 0.13308 0.11704 0.11287 0.09763 0.09742 0.09216 0.09410 0.08912 0.09067 0.08710 0.08696 0.08420 0.08358 0.08194 0.07667 0.06712 0.05853 0.04942 0.04141 0.03256 0.02517 0.01755 0.01012 0.00332 0.00321 0.00932 0.01501 0.02027 0.02513 0.02955 0.03355 0.03742 0.04024 0.04379 0.04468 0.04781 0.04659 0.04912 0.04714 0.04990 0.04635 0.04833 0.04447 0.04665 0.03834 0.03364 0.02491 0.02163 0.01470 0.01068 0.00721 0.00437 0.00208 0.00037 0.00042 0.00058 0.00164 0.00121 0.00147
0.17343 0.18196 0.18912 0.19803 0.20056 0.19770 0.18581 0.18354 0.16777 0.16245 0.14838 0.14674 0.13210 0.12775 0.11586 0.11563 0.11035 0.11064 0.10680 0.10740 0.10386 0.10251 0.10030 0.09887 0.09707 0.09005 0.07947 0.06879 0.05833 0.04836 0.03845 0.02928 0.02045 0.01196 0.00386 0.00375 0.01091 0.01758 0.02377 0.02948 0.03466 0.03937 0.04360 0.04786 0.05094 0.05202 0.05320 0.05246 0.05282 0.05027 0.05149 0.04914 0.04882 0.04480 0.04566 0.03933 0.03293 0.02492 0.02111 0.01477 0.01111 0.00732 0.00480 0.00209 0.00054 0.00047 0.00123 0.00143 0.00105 0.00085
0.18691 0.19042 0.19860 0.20320 0.20062 0.19815 0.19081 0.18995 0.17402 0.17070 0.16044 0.15956 0.14591 0.14326 0.13419 0.13356 0.12734 0.12775 0.12431 0.12400 0.11964 0.11840 0.11604 0.11413 0.11146 0.10404 0.09170 0.07927 0.06716 0.05588 0.04427 0.03383 0.02361 0.01371 0.00448 0.00432 0.01257 0.02029 0.02741 0.03399 0.04005 0.04536 0.05040 0.05498 0.05936 0.05936 0.05910 0.05775 0.05757 0.05360 0.05344 0.05100 0.05052 0.04532 0.04479 0.03915 0.03354 0.02477 0.02001 0.01458 0.01184 0.00742 0.00415 0.00203 0.00061 0.00047 0.00109 0.00070 0.00053 0.00140
0.19363 0.20000 0.19942 0.20100 0.20084 0.20504 0.19580 0.19097 0.18174 0.18284 0.17253 0.16964 0.16094 0.16078 0.15241 0.15001 0.14594 0.14600 0.14207 0.13971 0.13672 0.13480 0.13209 0.12879 0.12673 0.11798 0.10374 0.08966 0.07579 0.06292 0.05016 0.03800 0.02636 0.01551 0.00500 0.00486 0.01415 0.02280 0.03082 0.03819 0.04498 0.05137 0.05656 0.06162 0.06634 0.06751 0.06466 0.06201 0.06106 0.05819 0.05533 0.05173 0.05108 0.04757 0.04420 0.03809 0.03310 0.02587 0.01964 0.01452 0.01192 0.00752 0.00443 0.00214 0.00075 0.00051 0.00103 0.00085 0.00192 0.00141
0.20976 0.20964 0.20567 0.20409 0.20517 0.20868 0.19838 0.19547 0.19082 0.19324 0.18369 0.18167 0.17682 0.17699 0.16950 0.16776 0.16434 0.16354 0.15844 0.15638 0.15324 0.15093 0.14704 0.14429 0.14164 0.13202 0.11527 0.09983 0.08517 0.07018 0.05604 0.04251 0.02962 0.01719 0.00561 0.00544 0.01580 0.02549 0.03443 0.04264 0.05018 0.05717 0.06374 0.06857 0.07348 0.07473 0.07190 0.06714 0.06422 0.06148 0.05884 0.05358 0.05069 0.04790 0.04542 0.03807 0.03123 0.02533 0.02080 0.01478 0.01039 0.00691 0.00504 0.00230 0.00059 0.00035 0.00083 0.00117 0.00159 0.00107
0.20523 0.20604 0.20679 0.21064 0.20849 0.20368 0.19889 0.19937 0.19322 0.18997 0.18439 0.18440 0.17789 0.17511 0.17050 0.16937 0.16523 0.16244 0.15957 0.15725 0.15403 0.15034 0.14783 0.14461 0.14206 0.13103 0.11546 0.10062 0.08461 0.07020 0.05567 0.04230 0.02935 0.01718 0.00556 0.00539 0.01571 0.02529 0.03420 0.04243 0.04985 0.05666 0.06298 0.06891 0.07280 0.07374 0.07122 0.06779 0.06368 0.06042 0.05838 0.05444 0.05026 0.04693 0.04517 0.03906 0.03094 0.02493 0.02072 0.01533 0.01050 0.00699 0.00509 0.00260 0.00066 0.00045 0.00154 0.00207 0.00225 0.00117
0.19648 0.19918 0.20493 0.20984 0.20535 0.20210 0.19722 0.19690 0.18677 0.18049 0.17529 0.17296 0.16486 0.15960 0.15421 0.15208 0.14796 0.14550 0.14297 0.14112 0.13744 0.13492 0.13217 0.12986 0.12653 0.11792 0.10363 0.08931 0.07633 0.06244 0.05002 0.03780 0.02632 0.01536 0.00498 0.00484 0.01403 0.02263 0.03059 0.03792 0.04463 0.05059 0.05610 0.06111 0.06611 0.06627 0.06397 0.06226 0.06037 0.05717 0.05409 0.05205 0.05004 0.04647 0.04277 0.03824 0.03224 0.02533 0.01898 0.01445 0.01148 0.00748 0.00421 0.00194 0.00071 0.00054 0.00126 0.00079 0.00052 0.00000
0.19220 0.19855 0.20238 0.20186 0.20522 0.20533 0.19835 0.18811 0.17968 0.17474 0.16541 0.15852 0.15114 0.14555 0.13740 0.13306 0.13113 0.12921 0.12651 0.12395 0.12209 0.11946 0.11717 0.11400 0.11216 0.10414 0.09132 0.07941 0.06657 0.05530 0.04392 0.03330 0.02311 0.01351 0.00439 0.00424 0.01234 0.01988 0.02687 0.03331 0.03915 0.04449 0.04922 0.05405 0.05761 0.05882 0.05764 0.05680 0.05574 0.05343 0.05158 0.05003 0.04858 0.04551 0.04281 0.03853 0.03211 0.02523 0.01930 0.01488 0.01138 0.00774 0.00466 0.00216 0.00073 0.00071 0.00179 0.00115 0.00149 0.00131
0.18321 0.18873 0.19282 0.19852 0.20530 0.20572 0.19316 0.18136 0.17396 0.16676 0.15568 0.14577 0.13763 0.13043 0.12089 0.11537 0.11367 0.11244 0.10963 0.10761 0.10571 0.10403 0.10120 0.09925 0.09719 0.09053 0.07927 0.06822 0.05816 0.04761 0.03814 0.02891 0.02009 0.01173 0.00379 0.00368 0.01070 0.01723 0.02328 0.02884 0.03394 0.03850 0.04297 0.04669 0.04981 0.05123 0.05178 0.05168 0.05052 0.04980 0.04945 0.04840 0.04579 0.04423 0.04347 0.03890 0.03055 0.02444 0.02026 0.01536 0.01027 0.00682 0.00499 0.00250 0.00063 0.00042 0.00116 0.00160 0.00215 0.00173
0.17450 0.18178 0.19079 0.20000 0.20836 0.20227 0.18816 0.18030 0.16805 0.15598 0.14466 0.13532 0.12359 0.11345 0.10378 0.09840 0.09613 0.09453 0.09332 0.09150 0.08968 0.08758 0.08628 0.08408 0.08246 0.07668 0.06697 0.05807 0.04887 0.04051 0.03222 0.02444 0.01701 0.00990 0.00321 0.00311 0.00903 0.01454 0.01965 0.02435 0.02867 0.03281 0.03613 0.03924 0.04219 0.04437 0.04515 0.04565 0.04653 0.04699 0.04658 0.04537 0.04516 0.04463 0.04303 0.03764 0.03132 0.02569 0.02005 0.01468 0.01114 0.00755 0.00482 0.00267 0.00082 0.00046 0.00129 0.00266 0.00368 0.00353
0.16240 0.17410 0.18614 0.19476 0.20355 0.20023 0.18828 0.17509 0.16072 0.14626 0.13493 0.12332 0.11025 0.09767 0.08657 0.08085 0.07900 0.07738 0.07629 0.07520 0.07322 0.07191 0.07041 0.06925 0.06749 0.06264 0.05515 0.04733 0.04027 0.03308 0.02643 0.02006 0.01391 0.00812 0.00263 0.00255 0.00739 0.01190 0.01608 0.01992 0.02349 0.02677 0.02976 0.03214 0.03453 0.03696 0.03891 0.04051 0.04222 0.04363 0.04355 0.04347 0.04387 0.04406 0.04205 0.03741 0.03162 0.02593 0.01936 0.01449 0.01141 0.00791 0.00441 0.00225 0.00075 0.00063 0.00166 0.00218 0.00223 0.00240
0.15845 0.17182 0.18473 0.19231 0.20251 0.20263 0.18645 0.16914 0.15244 0.13978 0.12436 0.10976 0.09587 0.08295 0.06928 0.06236 0.06160 0.06056 0.05929 0.05825 0.05746 0.05604 0.05500 0.05346 0.05270 0.04924 0.04264 0.03696 0.03124 0.02584 0.02060 0.01559 0.01084 0.00632 0.00204 0.00198 0.00574 0.00925 0.01251 0.01553 0.01824 0.02077 0.02316 0.02531 0.02683 0.02927 0.03288 0.03592 0.03791 0.03941 0.04144 0.04269 0.04264 0.04208 0.04284 0.03914 0.03158 0.02459 0.02061 0.01564 0.01123 0.00734 0.00538 0.00249 0.00069 0.00069 0.00212 0.00197 0.00212 0.00348
0.14460 0.15840 0.17400 0.18957 0.20367 0.20006 0.18178 0.16341 0.14771 0.13082 0.11382 0.09700 0.08216 0.06744 0.05235 0.04449 0.04394 0.04346 0.04242 0.04158 0.04100 0.04036 0.03912 0.03846 0.03762 0.03498 0.03077 0.02635 0.02240 0.01847 0.01472 0.01115 0.00775 0.00451 0.00146 0.00141 0.00411 0.00662 0.00894 0.01109 0.01306 0.01484 0.01659 0.01807 0.01921 0.02209 0.02661 0.03067 0.03374 0.03623 0.03865 0.04079 0.04145 0.04165 0.04229 0.03928 0.03145 0.02525 0.02030 0.01586 0.01089 0.00778 0.00516 0.00271 0.00073 0.00071 0.00171 0.00236 0.00355 0.00473
0.13625 0.15327 0.17098 0.18833 0.20459 0.19936 0.17801 0.16051 0.14098 0.12128 0.10248 0.08575 0.06815 0.05118 0.03498 0.02691 0.02630 0.02589 0.02560 0.02510 0.02464 0.02411 0.02374 0.02300 0.02263 0.02116 0.01837 0.01591 0.01346 0.01110 0.00885 0.00670 0.00465 0.00271 0.00088 0.00085 0.00247 0.00398 0.00537 0.00666 0.00785 0.00899 0.00994 0.01077 0.01160 0.01500 0.02041 0.02516 0.02974 0.03354 0.03618 0.03827 0.04091 0.04233 0.04235 0.03816 0.03311 0.02639 0.02043 0.01474 0.01264 0.00829 0.00496 0.00252 0.00094 0.00070 0.00157 0.00302 0.00448 0.00512
0.12570 0.14601 0.16540 0.18237 0.20041 0.19893 0.17748 0.15492 0.13320 0.11218 0.09286 0.07339 0.05411 0.03540 0.01773 0.00900 0.00882 0.00862 0.00851 0.00842 0.00821 0.00806 0.00790 0.00776 0.00756 0.00701 0.00617 0.00531 0.00450 0.00371 0.00296 0.00224 0.00155 0.00091 0.00029 0.00028 0.00082 0.00133 0.00179 0.00222 0.00262 0.00299 0.00332 0.00360 0.00387 0.00761 0.01423 0.02008 0.02538 0.03012 0.03386 0.03665 0.03937 0.04169 0.04264 0.03906 0.03237 0.02660 0.02028 0.01639 0.01193 0.00835 0.00490 0.00303 0.00086 0.00068 0.00202 0.00373 0.00460 0.00624
0.11732 0.13712 0.15667 0.17283 0.19059 0.18979 0.16778 0.14451 0.12272 0.10338 0.08336 0.06344 0.04445 0.02644 0.00865 0.00045 0.00132 0.00217 0.00298 0.00378 0.00455 0.00525 0.00596 0.00658 0.00722 0.00745 0.00725 0.00710 0.00693 0.00676 0.00658 0.00641 0.00623 0.00605 0.00587 0.00540 0.00468 0.00399 0.00334 0.00273 0.00215 0.00161 0.00111 0.00064 0.00020 0.00369 0.01061 0.01686 0.02219 0.02682 0.03125 0.03477 0.03707 0.03889 0.04164 0.03838 0.03101 0.02439 0.02157 0.01591 0.01124 0.00732 0.00582 0.00298 0.00075 0.00073 0.00241 0.00404 0.00529 0.00730
0.10203 0.11925 0.13765 0.15632 0.17224 0.16885 0.14841 0.12952 0.11119 0.09246 0.07425 0.05670 0.04000 0.02371 0.00777 0.00134 0.00396 0.00653 0.00895 0.01129 0.01366 0.01586 0.01780 0.01983 0.02171 0.02233 0.02185 0.02133 0.02082 0.02030 0.01977 0.01924 0.01871 0.01818 0.01764 0.01624 0.01407 0.01200 0.01005 0.00820 0.00646 0.00484 0.00334 0.00193 0.00062 0.00332 0.00950 0.01513 0.02005 0.02414 0.02793 0.03120 0.03373 0.03509 0.03697 0.03445 0.02809 0.02317 0.01844 0.01409 0.00994 0.00796 0.00488 0.00239 0.00070 0.00077 0.00198 0.00262 0.00405 0.00636
0.09097 0.10660 0.12268 0.13846 0.15300 0.14902 0.13092 0.11487 0.09839 0.08137 0.06524 0.05034 0.03548 0.02084 0.00681 0.00224 0.00659 0.01082 0.01497 0.01891 0.02274 0.02640 0.02991 0.03305 0.03621 0.03736 0.03650 0.03565 0.03479 0.03392 0.03304 0.03216 0.03128 0.03039 0.02949 0.02716 0.02353 0.02008 0.01681 0.01372 0.01081 0.00810 0.00557 0.00321 0.00103 0.00296 0.00844 0.01334 0.01781 0.02172 0.02485 0.02749 0.03008 0.03213 0.03286 0.03007 0.02583 0.02123 0.01607 0.01195 0.01009 0.00719 0.00419 0.00216 0.00079 0.00081 0.00196 0.00328 0.00486 0.00745
0.07911 0.09334 0.10655 0.11844 0.13056 0.12993 0.11495 0.09948 0.08448 0.07061 0.05707 0.04371 0.03065 0.01804 0.00590 0.00314 0.00935 0.01520 0.02088 0.02655 0.03194 0.03702 0.04192 0.04653 0.05087 0.05237 0.05121 0.05001 0.04880 0.04759 0.04636 0.04513 0.04389 0.04264 0.04138 0.03812 0.03303 0.02819 0.02360 0.01926 0.01518 0.01138 0.00782 0.00451 0.00145 0.00258 0.00738 0.01161 0.01545 0.01892 0.02187 0.02388 0.02629 0.02793 0.02896 0.02617 0.02268 0.01819 0.01410 0.01143 0.00870 0.00562 0.00354 0.00218 0.00067 0.00050 0.00150 0.00272 0.00361 0.00441
0.06813 0.07977 0.09108 0.10055 0.11077 0.11018 0.09759 0.08409 0.07139 0.05993 0.04848 0.03690 0.02584 0.01529 0.00504 0.00407 0.01189 0.01964 0.02721 0.03417 0.04097 0.04758 0.05397 0.05992 0.06557 0.06751 0.06599 0.06445 0.06290 0.06134 0.05977 0.05819 0.05660 0.05499 0.05339 0.04918 0.04262 0.03639 0.03047 0.02488 0.01961 0.01468 0.01009 0.00582 0.00187 0.00219 0.00627 0.00996 0.01320 0.01602 0.01855 0.02090 0.02248 0.02350 0.02459 0.02380 0.01920 0.01514 0.01259 0.01028 0.00723 0.00481 0.00341 0.00214 0.00058 0.00051 0.00172 0.00344 0.00449 0.00658
0.05453 0.06384 0.07339 0.08318 0.09182 0.08991 0.07880 0.06898 0.05908 0.04910 0.03940 0.03023 0.02123 0.01258 0.00413 0.00493 0.01465 0.02404 0.03311 0.04191 0.05016 0.05811 0.06597 0.07328 0.08024 0.08262 0.08077 0.07889 0.07701 0.07511 0.07319 0.07127 0.06933 0.06738 0.06542 0.06028 0.05225 0.04462 0.03737 0.03052 0.02407 0.01801 0.01236 0.00715 0.00229 0.00179 0.00513 0.00821 0.01093 0.01312 0.01537 0.01727 0.01855 0.01921 0.02102 0.01945 0.01574 0.01282 0.01091 0.00802 0.00580 0.00436 0.00304 0.00142 0.00043 0.00045 0.00128 0.00189 0.00265 0.00335
0.04277 0.05004 0.05741 0.06482 0.07172 0.06994 0.06131 0.05369 0.04609 0.03817 0.03058 0.02354 0.01663 0.00978 0.00320 0.00587 0.01728 0.02842 0.03923 0.04940 0.05944 0.06899 0.07814 0.08679 0.09503 0.09787 0.09570 0.09348 0.09126 0.08902 0.08676 0.08448 0.08220 0.07991 0.07759 0.07151 0.06200 0.05295 0.04436 0.03624 0.02859 0.02140 0.01469 0.00846 0.00271 0.00140 0.00403 0.00639 0.00850 0.01047 0.01216 0.01327 0.01444 0.01593 0.01657 0.01486 0.01241 0.01080 0.00849 0.00623 0.00480 0.00376 0.00238 0.00121 0.00040 0.00045 0.00129 0.00214 0.00289 0.00418
0.03077 0.03617 0.04128 0.04589 0.05040 0.05016 0.04439 0.03840 0.03256 0.02730 0.02204 0.01687 0.01183 0.00699 0.00229 0.00678 0.02012 0.03290 0.04519 0.05719 0.06883 0.07980 0.09040 0.10035 0.10987 0.11314 0.11065 0.10810 0.10553 0.10295 0.10036 0.09774 0.09511 0.09246 0.08980 0.08278 0.07179 0.06132 0.05139 0.04199 0.03313 0.02481 0.01704 0.00981 0.00313 0.00101 0.00289 0.00456 0.00614 0.00760 0.00866 0.00952 0.01077 0.01145 0.01166 0.01078 0.00959 0.00764 0.00590 0.00471 0.00380 0.00252 0.00158 0.00093 0.00031 0.00027 0.00075 0.00115 0.00157 0.00224
0.01864 0.02183 0.02491 0.02752 0.03025 0.03008 0.02669 0.02305 0.01953 0.01637 0.01328 0.01013 0.00709 0.00420 0.00138 0.00774 0.02276 0.03732 0.05150 0.06489 0.07800 0.09054 0.10261 0.11394 0.12477 0.12850 0.12568 0.12282 0.11991 0.11698 0.11406 0.11111 0.10813 0.10514 0.10215 0.09417 0.08168 0.06979 0.05850 0.04782 0.03774 0.02827 0.01942 0.01119 0.00358 0.00060 0.00173 0.00278 0.00376 0.00448 0.00521 0.00599 0.00656 0.00673 0.00706 0.00692 0.00577 0.00456 0.00365 0.00301 0.00228 0.00157 0.00102 0.00063 0.00020 0.00018 0.00053 0.00100 0.00143 0.00202
0.00613 0.00720 0.00820 0.00926 0.01024 0.01001 0.00877 0.00769 0.00659 0.00547 0.00439 0.00338 0.00238 0.00140 0.00046 0.00863 0.02546 0.04176 0.05754 0.07266 0.08719 0.10119 0.11480 0.12750 0.13965 0.14387 0.14072 0.13751 0.13430 0.13106 0.12778 0.12449 0.12119 0.11787 0.11453 0.10560 0.09162 0.07831 0.06565 0.05367 0.04237 0.03176 0.02182 0.01258 0.00402 0.00020 0.00058 0.00094 0.00124 0.00151 0.00180 0.00201 0.00215 0.00228 0.00251 0.00231 0.00189 0.00156 0.00132 0.00100 0.00075 0.00054 0.00038 0.00020 0.00006 0.00006 0.00017 0.00030 0.00039 0.00049
0.00000 0.00000 0.00000 0.00000 0.00000 0.00000 0.00000 0.00000 0.00000 0.00000 0.00000 0.00000 0.00000 0.00000 0.00000 0.00865 0.02548 0.04175 0.05757 0.07277 0.08745 0.10137 0.11502 0.12776 0.13994 0.14457 0.14218 0.13966 0.13714 0.13455 0.13186 0.12913 0.12639 0.12357 0.12067 0.11158 0.09684 0.08278 0.06942 0.05677 0.04483 0.03361 0.02310 0.01332 0.00426 0.00000 0.00000 0.00000 0.00000 0.00000 0.00000 0.00000 0.00000 0.00000 0.00000 0.00000 0.00000 0.00000 0.00000 0.00000 0.00000 0.00000 0.00000 0.00000 0.00000 0.00000 0.00000 0.00000 0.00000 0.00000
0.00000 0.00000 0.00000 0.00000 0.00000 0.00000 0.00000 0.00000 0.00000 0.00000 0.00000 0.00000 0.00000 0.00000 0.00000 0.00775 0.02287 0.03745 0.05158 0.06520 0.07843 0.09091 0.10307 0.11451 0.12549 0.13040 0.12983 0.12910 0.12824 0.12723 0.12613 0.12492 0.12356 0.12207 0.12048 0.11200 0.09721 0.08311 0.06972 0.05704 0.04505 0.03378 0.02323 0.01340 0.00428 0.00000 0.00000 0.00000 0.00000 0.00000 0.00000 0.00000 0.00000 0.00000 0.00000 0.00000 0.00000 0.00000 0.00000 0.00000 0.00000 0.00000 0.00000 0.00000 0.00000 0.00000 0.00000 0.00000 0.00000 0.00000
0.00000 0.00000 0.00000 0.00000 0.00000 0.00000 0.00000 0.00000 0.00000 0.00000 0.00000 0.00000 0.00000 0.00000 0.00000 0.00684 0.02019 0.03312 0.04563 0.05757 0.06925 0.08037 0.09108 0.10121 0.11095 0.11620 0.11744 0.11849 0.11930 0.11991 0.12040 0.12067 0.12072 0.12060 0.12032 0.11242 0.09759 0.08347 0.07004 0.05730 0.04528 0.03397 0.02336 0.01348 0.00431 0.00000 0.00000 0.00000 0.00000 0.00000 0.00000 0.00000 0.00000 0.00000 0.00000 0.00000 0.00000 0.00000 0.00000 0.00000 0.00000 0.00000 0.00000 0.00000 0.00000 0.00000 0.00000 0.00000 0.00000 0.00000
0.00000 0.00000 0.00000 0.00000 0.00000 0.00000 0.00000 0.00000 0.00000 0.00000 0.00000 0.00000 0.00000 0.00000 0.00000 0.00593 0.01751 0.02872 0.03959 0.04998 0.06002 0.06970 0.07911 0.08786 0.09627 0.10193 0.10501 0.10776 0.11029 0.11259 0.11461 0.11635 0.11786 0.11913 0.12011 0.11282 0.09797 0.08382 0.07034 0.05757 0.04551 0.03415 0.02350 0.01356 0.00434 0.00000 0.00000 0.00000 0.00000 0.00000 0.00000 0.00000 0.00000 0.00000 0.00000 0.00000 0.00000 0.00000 0.00000 0.00000 0.00000 0.00000 0.00000 0.00000 0.00000 0.00000 0.00000 0.00000 0.00000 0.00000
0.00000 0.00000 0.00000 0.00000 0.00000 0.00000 0.00000 0.00000 0.00000 0.00000 0.00000 0.00000 0.00000 0.00000 0.00000 0.00503 0.01484 0.02430 0.03352 0.04238 0.05090 0.05903 0.06705 0.07449 0.08162 0.08761 0.09252 0.09702 0.10127 0.10522 0.10878 0.11204 0.11502 0.11764 0.11992 0.11325 0.09837 0.08417 0.07066 0.05785 0.04574 0.03433 0.02363 0.01364 0.00437 0.00000 0.00000 0.00000 0.00000 0.00000 0.00000 0.00000 0.00000 0.00000 0.00000 0.00000 0.00000 0.00000 0.00000 0.00000 0.00000 0.00000 0.00000 0.00000 0.00000 0.00000 0.00000 0.00000 0.00000 0.00000
0.00000 0.00000 0.00000 0.00000 0.00000 0.00000 0.00000 0.00000 0.00000 0.00000 0.00000 0.00000 0.00000 0.00000 0.00000 0.00412 0.01216 0.01993 0.02745 0.03470 0.04176 0.04841 0.05491 0.06103 0.06697 0.07321 0.07993 0.08626 0.09223 0.09776 0.10292 0.10773 0.11213 0.11612 0.11973 0.11368 0.09876 0.08452 0.07098 0.05813 0.04597 0.03451 0.02377 0.01373 0.00440 0.00000 0.00000 0.00000 0.00000 0.00000 0.00000 0.00000 0.00000 0.00000 0.00000 0.00000 0.00000 0.00000 0.00000 0.00000 0.00000 0.00000 0.00000 0.00000 0.00000 0.00000 0.00000 0.00000 0.00000 0.00000
0.00000 0.00000 0.00000 0.00000 0.00000 0.00000 0.00000 0.00000 0.00000 0.00000 0.00000 0.00000 0.00000 0.00000 0.00000 0.00321 0.00946 0.01553 0.02140 0.02701 0.03251 0.03774 0.04276 0.04756 0.05219 0.05878 0.06731 0.07545 0.08310 0.09028 0.09706 0.10338 0.10921 0.11461 0.11955 0.11411 0.09915 0.08488 0.07130 0.05840 0.04620 0.03470 0.02390 0.01381 0.00443 0.00000 0.00000 0.00000 0.00000 0.00000 0.00000 0.00000 0.00000 0.00000 0.00000 0.00000 0.00000 0.00000 0.00000 0.00000 0.00000 0.00000 0.00000 0.00000 0.00000 0.00000 0.00000 0.00000 0.00000 0.00000
0.00000 0.00000 0.00000 0.00000 0.00000 0.00000 0.00000 0.00000 0.00000 0.00000 0.00000 0.00000 0.00000 0.00000 0.00000 0.00229 0.00676 0.01110 0.01531 0.01934 0.02322 0.02697 0.03064 0.03404 0.03731 0.04426 0.05469 0.06455 0.07391 0.08279 0.09116 0.09897 0.10629 0.11309 0.11935 0.11453 0.09955 0.08524 0.07161 0.05867 0.04643 0.03489 0.02404 0.01389 0.00445 0.00000 0.00000 0.00000 0.00000 0.00000 0.00000 0.00000 0.00000 0.00000 0.00000 0.00000 0.00000 0.00000 0.00000 0.00000 0.00000 0.00000 0.00000 0.00000 0.00000 0.00000 0.00000 0.00000 0.00000 0.00000
0.00000 0.00000 0.00000 0.00000 0.00000 0.00000 0.00000 0.00000 0.00000 0.00000 0.00000 0.00000 0.00000 0.00000 0.00000 0.00138 0.00407 0.00666 0.00919 0.01163 0.01396 0.01620 0.01841 0.02047 0.02243 0.02970 0.04196 0.05360 0.06470 0.07525 0.08520 0.09456 0.10335 0.11155 0.11915 0.11498 0.09995 0.08560 0.07193 0.05896 0.04667 0.03507 0.02417 0.01398 0.00448 0.00000 0.00000 0.00000 0.00000 0.00000 0.00000 0.00000 0.00000 0.00000 0.00000 0.00000 0.00000 0.00000 0.00000 0.00000 0.00000 0.00000 0.00000 0.00000 0.00000 0.00000 0.00000 0.00000 0.00000 0.00000
0.00000 0.00000 0.00000 0.00000 0.00000 0.00000 0.00000 0.00000 0.00000 0.00000 0.00000 0.00000 0.00000 0.00000 0.00000 0.00046 0.00136 0.00222 0.00307 0.00388 0.00466 0.00541 0.00614 0.00682 0.00750 0.01508 0.02915 0.04261 0.05547 0.06765 0.07919 0.09012 0.10040 0.11000 0.11895 0.11541 0.10034 0.08596 0.07226 0.05924 0.04690 0.03526 0.02431 0.01407 0.00451 0.00000 0.00000 0.00000 0.00000 0.00000 0.00000 0.00000 0.00000 0.00000 0.00000 0.00000 0.00000 0.00000 0.00000 0.00000 0.00000 0.00000 0.00000 0.00000 0.00000 0.00000 0.00000 0.00000 0.00000 0.00000
0.00000 0.00000 0.00000 0.00000 0.00000 0.00000 0.00000 0.00000 0.00000 0.00000 0.00000 0.00000 0.00000 0.00000 0.00000 0.00000 0.00000 0.00000 0.00000 0.00000 0.00000 0.00000 0.00000 0.00000 0.00000 0.00736 0.02162 0.03529 0.04834 0.06073 0.07249 0.08363 0.09411 0.10394 0.11312 0.11004 0.09570 0.08201 0.06895 0.05654 0.04478 0.03368 0.02323 0.01344 0.00431 0.00000 0.00000 0.00000 0.00000 0.00000 0.00000 0.00000 0.00000 0.00000 0.00000 0.00000 0.00000 0.00000 0.00000 0.00000 0.00000 0.00000 0.00000 0.00000 0.00000 0.00000 0.00000 0.00000 0.00000 0.00000
0.00000 0.00000 0.00000 0.00000 0.00000 0.00000 0.00000 0.00000 0.00000 0.00000 0.00000 0.00000 0.00000 0.00000 0.00000 0.00000 0.00000 0.00000 0.00000 0.00000 0.00000 0.00000 0.00000 0.00000 0.00000 0.00659 0.01941 0.03166 0.04334 0.05448 0.06507 0.07505 0.08446 0.09331 0.10157 0.09883 0.08598 0.07369 0.06196 0.05083 0.04027 0.03029 0.02090 0.01209 0.00388 0.00000 0.00000 0.00000 0.00000 0.00000 0.00000 0.00000 0.00000 0.00000 0.00000 0.00000 0.00000 0.00000 0.00000 0.00000 0.00000 0.00000 0.00000 0.00000 0.00000 0.00000 0.00000 0.00000 0.00000 0.00000
0.00000 0.00000 0.00000 0.00000 0.00000 0.00000 0.00000 0.00000 0.00000 0.00000 0.00000 0.00000 0.00000 0.00000 0.00000 0.00000 0.00000 0.00000 0.00000 0.00000 0.00000 0.00000 0.00000 0.00000 0.00000 0.00583 0.01717 0.02800 0.03833 0.04820 0.05757 0.06641 0.07477 0.08260 0.08993 0.08754 0.07617 0.06529 0.05492 0.04506 0.03571 0.02687 0.01854 0.01074 0.00345 0.00000 0.00000 0.00000 0.00000 0.00000 0.00000 0.00000 0.00000 0.00000 0.00000 0.00000 0.00000 0.00000 0.00000 0.00000 0.00000 0.00000 0.00000 0.00000 0.00000 0.00000 0.00000 0.00000 0.00000 0.00000
0.00000 0.00000 0.00000 0.00000 0.00000 0.00000 0.00000 0.00000 0.00000 0.00000 0.00000 0.00000 0.00000 0.00000 0.00000 0.00000 0.00000 0.00000 0.00000 0.00000 0.00000 0.00000 0.00000 0.00000 0.00000 0.00507 0.01490 0.02430 0.03333 0.04189 0.05001 0.05773 0.06501 0.07182 0.07821 0.07615 0.06627 0.05681 0.04781 0.03924 0.03110 0.02341 0.01616 0.00936 0.00301 0.00000 0.00000 0.00000 0.00000 0.00000 0.00000 0.00000 0.00000 0.00000 0.00000 0.00000 0.00000 0.00000 0.00000 0.00000 0.00000 0.00000 0.00000 0.00000 0.00000 0.00000 0.00000 0.00000 0.00000 0.00000
0.00000 0.00000 0.00000 0.00000 0.00000 0.00000 0.00000 0.00000 0.00000 0.00000 0.00000 0.00000 0.00000 0.00000 0.00000 0.00000 0.00000 0.00000 0.00000 0.00000 0.00000 0.00000 0.00000 0.00000 0.00000 0.00430 0.01263 0.02062 0.02827 0.03554 0.04244 0.04899 0.05517 0.06098 0.06643 0.06467 0.05628 0.04828 0.04064 0.03335 0.02644 0.01991 0.01375 0.00797 0.00256 0.00000 0.00000 0.00000 0.00000 0.00000 0.00000 0.00000 0.00000 0.00000 0.00000 0.00000 0.00000 0.00000 0.00000 0.00000 0.00000 0.00000 0.00000 0.00000 0.00000 0.00000 0.00000 0.00000 0.00000 0.00000
0.00000 0.00000 0.00000 0.00000 0.00000 0.00000 0.00000 0.00000 0.00000 0.00000 0.00000 0.00000 0.00000 0.00000 0.00000 0.00000 0.00000 0.00000 0.00000 0.00000 0.00000 0.00000 0.00000 0.00000 0.00000 0.00352 0.01036 0.01692 0.02317 0.02915 0.03484 0.04020 0.04527 0.05007 0.05454 0.05309 0.04624 0.03967 0.03339 0.02741 0.02174 0.01638 0.01131 0.00656 0.00211 0.00000 0.00000 0.00000 0.00000 0.00000 0.00000 0.00000 0.00000 0.00000 0.00000 0.00000 0.00000 0.00000 0.00000 0.00000 0.00000 0.00000 0.00000 0.00000 0.00000 0.00000 0.00000 0.00000 0.00000 0.00000
0.00000 0.00000 0.00000 0.00000 0.00000 0.00000 0.00000 0.00000 0.00000 0.00000 0.00000 0.00000 0.00000 0.00000 0.00000 0.00000 0.00000 0.00000 0.00000 0.00000 0.00000 0.00000 0.00000 0.00000 0.00000 0.00274 0.00808 0.01319 0.01807 0.02273 0.02716 0.03136 0.03534 0.03906 0.04255 0.04145 0.03611 0.03098 0.02607 0.02142 0.01700 0.01280 0.00885 0.00513 0.00165 0.00000 0.00000 0.00000 0.00000 0.00000 0.00000 0.00000 0.00000 0.00000 0.00000 0.00000 0.00000 0.00000 0.00000 0.00000 0.00000 0.00000 0.00000 0.00000 0.00000 0.00000 0.00000 0.00000 0.00000 0.00000
0.00000 0.00000 0.00000 0.00000 0.00000 0.00000 0.00000 0.00000 0.00000 0.00000 0.00000 0.00000 0.00000 0.00000 0.00000 0.00000 0.00000 0.00000 0.00000 0.00000 0.00000 0.00000 0.00000 0.00000 0.00000 0.00197 0.00578 0.00943 0.01294 0.01628 0.01945 0.02247 0.02531 0.02798 0.03050 0.02973 0.02588 0.02221 0.01871 0.01537 0.01220 0.00919 0.00635 0.00369 0.00119 0.00000 0.00000 0.00000 0.00000 0.00000 0.00000 0.00000 0.00000 0.00000 0.00000 0.00000 0.00000 0.00000 0.00000 0.00000 0.00000 0.00000 0.00000 0.00000 0.00000 0.00000 0.00000 0.00000 0.00000 0.00000
0.00000 0.00000 0.00000 0.00000 0.00000 0.00000 0.00000 0.00000 0.00000 0.00000 0.00000 0.00000 0.00000 0.00000 0.00000 0.00000 0.00000 0.00000 0.00000 0.00000 0.00000 0.00000 0.00000 0.00000 0.00000 0.00118 0.00347 0.00567 0.00778 0.00979 0.01170 0.01352 0.01523 0.01685 0.01837 0.01789 0.01558 0.01338 0.01128 0.00926 0.00735 0.00554 0.00383 0.00222 0.00072 0.00000 0.00000 0.00000 0.00000 0.00000 0.00000 0.00000 0.00000 0.00000 0.00000 0.00000 0.00000 0.00000 0.00000 0.00000 0.00000 0.00000 0.00000 0.00000 0.00000 0.00000 0.00000 0.00000 0.00000 0.00000
0.00000 0.00000 0.00000 0.00000 0.00000 0.00000 0.00000 0.00000 0.00000 0.00000 0.00000 0.00000 0.00000 0.00000 0.00000 0.00000 0.00000 0.00000 0.00000 0.00000 0.00000 0.00000 0.00000 0.00000 0.00000 0.00039 0.00116 0.00190 0.00260 0.00327 0.00391 0.00452 0.00509 0.00564 0.00614 0.00598 0.00522 0.00448 0.00377 0.00310 0.00246 0.00186 0.00128 0.00075 0.00024 0.00000 0.00000 0.00000 0.00000 0.00000 0.00000 0.00000 0.00000 0.00000 0.00000 0.00000 0.00000 0.00000 0.00000 0.00000 0.00000 0.00000 0.00000 0.00000 0.00000 0.00000 0.00000 0.00000 0.00000 0.00000
0.00000 0.00000 0.00000 0.00000 0.00000 0.00000 0.00000 0.00000 0.00000 0.00000 0.00000 0.00000 0.00000 0.00000 0.00000 0.00000 0.00000 0.00000 0.00000 0.00000 0.00000 0.00000 0.00000 0.00000 0.00000 0.00000 0.00000 0.00000 0.00000 0.00000 0.00000 0.00000 0.00000 0.00000 0.00000 0.00000 0.00000 0.00000 0.00000 0.00000 0.00000 0.00000 0.00000 0.00000 0.00000 0.00000 0.00000 0.00000 0.00000 0.00000 0.00000 0.00000 0.00000 0.00000 0.00000 0.00000 0.00000 0.00000 0.00000 0.00000 0.00000 0.00000 0.00000 0.00000 0.00000 0.00000 0.00000 0.00000 0.00000 0.00000
0.00000 0.00000 0.00000 0.00000 0.00000 0.00000 0.00000 0.00000 0.00000 0.00000 0.00000 0.00000 0.00000 0.00000 0.00000 0.00000 0.00000 0.00000 0.00000 0.00000 0.00000 0.00000 0.00000 0.00000 0.00000 0.00000 0.00000 0.00000 0.00000 0.00000 0.00000 0.00000 0.00000 0.00000 0.00000 0.00000 0.00000 0.00000 0.00000 0.00000 0.00000 0.00000 0.00000 0.00000 0.00000 0.00000 0.00000 0.00000 0.00000 0.00000 0.00000 0.00000 0.00000 0.00000 0.00000 0.00000 0.00000 0.00000 0.00000 0.00000 0.00000 0.00000 0.00000 0.00000 0.00000 0.00000 0.00000 0.00000 0.00000 0.00000
0.00000 0.00000 0.00000 0.00000 0.00000 0.00000 0.00000 0.00000 0.00000 0.00000 0.00000 0.00000 0.00000 0.00000 0.00000 0.00000 0.00000 0.00000 0.00000 0.00000 0.00000 0.00000 0.00000 0.00000 0.00000 0.00000 0.00000 0.00000 0.00000 0.00000 0.00000 0.00000 0.00000 0.00000 0.00000 0.00000 0.00000 0.00000 0.00000 0.00000 0.00000 0.00000 0.00000 0.00000 0.00000 0.00000 0.00000 0.00000 0.00000 0.00000 0.00000 0.00000 0.00000 0.00000 0.00000 0.00000 0.00000 0.00000 0.00000 0.00000 0.00000 0.00000 0.00000 0.00000 0.00000 0.00000 0.00000 0.00000 0.00000 0.00000
0.00000 0.00000 0.00000 0.00000 0.00000 0.00000 0.00000 0.00000 0.00000 0.00000 0.00000 0.00000 0.00000 0.00000 0.00000 0.00000 0.00000 0.00000 0.00000 0.00000 0.00000 0.00000 0.00000 0.00000 0.00000 0.00000 0.00000 0.00000 0.00000 0.00000 0.00000 0.00000 0.00000 0.00000 0.00000 0.00000 0.00000 0.00000 0.00000 0.00000 0.00000 0.00000 0.00000 0.00000 0.00000 0.00000 0.00000 0.00000 0.00000 0.00000 0.00000 0.00000 0.00000 0.00000 0.00000 0.00000 0.00000 0.00000 0.00000 0.00000 0.00000 0.00000 0.00000 0.00000 0.00000 0.00000 0.00000 0.00000 0.00000 0.00000
0.00000 0.00000 0.00000 0.00000 0.00000 0.00000 0.00000 0.00000 0.00000 0.00000 0.00000 0.00000 0.00000 0.00000 0.00000 0.00000 0.00000 0.00000 0.00000 0.00000 0.00000 0.00000 0.00000 0.00000 0.00000 0.00000 0.00000 0.00000 0.00000 0.00000 0.00000 0.00000 0.00000 0.00000 0.00000 0.00000 0.00000 0.00000 0.00000 0.00000 0.00000 0.00000 0.00000 0.00000 0.00000 0.00000 0.00000 0.00000 0.00000 0.00000 0.00000 0.00000 0.00000 0.00000 0.00000 0.00000 0.00000 0.00000 0.00000 0.00000 0.00000 0.00000 0.00000 0.00000 0.00000 0.00000 0.00000 0.00000 0.00000 0.00000
0.00000 0.00000 0.00000 0.00000 0.00000 0.00000 0.00000 0.00000 0.00000 0.00000 0.00000 0.00000 0.00000 0.00000 0.00000 0.00000 0.00000 0.00000 0.00000 0.00000 0.00000 0.00000 0.00000 0.00000 0.00000 0.00000 0.00000 0.00000 0.00000 0.00000 0.00000 0.00000 0.00000 0.00000 0.00000 0.00000 0.00000 0.00000 0.00000 0.00000 0.00000 0.00000 0.00000 0.00000 0.00000 0.00000 0.00000 0.00000 0.00000 0.00000 0.00000 0.00000 0.00000 0.00000 0.00000 0.00000 0.00000 0.00000 0.00000 0.00000 0.00000 0.00000 0.00000 0.00000 0.00000 0.00000 0.00000 0.00000 0.00000 0.00000
0.00000 0.00000 0.00000 0.00000 0.00000 0.00000 0.00000 0.00000 0.00000 0.00000 0.00000 0.00000 0.00000 0.00000 0.00000 0.00000 0.00000 0.00000 0.00000 0.00000 0.00000 0.00000 0.00000 0.00000 0.00000 0.00000 0.00000 0.00000 0.00000 0.00000 0.00000 0.00000 0.00000 0.00000 0.00000 0.00000 0.00000 0.00000 0.00000 0.00000 0.00000 0.00000 0.00000 0.00000 0.00000 0.00000 0.00000 0.00000 0.00000 0.00000 0.00000 0.00000 0.00000 0.00000 0.00000 0.00000 0.00000 0.00000 0.00000 0.00000 0.00000 0.00000 0.00000 0.00000 0.00000 0.00000 0.00000 0.00000 0.00000 0.00000
0.00000 0.00000 0.00000 0.00000 0.00000 0.00000 0.00000 0.00000 0.00000 0.00000 0.00000 0.00000 0.00000 0.00000 0.00000 0.00000 0.00000 0.00000 0.00000 0.00000 0.00000 0.00000 0.00000 0.00000 0.00000 0.00000 0.00000 0.00000 0.00000 0.00000 0.00000 0.00000 0.00000 0.00000 0.00000 0.00000 0.00000 0.00000 0.00000 0.00000 0.00000 0.00000 0.00000 0.00000 0.00000 0.00000 0.00000 0.00000 0.00000 0.00000 0.00000 0.00000 0.00000 0.00000 0.00000 0.00000 0.00000 0.00000 0.00000 0.00000 0.00000 0.00000 0.00000 0.00000 0.00000 0.00000 0.00000 0.00000 0.00000 0.00000
0.00000 0.00000 0.00000 0.00000 0.00000 0.00000 0.00000 0.00000 0.00000 0.00000 0.00000 0.00000 0.00000 0.00000 0.00000 0.00000 0.00000 0.00000 0.00000 0.00000 0.00000 0.00000 0.00000 0.00000 0.00000 0.00000 0.00000 0.00000 0.00000 0.00000 0.00000 0.00000 0.00000 0.00000 0.00000 0.00000 0.00000 0.00000 0.00000 0.00000 0.00000 0.00000 0.00000 0.00000 0.00000 0.00000 0.00000 0.00000 0.00000 0.00000 0.00000 0.00000 0.00000 0.00000 0.00000 0.00000 0.00000 0.00000 0.00000 0.00000 0.00000 0.00000 0.00000 0.00000 0.00000 0.00000 0.00000 0.00000 0.00000 0.00000
0.00000 0.00000 0.00000 0.00000 0.00000 0.00000 0.00000 0.00000 0.00000 0.00000 0.00000 0.00000 0.00000 0.00000 0.00000 0.00000 0.00000 0.00000 0.00000 0.00000 0.00000 0.00000 0.00000 0.00000 0.00000 0.00000 0.00000 0.00000 0.00000 0.00000 0.00000 0.00000 0.00000 0.00000 0.00000 0.00000 0.00000 0.00000 0.00000 0.00000 0.00000 0.00000 0.00000 0.00000 0.00000 0.00000 0.00000 0.00000 0.00000 0.00000 0.00000 0.00000 0.00000 0.00000 0.00000 0.00000 0.00000 0.00000 0.00000 0.00000 0.00000 0.00000 0.00000 0.00000 0.00000 0.00000 0.00000 0.00000 0.00000 0.00000
0.00000 0.00000 0.00000 0.00000 0.00000 0.00000 0.00000 0.00000 0.00000 0.00000 0.00000 0.00000 0.00000 0.00000 0.00000 0.00000 0.00000 0.00000 0.00000 0.00000 0.00000 0.00000 0.00000 0.00000 0.00000 0.00000 0.00000 0.00000 0.00000 0.00000 0.00000 0.00000 0.00000 0.00000 0.00000 0.00000 0.00000 0.00000 0.00000 0.00000 0.00000 0.00000 0.00000 0.00000 0.00000 0.00000 0.00000 0.00000 0.00000 0.00000 0.00000 0.00000 0.00000 0.00000 0.00000 0.00000 0.00000 0.00000 0.00000 0.00000 0.00000 0.00000 0.00000 0.00000 0.00000 0.00000 0.00000 0.00000 0.00000 0.00000
0.00000 0.00000 0.00000 0.00000 0.00000 0.00000 0.00000 0.00000 0.00000 0.00000 0.00000 0.00000 0.00000 0.00000 0.00000 0.00000 0.00000 0.00000 0.00000 0.00000 0.00000 0.00000 0.00000 0.00000 0.00000 0.00000 0.00000 0.00000 0.00000 0.00000 0.00000 0.00000 0.00000 0.00000 0.00000 0.00000 0.00000 0.00000 0.00000 0.00000 0.00000 0.00000 0.00000 0.00000 0.00000 0.00000 0.00000 0.00000 0.00000 0.00000 0.00000 0.00000 0.00000 0.00000 0.00000 0.00000 0.00000 0.00000 0.00000 0.00000 0.00000 0.00000 0.00000 0.00000 0.00000 0.00000 0.00000 0.00000 0.00000 0.00000
0.00000 0.00000 0.00000 0.00000 0.00000 0.00000 0.00000 0.00000 0.00000 0.00000 0.00000 0.00000 0.00000 0.00000 0.00000 0.00000 0.00000 0.00000 0.00000 0.00000 0.00000 0.00000 0.00000 0.00000 0.00000 0.00000 0.00000 0.00000 0.00000 0.00000 0.00000 0.00000 0.00000 0.00000 0.00000 0.00000 0.00000 0.00000 0.00000 0.00000 0.00000 0.00000 0.00000 0.00000 0.00000 0.00000 0.00000 0.00000 0.00000 0.00000 0.00000 0.00000 0.00000 0.00000 0.00000 0.00000 0.00000 0.00000 0.00000 0.00000 0.00000 0.00000 0.00000 0.00000 0.00000 0.00000 0.00000 0.00000 0.00000 0.00000
0.00000 0.00000 0.00000 0.00000 0.00000 0.00000 0.00000 0.00000 0.00000 0.00000 0.00000 0.00000 0.00000 0.00000 0.00000 0.00000 0.00000 0.00000 0.00000 0.00000 0.00000 0.00000 0.00000 0.00000 0.00000 0.00000 0.00000 0.00000 0.00000 0.00000 0.00000 0.00000 0.00000 0.00000 0.00000 0.00000 0.00000 0.00000 0.00000 0.00000 0.00000 0.00000 0.00000 0.00000 0.00000 0.00000 0.00000 0.00000 0.00000 0.00000 0.00000 0.00000 0.00000 0.00000 0.00000 0.00000 0.00000 0.00000 0.00000 0.00000 0.00000 0.00000 0.00000 0.00000 0.00000 0.00000 0.00000 0.00000 0.00000 0.00000
0.00000 0.00000 0.00000 0.00000 0.00000 0.00000 0.00000 0.00000 0.00000 0.00000 0.00000 0.00000 0.00000 0.00000 0.00000 0.00000 0.00000 0.00000 0.00000 0.00000 0.00000 0.00000 0.00000 0.00000 0.00000 0.00000 0.00000 0.00000 0.00000 0.00000 0.00000 0.00000 0.00000 0.00000 0.00000 0.00000 0.00000 0.00000 0.00000 0.00000 0.00000 0.00000 0.00000 0.00000 0.00000 0.00000 0.00000 0.00000 0.00000 0.00000 0.00000 0.00000 0.00000 0.00000 0.00000 0.00000 0.00000 0.00000 0.00000 0.00000 0.00000 0.00000 0.00000 0.00000 0.00000 0.00000 0.00000 0.00000 0.00000 0.00000
0.00000 0.00000 0.00000 0.00000 0.00000 0.00000 0.00000 0.00000 0.00000 0.00000 0.00000 0.00000 0.00000 0.00000 0.00000 0.00000 0.00000 0.00000 0.00000 0.00000 0.00000 0.00000 0.00000 0.00000 0.00000 0.00000 0.00000 0.00000 0.00000 0.00000 0.00000 0.00000 0.00000 0.00000 0.00000 0.00000 0.00000 0.00000 0.00000 0.00000 0.00000 0.00000 0.00000 0.00000 0.00000 0.00000 0.00000 0.00000 0.00000 0.00000 0.00000 0.00000 0.00000 0.00000 0.00000 0.00000 0.00000 0.00000 0.00000 0.00000 0.00000 0.00000 0.00000 0.00000 0.00000 0.00000 0.00000 0.00000 0.00000 0.00000
0.00000 0.00000 0.00000 0.00000 0.00000 0.00000 0.00000 0.00000 0.00000 0.00000 0.00000 0.00000 0.00000 0.00000 0.00000 0.00000 0.00000 0.00000 0.00000 0.00000 0.00000 0.00000 0.00000 0.00000 0.00000 0.00000 0.00000 0.00000 0.00000 0.00000 0.00000 0.00000 0.00000 0.00000 0.00000 0.00000 0.00000 0.00000 0.00000 0.00000 0.00000 0.00000 0.00000 0.00000 0.00000 0.00000 0.00000 0.00000 0.00000 0.00000 0.00000 0.00000 0.00000 0.00000 0.00000 0.00000 0.00000 0.00000 0.00000 0.00000 0.00000 0.00000 0.00000 0.00000 0.00000 0.00000 0.00000 0.00000 0.00000 0.00000
0.00000 0.00000 0.00000 0.00000 0.00000 0.00000 0.00000 0.00000 0.00000 0.00000 0.00000 0.00000 0.00000 0.00000 0.00000 0.00000 0.00000 0.00000 0.00000 0.00000 0.00000 0.00000 0.00000 0.00000 0.00000 0.00000 0.00000 0.00000 0.00000 0.00000 0.00000 0.00000 0.00000 0.00000 0.00000 0.00000 0.00000 0.00000 0.00000 0.00000 0.00000 0.00000 0.00000 0.00000 0.00000 0.00000 0.00000 0.00000 0.00000 0.00000 0.00000 0.00000 0.00000 0.00000 0.00000 0.00000 0.00000 0.00000 0.00000 0.00000 0.00000 0.00000 0.00000 0.00000 0.00000 0.00000 0.00000 0.00000 0.00000 0.00000
0.00000 0.00000 0.00000 0.00000 0.00000 0.00000 0.00000 0.00000 0.00000 0.00000 0.00000 0.00000 0.00000 0.00000 0.00000 0.00000 0.00000 0.00000 0.00000 0.00000 0.00000 0.00000 0.00000 0.00000 0.00000 0.00000 0.00000 0.00000 0.00000 0.00000 0.00000 0.00000 0.00000 0.00000 0.00000 0.00000 0.00000 0.00000 0.00000 0.00000 0.00000 0.00000 0.00000 0.00000 0.00000 0.00000 0.00000 0.00000 0.00000 0.00000 0.00000 0.00000 0.00000 0.00000 0.00000 0.00000 0.00000 0.00000 0.00000 0.00000 0.00000 0.00000 0.00000 0.00000 0.00000 0.00000 0.00000 0.00000 0.00000 0.00000
0.00000 0.00000 0.00000 0.00000 0.00000 0.00000 0.00000 0.00000 0.00000 0.00000 0.00000 0.00000 0.00000 0.00000 0.00000 0.00000 0.00000 0.00000 0.00000 0.00000 0.00000 0.00000 0.00000 0.00000 0.00000 0.00000 0.00000 0.00000 0.00000 0.00000 0.00000 0.00000 0.00000 0.00000 0.00000 0.00000 0.00000 0.00000 0.00000 0.00000 0.00000 0.00000 0.00000 0.00000 0.00000 0.00000 0.00000 0.00000 0.00000 0.00000 0.00000 0.00000 0.00000 0.00000 0.00000 0.00000 0.00000 0.00000 0.00000 0.00000 0.00000 0.00000 0.00000 0.00000 0.00000 0.00000 0.00000 0.00000 0.00000 0.00000
0.00000 0.00000 0.00000 0.00000 0.00000 0.00000 0.00000 0.00000 0.00000 0.00000 0.00000 0.00000 0.00000 0.00000 0.00000 0.00000 0.00000 0.00000 0.00000 0.00000 0.00000 0.00000 0.00000 0.00000 0.00000 0.00000 0.00000 0.00000 0.00000 0.00000 0.00000 0.00000 0.00000 0.00000 0.00000 0.00000 0.00000 0.00000 0.00000 0.00000 0.00000 0.00000 0.00000 0.00000 0.00000 0.00000 0.00000 0.00000 0.00000 0.00000 0.00000 0.00000 0.00000 0.00000 0.00000 0.00000 0.00000 0.00000 0.00000 0.00000 0.00000 0.00000 0.00000 0.00000 0.00000 0.00000 0.00000 0.00000 0.00000 0.00000
0.00000 0.00000 0.00000 0.00000 0.00000 0.00000 0.00000 0.00000 0.00000 0.00000 0.00000 0.00000 0.00000 0.00000 0.00000 0.00000 0.00000 0.00000 0.00000 0.00000 0.00000 0.00000 0.00000 0.00000 0.00000 0.00000 0.00000 0.00000 0.00000 0.00000 0.00000 0.00000 0.00000 0.00000 0.00000 0.00000 0.00000 0.00000 0.00000 0.00000 0.00000 0.00000 0.00000 0.00000 0.00000 0.00000 0.00000 0.00000 0.00000 0.00000 0.00000 0.00000 0.00000 0.00000 0.00000 0.00000 0.00000 0.00000 0.00000 0.00000 0.00000 0.00000 0.00000 0.00000 0.00000 0.00000 0.00000 0.00000 0.00000 0.00000
0.00000 0.00000 0.00000 0.00000 0.00000 0.00000 0.00000 0.00000 0.00000 0.00000 0.00000 0.00000 0.00000 0.00000 0.00000 0.00000 0.00000 0.00000 0.00000 0.00000 0.00000 0.00000 0.00000 0.00000 0.00000 0.00000 0.00000 0.00000 0.00000 0.00000 0.00000 0.00000 0.00000 0.00000 0.00000 0.00000 0.00000 0.00000 0.00000 0.00000 0.00000 0.00000 0.00000 0.00000 0.00000 0.00000 0.00000 0.00000 0.00000 0.00000 0.00000 0.00000 0.00000 0.00000 0.00000 0.00000 0.00000 0.00000 0.00000 0.00000 0.00000 0.00000 0.00000 0.00000 0.00000 0.00000 0.00000 0.00000 0.00000 0.00000
0.00000 0.00000 0.00000 0.00000 0.00000 0.00000 0.00000 0.00000 0.00000 0.00000 0.00000 0.00000 0.00000 0.00000 0.00000 0.00000 0.00000 0.00000 0.00000 0.00000 0.00000 0.00000 0.00000 0.00000 0.00000 0.00000 0.00000 0.00000 0.00000 0.00000 0.00000 0.00000 0.00000 0.00000 0.00000 0.00000 0.00000 0.00000 0.00000 0.00000 0.00000 0.00000 0.00000 0.00000 0.00000 0.00000 0.00000 0.00000 0.00000 0.00000 0.00000 0.00000 0.00000 0.00000 0.00000 0.00000 0.00000 0.00000 0.00000 0.00000 0.00000 0.00000 0.00000 0.00000 0.00000 0.00000 0.00000 0.00000 0.00000 0.00000
0.00000 0.00000 0.00000 0.00000 0.00000 0.00000 0.00000 0.00000 0.00000 0.00000 0.00000 0.00000 0.00000 0.00000 0.00000 0.00000 0.00000 0.00000 0.00000 0.00000 0.00000 0.00000 0.00000 0.00000 0.00000 0.00000 0.00000 0.00000 0.00000 0.00000 0.00000 0.00000 0.00000 0.00000 0.00000 0.00000 0.00000 0.00000 0.00000 0.00000 0.00000 0.00000 0.00000 0.00000 0.00000 0.00000 0.00000 0.00000 0.00000 0.00000 0.00000 0.00000 0.00000 0.00000 0.00000 0.00000 0.00000 0.00000 0.00000 0.00000 0.00000 0.00000 0.00000 0.00000 0.00000 0.00000 0.00000 0.00000 0.00000 0.00000
