0.00000 0.00000 0.00000 0.00000 0.00000 0.00000 0.00000 0.00000 0.00000 0.00000 0.00000 0.00000 0.00000 0.00000 0.00000 0.00000 0.00000 0.00000 0.00000 0.00000 0.00000 0.00000 0.00000 0.00000 0.00000 0.00000 0.00000 0.00000 0.00000 0.00000 0.00000 0.00000 0.00000 0.00000 0.00000 0.00000 0.00000 0.00000 0.00000 0.00000 0.00000 0.00000 0.00000 0.00000 0.00000 0.00000 0.00000 0.00000 0.00000 0.00000 0.00000 0.00000 0.00000 0.00000 0.00000 0.00000 0.00000 0.00000 0.00000 0.00000 0.00000 0.00000 0.00000 0.00000 0.00000 0.00000 0.00000 0.00000 0.00000 0.00000
0.00000 0.00000 0.00000 0.00000 0.00000 0.00000 0.00000 0.00000 0.00000 0.00000 0.00000 0.00000 0.00000 0.00000 0.00000 0.00000 0.00000 0.00000 0.00000 0.00000 0.00000 0.00000 0.00000 0.00000 0.00000 0.00000 0.00000 0.00000 0.00000 0.00000 0.00000 0.00000 0.00000 0.00000 0.00000 0.00000 0.00000 0.00000 0.00000 0.00000 0.00000 0.00000 0.00000 0.00000 0.00000 0.00000 0.00000 0.00000 0.00000 0.00000 0.00000 0.00000 0.00000 0.00000 0.00000 0.00000 0.00000 0.00000 0.00000 0.00000 0.00000 0.00000 0.00000 0.00000 0.00000 0.00000 0.00000 0.00000 0.00000 0.00000
0.00000 0.00000 0.00000 0.00000 0.00000 0.00000 0.00000 0.00000 0.00000 0.00000 0.00000 0.00000 0.00000 0.00000 0.00000 0.00000 0.00000 0.00000 0.00000 0.00000 0.00000 0.00000 0.00000 0.00000 0.00000 0.00000 0.00000 0.00000 0.00000 0.00000 0.00000 0.00000 0.00000 0.00000 0.00000 0.00000 0.00000 0.00000 0.00000 0.00000 0.00000 0.00000 0.00000 0.00000 0.00000 0.00000 0.00000 0.00000 0.00000 0.00000 0.00000 0.00000 0.00000 0.00000 0.00000 0.00000 0.00000 0.00000 0.00000 0.00000 0.00000 0.00000 0.00000 0.00000 0.00000 0.00000 0.00000 0.00000 0.00000 0.00000
0.00000 0.00000 0.00000 0.00000 0.00000 0.00000 0.00000 0.00000 0.00000 0.00000 0.00000 0.00000 0.00000 0.00000 0.00000 0.00000 0.00000 0.00000 0.00000 0.00000 0.00000 0.00000 0.00000 0.00000 0.00000 0.00000 0.00000 0.00000 0.00000 0.00000 0.00000 0.00000 0.00000 0.00000 0.00000 0.00000 0.00000 0.00000 0.00000 0.00000 0.00000 0.00000 0.00000 0.00000 0.00000 0.00000 0.00000 0.00000 0.00000 0.00000 0.00000 0.00000 0.00000 0.00000 0.00000 0.00000 0.00000 0.00000 0.00000 0.00000 0.00000 0.00000 0.00000 0.00000 0.00000 0.00000 0.00000 0.00000 0.00000 0.00000
0.00000 0.00000 0.00000 0.00000 0.00000 0.00000 0.00000 0.00000 0.00000 0.00000 0.00000 0.00000 0.00000 0.00000 0.00000 0.00000 0.00000 0.00000 0.00000 0.00000 0.00000 0.00000 0.00000 0.00000 0.00000 0.00000 0.00000 0.00000 0.00000 0.00000 0.00000 0.00000 0.00000 0.00000 0.00000 0.00000 0.00000 0.00000 0.00000 0.00000 0.00000 0.00000 0.00000 0.00000 0.00000 0.00000 0.00000 0.00000 0.00000 0.00000 0.00000 0.00000 0.00000 0.00000 0.00000 0.00000 0.00000 0.00000 0.00000 0.00000 0.00000 0.00000 0.00000 0.00000 0.00000 0.00000 0.00000 0.00000 0.00000 0.00000
0.00000 0.00000 0.00000 0.00000 0.00000 0.00000 0.00000 0.00000 0.00000 0.00000 0.00000 0.00000 0.00000 0.00000 0.00000 0.00000 0.00000 0.00000 0.00000 0.00000 0.00000 0.00000 0.00000 0.00000 0.00000 0.00000 0.00000 0.00000 0.00000 0.00000 0.00000 0.00000 0.00000 0.00000 0.00000 0.00000 0.00000 0.00000 0.00000 0.00000 0.00000 0.00000 0.00000 0.00000 0.00000 0.00000 0.00000 0.00000 0.00000 0.00000 0.00000 0.00000 0.00000 0.00000 0.00000 0.00000 0.00000 0.00000 0.00000 0.00000 0.00000 0.00000 0.00000 0.00000 0.00000 0.00000 0.00000 0.00000 0.00000 0.00000
0.00000 0.00000 0.00000 0.00000 0.00000 0.00000 0.00000 0.00000 0.00000 0.00000 0.00000 0.00000 0.00000 0.00000 0.00000 0.00000 0.00000 0.00000 0.00000 0.00000 0.00000 0.00000 0.00000 0.00000 0.00000 0.00000 0.00000 0.00000 0.00000 0.00000 0.00000 0.00000 0.00000 0.00000 0.00000 0.00000 0.00000 0.00000 0.00000 0.00000 0.00000 0.00000 0.00000 0.00000 0.00000 0.00000 0.00000 0.00000 0.00000 0.00000 0.00000 0.00000 0.00000 0.00000 0.00000 0.00000 0.00000 0.00000 0.00000 0.00000 0.00000 0.00000 0.00000 0.00000 0.00000 0.00000 0.00000 0.00000 0.00000 0.00000
0.00000 0.00000 0.00000 0.00000 0.00000 0.00000 0.00000 0.00000 0.00000 0.00000 0.00000 0.00000 0.00000 0.00000 0.00000 0.00000 0.00000 0.00000 0.00000 0.00000 0.00000 0.00000 0.00000 0.00000 0.00000 0.00000 0.00000 0.00000 0.00000 0.00000 0.00000 0.00000 0.00000 0.00000 0.00000 0.00000 0.00000 0.00000 0.00000 0.00000 0.00000 0.00000 0.00000 0.00000 0.00000 0.00000 0.00000 0.00000 0.00000 0.00000 0.00000 0.00000 0.00000 0.00000 0.00000 0.00000 0.00000 0.00000 0.00000 0.00000 0.00000 0.00000 0.00000 0.00000 0.00000 0.00000 0.00000 0.00000 0.00000 0.00000
0.00000 0.00000 0.00000 0.00000 0.00000 0.00000 0.00000 0.00000 0.00000 0.00000 0.00000 0.00000 0.00000 0.00000 0.00000 0.00000 0.00000 0.00000 0.00000 0.00000 0.00000 0.00000 0.00000 0.00000 0.00000 0.00000 0.00000 0.00000 0.00000 0.00000 0.00000 0.00000 0.00000 0.00000 0.00000 0.00000 0.00000 0.00000 0.00000 0.00000 0.00000 0.00000 0.00000 0.00000 0.00000 0.00000 0.00000 0.00000 0.00000 0.00000 0.00000 0.00000 0.00000 0.00000 0.00000 0.00000 0.00000 0.00000 0.00000 0.00000 0.00000 0.00000 0.00000 0.00000 0.00000 0.00000 0.00000 0.00000 0.00000 0.00000
0.00000 0.00000 0.00000 0.00000 0.00000 0.00000 0.00000 0.00000 0.00000 0.00000 0.00000 0.00000 0.00000 0.00000 0.00000 0.00000 0.00000 0.00000 0.00000 0.00000 0.00000 0.00000 0.00000 0.00000 0.00000 0.00000 0.00000 0.00000 0.00000 0.00000 0.00000 0.00000 0.00000 0.00000 0.00000 0.00000 0.00000 0.00000 0.00000 0.00000 0.00000 0.00000 0.00000 0.00000 0.00000 0.00000 0.00000 0.00000 0.00000 0.00000 0.00000 0.00000 0.00000 0.00000 0.00000 0.00000 0.00000 0.00000 0.00000 0.00000 0.00000 0.00000 0.00000 0.00000 0.00000 0.00000 0.00000 0.00000 0.00000 0.00000
0.00000 0.00000 0.00000 0.00000 0.00000 0.00000 0.00000 0.00000 0.00000 0.00000 0.00000 0.00000 0.00000 0.00000 0.00000 0.00000 0.00000 0.00000 0.00000 0.00000 0.00000 0.00000 0.00000 0.00000 0.00000 0.00000 0.00000 0.00000 0.00000 0.00000 0.00000 0.00000 0.00000 0.00000 0.00000 0.00000 0.00000 0.00000 0.00000 0.00000 0.00000 0.00000 0.00000 0.00000 0.00000 0.00000 0.00000 0.00000 0.00000 0.00000 0.00000 0.00000 0.00000 0.00000 0.00000 0.00000 0.00000 0.00000 0.00000 0.00000 0.00000 0.00000 0.00000 0.00000 0.00000 0.00000 0.00000 0.00000 0.00000 0.00000
0.00000 0.00000 0.00000 0.00000 0.00000 0.00000 0.00000 0.00000 0.00000 0.00000 0.00000 0.00000 0.00000 0.00000 0.00000 0.00000 0.00000 0.00000 0.00000 0.00000 0.00000 0.00000 0.00000 0.00000 0.00000 0.00000 0.00000 0.00000 0.00000 0.00000 0.00000 0.00000 0.00000 0.00000 0.00000 0.00000 0.00000 0.00000 0.00000 0.00000 0.00000 0.00000 0.00000 0.00000 0.00000 0.00000 0.00000 0.00000 0.00000 0.00000 0.00000 0.00000 0.00000 0.00000 0.00000 0.00000 0.00000 0.00000 0.00000 0.00000 0.00000 0.00000 0.00000 0.00000 0.00000 0.00000 0.00000 0.00000 0.00000 0.00000
0.00000 0.00000 0.00000 0.00000 0.00000 0.00000 0.00000 0.00000 0.00000 0.00000 0.00000 0.00000 0.00000 0.00000 0.00000 0.00000 0.00000 0.00000 0.00000 0.00000 0.00000 0.00000 0.00000 0.00000 0.00000 0.00000 0.00000 0.00000 0.00000 0.00000 0.00000 0.00000 0.00000 0.00000 0.00000 0.00000 0.00000 0.00000 0.00000 0.00000 0.00000 0.00000 0.00000 0.00000 0.00000 0.00000 0.00000 0.00000 0.00000 0.00000 0.00000 0.00000 0.00000 0.00000 0.00000 0.00000 0.00000 0.00000 0.00000 0.00000 0.00000 0.00000 0.00000 0.00000 0.00000 0.00000 0.00000 0.00000 0.00000 0.00000
0.00000 0.00000 0.00000 0.00000 0.00000 0.00000 0.00000 0.00000 0.00000 0.00000 0.00000 0.00000 0.00000 0.00000 0.00000 0.00000 0.00000 0.00000 0.00000 0.00000 0.00000 0.00000 0.00000 0.00000 0.00000 0.00000 0.00000 0.00000 0.00000 0.00000 0.00000 0.00000 0.00000 0.00000 0.00000 0.00000 0.00000 0.00000 0.00000 0.00000 0.00000 0.00000 0.00000 0.00000 0.00000 0.00000 0.00000 0.00000 0.00000 0.00000 0.00000 0.00000 0.00000 0.00000 0.00000 0.00000 0.00000 0.00000 0.00000 0.00000 0.00000 0.00000 0.00000 0.00000 0.00000 0.00000 0.00000 0.00000 0.00000 0.00000
0.00000 0.00000 0.00000 0.00000 0.00000 0.00000 0.00000 0.00000 0.00000 0.00000 0.00000 0.00000 0.00000 0.00000 0.00000 0.00000 0.00000 0.00000 0.00000 0.00000 0.00000 0.00000 0.00000 0.00000 0.00000 0.00000 0.00000 0.00000 0.00000 0.00000 0.00000 0.00000 0.00000 0.00000 0.00000 0.00000 0.00000 0.00000 0.00000 0.00000 0.00000 0.00000 0.00000 0.00000 0.00000 0.00000 0.00000 0.00000 0.00000 0.00000 0.00000 0.00000 0.00000 0.00000 0.00000 0.00000 0.00000 0.00000 0.00000 0.00000 0.00000 0.00000 0.00000 0.00000 0.00000 0.00000 0.00000 0.00000 0.00000 0.00000
0.00000 0.00000 0.00000 0.00000 0.00000 0.00000 0.00000 0.00000 0.00000 0.00000 0.00000 0.00000 0.00000 0.00000 0.00000 0.00018 0.00054 0.00086 0.00120 0.00154 0.00191 0.00225 0.00254 0.00281 0.00323 0.00348 0.00329 0.00317 0.00335 0.00337 0.00321 0.00317 0.00327 0.00325 0.00314 0.00295 0.00269 0.00240 0.00198 0.00162 0.00139 0.00109 0.00073 0.00043 0.00015 0.00000 0.00000 0.00000 0.00000 0.00000 0.00000 0.00000 0.00000 0.00000 0.00000 0.00000 0.00000 0.00000 0.00000 0.00000 0.00000 0.00000 0.00000 0.00000 0.00000 0.00000 0.00000 0.00000 0.00000 0.00000
0.00000 0.00000 0.00000 0.00000 0.00000 0.00000 0.00000 0.00000 0.00000 0.00000 0.00000 0.00000 0.00000 0.00000 0.00000 0.00052 0.00155 0.00258 0.00363 0.00461 0.00558 0.00662 0.00759 0.00853 0.00944 0.00997 0.00989 0.00987 0.00993 0.00968 0.00945 0.00965 0.00962 0.00943 0.00949 0.00889 0.00776 0.00688 0.00607 0.00496 0.00400 0.00314 0.00224 0.00129 0.00044 0.00000 0.00000 0.00000 0.00000 0.00000 0.00000 0.00000 0.00000 0.00000 0.00000 0.00000 0.00000 0.00000 0.00000 0.00000 0.00000 0.00000 0.00000 0.00000 0.00000 0.00000 0.00000 0.00000 0.00000 0.00000
0.00000 0.00000 0.00000 0.00000 0.00000 0.00000 0.00000 0.00000 0.00000 0.00000 0.00000 0.00000 0.00000 0.00000 0.00000 0.00083 0.00250 0.00422 0.00595 0.00759 0.00922 0.01077 0.01247 0.01420 0.01550 0.01604 0.01641 0.01646 0.01586 0.01569 0.01606 0.01597 0.01547 0.01540 0.01559 0.01471 0.01275 0.01116 0.00983 0.00832 0.00650 0.00502 0.00369 0.00219 0.00070 0.00000 0.00000 0.00000 0.00000 0.00000 0.00000 0.00000 0.00000 0.00000 0.00000 0.00000 0.00000 0.00000 0.00000 0.00000 0.00000 0.00000 0.00000 0.00000 0.00000 0.00000 0.00000 0.00000 0.00000 0.00000
0.00000 0.00000 0.00000 0.00000 0.00000 0.00000 0.00000 0.00000 0.00000 0.00000 0.00000 0.00000 0.00000 0.00000 0.00000 0.00118 0.00363 0.00594 0.00809 0.01039 0.01272 0.01508 0.01735 0.01935 0.02141 0.02268 0.02274 0.02223 0.02194 0.02218 0.02216 0.02160 0.02153 0.02159 0.02119 0.01990 0.01799 0.01573 0.01330 0.01120 0.00925 0.00703 0.00499 0.00302 0.00099 0.00000 0.00000 0.00000 0.00000 0.00000 0.00000 0.00000 0.00000 0.00000 0.00000 0.00000 0.00000 0.00000 0.00000 0.00000 0.00000 0.00000 0.00000 0.00000 0.00000 0.00000 0.00000 0.00000 0.00000 0.00000
0.00000 0.00000 0.00000 0.00000 0.00000 0.00000 0.00000 0.00000 0.00000 0.00000 0.00000 0.00000 0.00000 0.00000 0.00000 0.00149 0.00454 0.00740 0.01041 0.01324 0.01603 0.01899 0.02189 0.02461 0.02729 0.02869 0.02830 0.02806 0.02817 0.02806 0.02753 0.02738 0.02744 0.02725 0.02672 0.02527 0.02264 0.01984 0.01676 0.01412 0.01168 0.00900 0.00624 0.00373 0.00126 0.00000 0.00000 0.00000 0.00000 0.00000 0.00000 0.00000 0.00000 0.00000 0.00000 0.00000 0.00000 0.00000 0.00000 0.00000 0.00000 0.00000 0.00000 0.00000 0.00000 0.00000 0.00000 0.00000 0.00000 0.00000
0.00000 0.00000 0.00000 0.00000 0.00000 0.00000 0.00000 0.00000 0.00000 0.00000 0.00000 0.00000 0.00000 0.00000 0.00000 0.00184 0.00524 0.00880 0.01256 0.01638 0.01982 0.02257 0.02587 0.02997 0.03378 0.03411 0.03371 0.03432 0.03444 0.03322 0.03302 0.03346 0.03313 0.03203 0.03247 0.03110 0.02705 0.02326 0.02058 0.01764 0.01386 0.01061 0.00766 0.00453 0.00150 0.00000 0.00000 0.00000 0.00000 0.00000 0.00000 0.00000 0.00000 0.00000 0.00000 0.00000 0.00000 0.00000 0.00000 0.00000 0.00000 0.00000 0.00000 0.00000 0.00000 0.00000 0.00000 0.00000 0.00000 0.00000
0.00000 0.00000 0.00000 0.00000 0.00000 0.00000 0.00000 0.00000 0.00000 0.00000 0.00000 0.00000 0.00000 0.00000 0.00000 0.00205 0.00622 0.01049 0.01441 0.01853 0.02314 0.02699 0.03016 0.03402 0.03862 0.04049 0.03957 0.03941 0.03946 0.03931 0.03853 0.03839 0.03837 0.03814 0.03726 0.03541 0.03180 0.02760 0.02356 0.01994 0.01613 0.01239 0.00891 0.00532 0.00174 0.00000 0.00000 0.00000 0.00000 0.00000 0.00000 0.00000 0.00000 0.00000 0.00000 0.00000 0.00000 0.00000 0.00000 0.00000 0.00000 0.00000 0.00000 0.00000 0.00000 0.00000 0.00000 0.00000 0.00000 0.00000
0.00000 0.00000 0.00000 0.00000 0.00000 0.00000 0.00000 0.00000 0.00000 0.00000 0.00000 0.00000 0.00000 0.00000 0.00000 0.00237 0.00734 0.01226 0.01695 0.02082 0.02527 0.03112 0.03649 0.03872 0.04262 0.04634 0.04667 0.04462 0.04414 0.04510 0.04505 0.04298 0.04338 0.04434 0.04316 0.03881 0.03607 0.03285 0.02697 0.02191 0.01853 0.01449 0.01006 0.00604 0.00199 0.00000 0.00000 0.00000 0.00000 0.00000 0.00000 0.00000 0.00000 0.00000 0.00000 0.00000 0.00000 0.00000 0.00000 0.00000 0.00000 0.00000 0.00000 0.00000 0.00000 0.00000 0.00000 0.00000 0.00000 0.00000
0.00000 0.00000 0.00000 0.00000 0.00000 0.00000 0.00000 0.00000 0.00000 0.00000 0.00000 0.00000 0.00000 0.00000 0.00000 0.00277 0.00814 0.01271 0.01890 0.02452 0.02825 0.03299 0.03971 0.04504 0.04797 0.05026 0.05133 0.05121 0.04927 0.04913 0.04997 0.04973 0.04723 0.04769 0.04910 0.04563 0.03852 0.03484 0.03123 0.02530 0.02047 0.01597 0.01136 0.00660 0.00221 0.00000 0.00000 0.00000 0.00000 0.00000 0.00000 0.00000 0.00000 0.00000 0.00000 0.00000 0.00000 0.00000 0.00000 0.00000 0.00000 0.00000 0.00000 0.00000 0.00000 0.00000 0.00000 0.00000 0.00000 0.00000
0.00000 0.00000 0.00000 0.00000 0.00000 0.00000 0.00000 0.00000 0.00000 0.00000 0.00000 0.00000 0.00000 0.00000 0.00000 0.00299 0.00884 0.01457 0.01988 0.02671 0.03376 0.03722 0.04145 0.04891 0.05571 0.05603 0.05488 0.05591 0.05637 0.05440 0.05411 0.05484 0.05433 0.05135 0.05289 0.05162 0.04430 0.03738 0.03346 0.02861 0.02258 0.01750 0.01243 0.00739 0.00244 0.00000 0.00000 0.00000 0.00000 0.00000 0.00000 0.00000 0.00000 0.00000 0.00000 0.00000 0.00000 0.00000 0.00000 0.00000 0.00000 0.00000 0.00000 0.00000 0.00000 0.00000 0.00000 0.00000 0.00000 0.00000
0.00000 0.00000 0.00000 0.00000 0.00000 0.00000 0.00000 0.00000 0.00000 0.00000 0.00000 0.00000 0.00000 0.00000 0.00000 0.00291 0.00895 0.01599 0.02142 0.02629 0.03369 0.04026 0.04395 0.04870 0.05659 0.05978 0.05715 0.05661 0.05809 0.05800 0.05514 0.05498 0.05696 0.05630 0.05192 0.05074 0.04763 0.04044 0.03354 0.02883 0.02398 0.01783 0.01276 0.00798 0.00255 0.00000 0.00000 0.00000 0.00000 0.00000 0.00000 0.00000 0.00000 0.00000 0.00000 0.00000 0.00000 0.00000 0.00000 0.00000 0.00000 0.00000 0.00000 0.00000 0.00000 0.00000 0.00000 0.00000 0.00000 0.00000
0.00000 0.00000 0.00000 0.00000 0.00000 0.00000 0.00000 0.00000 0.00000 0.00000 0.00000 0.00000 0.00000 0.00000 0.00000 0.00314 0.00893 0.01475 0.02215 0.02781 0.03159 0.03793 0.04614 0.05050 0.05370 0.05714 0.05854 0.05744 0.05598 0.05584 0.05646 0.05519 0.05483 0.05501 0.05421 0.04967 0.04550 0.04017 0.03378 0.02849 0.02338 0.01788 0.01252 0.00758 0.00252 0.00000 0.00000 0.00000 0.00000 0.00000 0.00000 0.00000 0.00000 0.00000 0.00000 0.00000 0.00000 0.00000 0.00000 0.00000 0.00000 0.00000 0.00000 0.00000 0.00000 0.00000 0.00000 0.00000 0.00000 0.00000
0.00000 0.00000 0.00000 0.00000 0.00000 0.00000 0.00000 0.00000 0.00000 0.00000 0.00000 0.00000 0.00000 0.00000 0.00000 0.00305 0.00939 0.01420 0.02044 0.02741 0.03281 0.03635 0.04333 0.05050 0.05433 0.05544 0.05661 0.05730 0.05507 0.05390 0.05543 0.05582 0.05274 0.05239 0.05435 0.05106 0.04285 0.03838 0.03410 0.02802 0.02249 0.01790 0.01260 0.00698 0.00242 0.00000 0.00000 0.00000 0.00000 0.00000 0.00000 0.00000 0.00000 0.00000 0.00000 0.00000 0.00000 0.00000 0.00000 0.00000 0.00000 0.00000 0.00000 0.00000 0.00000 0.00000 0.00000 0.00000 0.00000 0.00000
0.00000 0.00000 0.00000 0.00000 0.00000 0.00000 0.00000 0.00000 0.00000 0.00000 0.00000 0.00000 0.00000 0.00000 0.00000 0.00283 0.00906 0.01541 0.01968 0.02516 0.03322 0.03916 0.04143 0.04671 0.05463 0.05782 0.05470 0.05380 0.05546 0.05572 0.05385 0.05253 0.05327 0.05353 0.05274 0.04888 0.04337 0.03864 0.03345 0.02758 0.02213 0.01738 0.01246 0.00727 0.00241 0.00000 0.00000 0.00000 0.00000 0.00000 0.00000 0.00000 0.00000 0.00000 0.00000 0.00000 0.00000 0.00000 0.00000 0.00000 0.00000 0.00000 0.00000 0.00000 0.00000 0.00000 0.00000 0.00000 0.00000 0.00000
0.00000 0.00000 0.00000 0.00000 0.00000 0.00000 0.00000 0.00000 0.00000 0.00000 0.00000 0.00000 0.00000 0.00000 0.00000 0.00280 0.00831 0.01475 0.02087 0.02460 0.03048 0.03805 0.04335 0.04579 0.05173 0.05642 0.05542 0.05286 0.05336 0.05483 0.05335 0.05139 0.05197 0.05294 0.05145 0.04769 0.04318 0.03788 0.03208 0.02714 0.02220 0.01670 0.01190 0.00734 0.00239 0.00000 0.00000 0.00000 0.00000 0.00000 0.00000 0.00000 0.00000 0.00000 0.00000 0.00000 0.00000 0.00000 0.00000 0.00000 0.00000 0.00000 0.00000 0.00000 0.00000 0.00000 0.00000 0.00000 0.00000 0.00000
0.00000 0.00000 0.00000 0.00000 0.00000 0.00000 0.00000 0.00000 0.00000 0.00000 0.00000 0.00000 0.00000 0.00000 0.00000 0.00296 0.00825 0.01354 0.02055 0.02647 0.02945 0.03465 0.04272 0.04881 0.05006 0.05226 0.05456 0.05532 0.05238 0.05056 0.05210 0.05368 0.05176 0.04887 0.04983 0.04943 0.04304 0.03638 0.03115 0.02695 0.02203 0.01663 0.01168 0.00702 0.00235 0.00000 0.00000 0.00000 0.00000 0.00000 0.00000 0.00000 0.00000 0.00000 0.00000 0.00000 0.00000 0.00000 0.00000 0.00000 0.00000 0.00000 0.00000 0.00000 0.00000 0.00000 0.00000 0.00000 0.00000 0.00000
0.00000 0.00000 0.00000 0.00000 0.00000 0.00000 0.00000 0.00000 0.00000 0.00000 0.00000 0.00000 0.00000 0.00000 0.00000 0.00281 0.00863 0.01353 0.01858 0.02542 0.03143 0.03421 0.03920 0.04727 0.05258 0.05158 0.05133 0.05346 0.05351 0.05026 0.04965 0.05159 0.05208 0.04932 0.04781 0.04695 0.04258 0.03623 0.03106 0.02585 0.02111 0.01652 0.01165 0.00673 0.00225 0.00000 0.00000 0.00000 0.00000 0.00000 0.00000 0.00000 0.00000 0.00000 0.00000 0.00000 0.00000 0.00000 0.00000 0.00000 0.00000 0.00000 0.00000 0.00000 0.00000 0.00000 0.00000 0.00000 0.00000 0.00000
0.00000 0.00000 0.00000 0.00000 0.00000 0.00000 0.00000 0.00000 0.00000 0.00000 0.00000 0.00000 0.00000 0.00000 0.00000 0.00262 0.00840 0.01417 0.01814 0.02321 0.03071 0.03621 0.03794 0.04330 0.05127 0.05382 0.05033 0.04974 0.05126 0.05233 0.05048 0.04765 0.04836 0.05117 0.04971 0.04393 0.03956 0.03655 0.03123 0.02550 0.02032 0.01599 0.01150 0.00674 0.00222 0.00000 0.00000 0.00000 0.00000 0.00000 0.00000 0.00000 0.00000 0.00000 0.00000 0.00000 0.00000 0.00000 0.00000 0.00000 0.00000 0.00000 0.00000 0.00000 0.00000 0.00000 0.00000 0.00000 0.00000 0.00000
0.00000 0.00000 0.00000 0.00000 0.00000 0.00000 0.00000 0.00000 0.00000 0.00000 0.00000 0.00000 0.00000 0.00000 0.00000 0.00271 0.00773 0.01345 0.01954 0.02362 0.02769 0.03477 0.04094 0.04305 0.04682 0.05191 0.05263 0.04931 0.04815 0.04974 0.05130 0.04889 0.04593 0.04782 0.05001 0.04511 0.03872 0.03427 0.03024 0.02537 0.02037 0.01531 0.01097 0.00669 0.00219 0.00000 0.00000 0.00000 0.00000 0.00000 0.00000 0.00000 0.00000 0.00000 0.00000 0.00000 0.00000 0.00000 0.00000 0.00000 0.00000 0.00000 0.00000 0.00000 0.00000 0.00000 0.00000 0.00000 0.00000 0.00000
0.00000 0.00000 0.00000 0.00000 0.00000 0.00000 0.00000 0.00000 0.00000 0.00000 0.00000 0.00000 0.00000 0.00000 0.00000 0.00271 0.00773 0.01239 0.01899 0.02429 0.02712 0.03227 0.03996 0.04438 0.04582 0.04902 0.05112 0.05020 0.04821 0.04778 0.04679 0.04870 0.04901 0.04589 0.04517 0.04476 0.04002 0.03396 0.02843 0.02445 0.02020 0.01536 0.01069 0.00638 0.00214 0.00000 0.00000 0.00000 0.00000 0.00000 0.00000 0.00000 0.00000 0.00000 0.00000 0.00000 0.00000 0.00000 0.00000 0.00000 0.00000 0.00000 0.00000 0.00000 0.00000 0.00000 0.00000 0.00000 0.00000 0.00000
0.00000 0.00000 0.00000 0.00000 0.00000 0.00000 0.00000 0.00000 0.00000 0.00000 0.00000 0.00000 0.00000 0.00000 0.00000 0.00244 0.00764 0.01247 0.01614 0.02177 0.02795 0.03123 0.03380 0.04037 0.04653 0.04648 0.04459 0.04547 0.04708 0.04714 0.04335 0.04295 0.04562 0.04490 0.04192 0.03977 0.03686 0.03229 0.02708 0.02213 0.01830 0.01445 0.01012 0.00585 0.00194 0.00010 0.00031 0.00050 0.00069 0.00088 0.00108 0.00126 0.00142 0.00156 0.00178 0.00189 0.00183 0.00174 0.00183 0.00190 0.00187 0.00174 0.00186 0.00208 0.00201 0.00194 0.00206 0.00213 0.00220 0.00233
0.00000 0.00000 0.00000 0.00000 0.00000 0.00000 0.00000 0.00000 0.00000 0.00000 0.00000 0.00000 0.00000 0.00000 0.00000 0.00201 0.00671 0.01105 0.01447 0.01839 0.02409 0.02793 0.03003 0.03473 0.04058 0.04110 0.03954 0.04029 0.04047 0.03947 0.04053 0.03929 0.03773 0.03809 0.03908 0.03611 0.03076 0.02733 0.02418 0.02013 0.01582 0.01224 0.00883 0.00522 0.00171 0.00030 0.00089 0.00148 0.00204 0.00256 0.00312 0.00371 0.00419 0.00457 0.00516 0.00554 0.00537 0.00510 0.00536 0.00561 0.00534 0.00508 0.00573 0.00613 0.00563 0.00575 0.00596 0.00640 0.00656 0.00674
0.00000 0.00000 0.00000 0.00000 0.00000 0.00000 0.00000 0.00000 0.00000 0.00000 0.00000 0.00000 0.00000 0.00000 0.00000 0.00190 0.00532 0.00909 0.01377 0.01695 0.01895 0.02326 0.02849 0.03085 0.03242 0.03498 0.03597 0.03560 0.03377 0.03288 0.03454 0.03532 0.03288 0.03188 0.03307 0.03180 0.02718 0.02304 0.02034 0.01751 0.01400 0.01040 0.00743 0.00453 0.00149 0.00048 0.00143 0.00239 0.00333 0.00420 0.00507 0.00585 0.00680 0.00766 0.00847 0.00839 0.00863 0.00885 0.00893 0.00815 0.00852 0.00940 0.00957 0.00852 0.00900 0.00994 0.01029 0.01054 0.01032 0.01089
0.00000 0.00000 0.00000 0.00000 0.00000 0.00000 0.00000 0.00000 0.00000 0.00000 0.00000 0.00000 0.00000 0.00000 0.00000 0.00160 0.00469 0.00758 0.01144 0.01430 0.01647 0.01989 0.02370 0.02587 0.02796 0.03029 0.03039 0.02905 0.02915 0.02967 0.02881 0.02791 0.02892 0.02870 0.02728 0.02555 0.02351 0.02064 0.01702 0.01420 0.01181 0.00910 0.00633 0.00375 0.00125 0.00067 0.00197 0.00325 0.00451 0.00575 0.00690 0.00800 0.00930 0.01046 0.01130 0.01153 0.01208 0.01211 0.01154 0.01113 0.01234 0.01281 0.01174 0.01163 0.01352 0.01412 0.01343 0.01364 0.01374 0.01537
0.00000 0.00000 0.00000 0.00000 0.00000 0.00000 0.00000 0.00000 0.00000 0.00000 0.00000 0.00000 0.00000 0.00000 0.00000 0.00130 0.00418 0.00676 0.00847 0.01129 0.01498 0.01703 0.01808 0.02096 0.02452 0.02531 0.02415 0.02391 0.02449 0.02483 0.02374 0.02272 0.02347 0.02407 0.02298 0.02077 0.01899 0.01713 0.01442 0.01160 0.00953 0.00756 0.00533 0.00305 0.00102 0.00084 0.00250 0.00403 0.00564 0.00716 0.00867 0.01009 0.01169 0.01267 0.01410 0.01500 0.01537 0.01404 0.01426 0.01523 0.01595 0.01390 0.01443 0.01706 0.01705 0.01612 0.01589 0.01732 0.01921 0.02047
0.00000 0.00000 0.00000 0.00000 0.00000 0.00000 0.00000 0.00000 0.00000 0.00000 0.00000 0.00000 0.00000 0.00000 0.00000 0.00106 0.00329 0.00525 0.00708 0.00937 0.01175 0.01326 0.01478 0.01748 0.01947 0.01949 0.01949 0.02013 0.01970 0.01871 0.01914 0.01954 0.01873 0.01803 0.01853 0.01779 0.01516 0.01299 0.01147 0.00974 0.00770 0.00587 0.00420 0.00250 0.00082 0.00099 0.00295 0.00486 0.00670 0.00852 0.01043 0.01211 0.01345 0.01511 0.01758 0.01803 0.01686 0.01675 0.01861 0.01833 0.01685 0.01655 0.01991 0.01962 0.01806 0.01848 0.02089 0.02255 0.02225 0.02263
0.00000 0.00000 0.00000 0.00000 0.00000 0.00000 0.00000 0.00000 0.00000 0.00000 0.00000 0.00000 0.00000 0.00000 0.00000 0.00083 0.00226 0.00386 0.00600 0.00737 0.00807 0.00981 0.01210 0.01343 0.01409 0.01479 0.01524 0.01528 0.01475 0.01415 0.01455 0.01490 0.01433 0.01355 0.01387 0.01351 0.01170 0.00978 0.00855 0.00738 0.00594 0.00440 0.00313 0.00191 0.00063 0.00112 0.00338 0.00563 0.00775 0.00966 0.01199 0.01386 0.01552 0.01734 0.02017 0.02022 0.01935 0.02003 0.02137 0.01948 0.01880 0.02163 0.02250 0.02004 0.02037 0.02407 0.02487 0.02443 0.02431 0.02572
0.00000 0.00000 0.00000 0.00000 0.00000 0.00000 0.00000 0.00000 0.00000 0.00000 0.00000 0.00000 0.00000 0.00000 0.00000 0.00055 0.00164 0.00286 0.00409 0.00491 0.00582 0.00729 0.00838 0.00891 0.00996 0.01095 0.01070 0.01015 0.01027 0.01064 0.01029 0.00975 0.00995 0.01025 0.00980 0.00889 0.00809 0.00730 0.00607 0.00497 0.00408 0.00318 0.00223 0.00132 0.00043 0.00129 0.00382 0.00632 0.00880 0.01107 0.01307 0.01543 0.01823 0.01998 0.02079 0.02218 0.02407 0.02306 0.02089 0.02124 0.02536 0.02451 0.02183 0.02204 0.02667 0.02708 0.02514 0.02605 0.02791 0.03189
0.00000 0.00000 0.00000 0.00000 0.00000 0.00000 0.00000 0.00000 0.00000 0.00000 0.00000 0.00000 0.00000 0.00000 0.00000 0.00032 0.00106 0.00171 0.00208 0.00281 0.00377 0.00431 0.00453 0.00521 0.00614 0.00639 0.00613 0.00594 0.00613 0.00623 0.00600 0.00567 0.00583 0.00598 0.00577 0.00518 0.00470 0.00424 0.00360 0.00289 0.00236 0.00186 0.00132 0.00075 0.00025 0.00144 0.00425 0.00680 0.00966 0.01231 0.01454 0.01663 0.02000 0.02217 0.02323 0.02404 0.02632 0.02521 0.02312 0.02481 0.02716 0.02454 0.02308 0.02798 0.02876 0.02639 0.02657 0.03104 0.03275 0.03390
0.00000 0.00000 0.00000 0.00000 0.00000 0.00000 0.00000 0.00000 0.00000 0.00000 0.00000 0.00000 0.00000 0.00000 0.00000 0.00011 0.00035 0.00053 0.00071 0.00099 0.00121 0.00133 0.00151 0.00184 0.00199 0.00198 0.00200 0.00208 0.00202 0.00191 0.00194 0.00202 0.00194 0.00183 0.00186 0.00183 0.00157 0.00132 0.00115 0.00099 0.00079 0.00060 0.00042 0.00025 0.00008 0.00156 0.00466 0.00761 0.01036 0.01329 0.01640 0.01877 0.02039 0.02337 0.02739 0.02754 0.02506 0.02570 0.02913 0.02799 0.02477 0.02482 0.03212 0.03056 0.02688 0.02808 0.03345 0.03552 0.03449 0.03609
0.00000 0.00000 0.00000 0.00000 0.00000 0.00000 0.00000 0.00000 0.00000 0.00000 0.00000 0.00000 0.00000 0.00000 0.00000 0.00000 0.00000 0.00000 0.00000 0.00000 0.00000 0.00000 0.00000 0.00000 0.00000 0.00000 0.00000 0.00000 0.00000 0.00000 0.00000 0.00000 0.00000 0.00000 0.00000 0.00009 0.00027 0.00043 0.00060 0.00079 0.00095 0.00107 0.00122 0.00140 0.00156 0.00305 0.00606 0.00907 0.01174 0.01404 0.01725 0.01997 0.02147 0.02331 0.02774 0.02856 0.02546 0.02571 0.02875 0.02709 0.02397 0.02797 0.02921 0.02606 0.02591 0.03123 0.03224 0.03118 0.03150 0.03337
0.00000 0.00000 0.00000 0.00000 0.00000 0.00000 0.00000 0.00000 0.00000 0.00000 0.00000 0.00000 0.00000 0.00000 0.00000 0.00000 0.00000 0.00000 0.00000 0.00000 0.00000 0.00000 0.00000 0.00000 0.00000 0.00000 0.00000 0.00000 0.00000 0.00000 0.00000 0.00000 0.00000 0.00000 0.00000 0.00026 0.00078 0.00135 0.00183 0.00225 0.00270 0.00324 0.00375 0.00411 0.00449 0.00608 0.00854 0.01104 0.01372 0.01591 0.01752 0.01986 0.02301 0.02443 0.02491 0.02617 0.02786 0.02592 0.02314 0.02281 0.02767 0.02643 0.02185 0.02233 0.02760 0.02761 0.02581 0.02783 0.03140 0.03597
0.00000 0.00000 0.00000 0.00000 0.00000 0.00000 0.00000 0.00000 0.00000 0.00000 0.00000 0.00000 0.00000 0.00000 0.00000 0.00000 0.00000 0.00000 0.00000 0.00000 0.00000 0.00000 0.00000 0.00000 0.00000 0.00000 0.00000 0.00000 0.00000 0.00000 0.00000 0.00000 0.00000 0.00000 0.00000 0.00042 0.00126 0.00215 0.00297 0.00364 0.00440 0.00519 0.00604 0.00665 0.00730 0.00874 0.01102 0.01274 0.01494 0.01717 0.01861 0.01967 0.02256 0.02451 0.02448 0.02416 0.02630 0.02462 0.02149 0.02214 0.02387 0.02131 0.01995 0.02260 0.02213 0.02026 0.02146 0.02626 0.02821 0.02958
0.00000 0.00000 0.00000 0.00000 0.00000 0.00000 0.00000 0.00000 0.00000 0.00000 0.00000 0.00000 0.00000 0.00000 0.00000 0.00000 0.00000 0.00000 0.00000 0.00000 0.00000 0.00000 0.00000 0.00000 0.00000 0.00000 0.00000 0.00000 0.00000 0.00000 0.00000 0.00000 0.00000 0.00000 0.00000 0.00062 0.00179 0.00284 0.00393 0.00519 0.00639 0.00715 0.00782 0.00927 0.01042 0.01137 0.01325 0.01524 0.01643 0.01773 0.02007 0.02128 0.02179 0.02337 0.02616 0.02475 0.02236 0.02256 0.02423 0.02175 0.01810 0.01682 0.02184 0.01973 0.01630 0.01776 0.02263 0.02460 0.02494 0.02710
0.00000 0.00000 0.00000 0.00000 0.00000 0.00000 0.00000 0.00000 0.00000 0.00000 0.00000 0.00000 0.00000 0.00000 0.00000 0.00000 0.00000 0.00000 0.00000 0.00000 0.00000 0.00000 0.00000 0.00000 0.00000 0.00000 0.00000 0.00000 0.00000 0.00000 0.00000 0.00000 0.00000 0.00000 0.00000 0.00077 0.00227 0.00354 0.00495 0.00634 0.00783 0.00900 0.01016 0.01100 0.01264 0.01403 0.01500 0.01649 0.01802 0.01867 0.01982 0.02155 0.02249 0.02219 0.02441 0.02456 0.02213 0.01988 0.02080 0.01918 0.01904 0.01764 0.01611 0.01431 0.01474 0.01641 0.01788 0.01808 0.01956 0.02198
0.00000 0.00000 0.00000 0.00000 0.00000 0.00000 0.00000 0.00000 0.00000 0.00000 0.00000 0.00000 0.00000 0.00000 0.00000 0.00000 0.00000 0.00000 0.00000 0.00000 0.00000 0.00000 0.00000 0.00000 0.00000 0.00000 0.00000 0.00000 0.00000 0.00000 0.00000 0.00000 0.00000 0.00000 0.00000 0.00088 0.00262 0.00443 0.00617 0.00757 0.00878 0.01099 0.01308 0.01333 0.01437 0.01723 0.01758 0.01744 0.01930 0.02090 0.02060 0.02091 0.02316 0.02312 0.02290 0.02420 0.02379 0.01897 0.01708 0.01855 0.01875 0.01474 0.01211 0.01286 0.01365 0.01289 0.01372 0.01670 0.02033 0.02290
0.00000 0.00000 0.00000 0.00000 0.00000 0.00000 0.00000 0.00000 0.00000 0.00000 0.00000 0.00000 0.00000 0.00000 0.00000 0.00000 0.00000 0.00000 0.00000 0.00000 0.00000 0.00000 0.00000 0.00000 0.00000 0.00000 0.00000 0.00000 0.00000 0.00000 0.00000 0.00000 0.00000 0.00000 0.00000 0.00097 0.00298 0.00507 0.00702 0.00866 0.01071 0.01190 0.01389 0.01620 0.01713 0.01787 0.01927 0.01970 0.01945 0.02061 0.02270 0.02119 0.02151 0.02297 0.02490 0.02090 0.01992 0.01911 0.01929 0.01532 0.01261 0.01253 0.01325 0.01114 0.00890 0.00861 0.01133 0.01438 0.01681 0.01862
0.00000 0.00000 0.00000 0.00000 0.00000 0.00000 0.00000 0.00000 0.00000 0.00000 0.00000 0.00000 0.00000 0.00000 0.00000 0.00000 0.00000 0.00000 0.00000 0.00000 0.00000 0.00000 0.00000 0.00000 0.00000 0.00000 0.00000 0.00000 0.00000 0.00000 0.00000 0.00000 0.00000 0.00000 0.00000 0.00117 0.00344 0.00561 0.00766 0.01006 0.01239 0.01355 0.01484 0.01963 0.02040 0.01808 0.02043 0.02328 0.02222 0.01982 0.02199 0.02314 0.02233 0.02224 0.02420 0.02118 0.01850 0.01907 0.01842 0.01320 0.01080 0.01192 0.01129 0.00773 0.00600 0.00732 0.01048 0.01176 0.01349 0.01619
0.00000 0.00000 0.00000 0.00000 0.00000 0.00000 0.00000 0.00000 0.00000 0.00000 0.00000 0.00000 0.00000 0.00000 0.00000 0.00000 0.00000 0.00000 0.00000 0.00000 0.00000 0.00000 0.00000 0.00000 0.00000 0.00000 0.00000 0.00000 0.00000 0.00000 0.00000 0.00000 0.00000 0.00000 0.00000 0.00137 0.00386 0.00600 0.00878 0.01081 0.01278 0.01549 0.01870 0.01897 0.02046 0.02267 0.02154 0.02181 0.02398 0.02223 0.02099 0.02201 0.02474 0.02127 0.02017 0.02097 0.02108 0.01570 0.01301 0.01282 0.01289 0.00970 0.00634 0.00545 0.00476 0.00477 0.00651 0.00830 0.01085 0.01348
0.00000 0.00000 0.00000 0.00000 0.00000 0.00000 0.00000 0.00000 0.00000 0.00000 0.00000 0.00000 0.00000 0.00000 0.00000 0.00000 0.00000 0.00000 0.00000 0.00000 0.00000 0.00000 0.00000 0.00000 0.00000 0.00000 0.00000 0.00000 0.00000 0.00000 0.00000 0.00000 0.00000 0.00000 0.00000 0.00141 0.00417 0.00676 0.00950 0.01174 0.01398 0.01764 0.01963 0.01847 0.02244 0.02593 0.02603 0.01934 0.02188 0.02478 0.02422 0.02113 0.02229 0.02238 0.02088 0.02053 0.02055 0.01496 0.01195 0.01215 0.01133 0.00720 0.00487 0.00446 0.00244 0.00206 0.00414 0.00732 0.01039 0.01212
0.00000 0.00000 0.00000 0.00000 0.00000 0.00000 0.00000 0.00000 0.00000 0.00000 0.00000 0.00000 0.00000 0.00000 0.00000 0.00000 0.00000 0.00000 0.00000 0.00000 0.00000 0.00000 0.00000 0.00000 0.00000 0.00000 0.00000 0.00000 0.00000 0.00000 0.00000 0.00000 0.00000 0.00000 0.00000 0.00126 0.00408 0.00668 0.00877 0.01160 0.01548 0.01600 0.01576 0.02072 0.02342 0.02296 0.02300 0.02281 0.02052 0.02128 0.02437 0.02082 0.01837 0.02026 0.02282 0.01766 0.01404 0.01421 0.01380 0.01006 0.00646 0.00612 0.00543 0.00306 0.00085 0.00089 0.00333 0.00560 0.00742 0.00959
0.00000 0.00000 0.00000 0.00000 0.00000 0.00000 0.00000 0.00000 0.00000 0.00000 0.00000 0.00000 0.00000 0.00000 0.00000 0.00000 0.00000 0.00000 0.00000 0.00000 0.00000 0.00000 0.00000 0.00000 0.00000 0.00000 0.00000 0.00000 0.00000 0.00000 0.00000 0.00000 0.00000 0.00000 0.00000 0.00117 0.00364 0.00591 0.00795 0.01003 0.01255 0.01385 0.01560 0.01870 0.02170 0.01813 0.01799 0.02114 0.02243 0.01724 0.01649 0.01941 0.01851 0.01748 0.01917 0.01607 0.01280 0.01243 0.01233 0.00849 0.00555 0.00601 0.00471 0.00231 0.00075 0.00098 0.00326 0.00429 0.00609 0.00871
0.00000 0.00000 0.00000 0.00000 0.00000 0.00000 0.00000 0.00000 0.00000 0.00000 0.00000 0.00000 0.00000 0.00000 0.00000 0.00000 0.00000 0.00000 0.00000 0.00000 0.00000 0.00000 0.00000 0.00000 0.00000 0.00000 0.00000 0.00000 0.00000 0.00000 0.00000 0.00000 0.00000 0.00000 0.00000 0.00107 0.00305 0.00502 0.00732 0.00874 0.00928 0.01242 0.01512 0.01554 0.01569 0.01770 0.01723 0.01720 0.01841 0.01636 0.01384 0.01607 0.01786 0.01475 0.01257 0.01396 0.01362 0.01030 0.00716 0.00736 0.00718 0.00502 0.00252 0.00186 0.00080 0.00078 0.00187 0.00324 0.00505 0.00627
0.00000 0.00000 0.00000 0.00000 0.00000 0.00000 0.00000 0.00000 0.00000 0.00000 0.00000 0.00000 0.00000 0.00000 0.00000 0.00000 0.00000 0.00000 0.00000 0.00000 0.00000 0.00000 0.00000 0.00000 0.00000 0.00000 0.00000 0.00000 0.00000 0.00000 0.00000 0.00000 0.00000 0.00000 0.00000 0.00091 0.00253 0.00416 0.00620 0.00779 0.00887 0.01032 0.01274 0.01309 0.01329 0.01559 0.01693 0.01388 0.01177 0.01473 0.01492 0.01336 0.01345 0.01304 0.01189 0.01188 0.01204 0.00874 0.00586 0.00641 0.00614 0.00394 0.00225 0.00190 0.00072 0.00058 0.00177 0.00356 0.00535 0.00676
0.00000 0.00000 0.00000 0.00000 0.00000 0.00000 0.00000 0.00000 0.00000 0.00000 0.00000 0.00000 0.00000 0.00000 0.00000 0.00000 0.00000 0.00000 0.00000 0.00000 0.00000 0.00000 0.00000 0.00000 0.00000 0.00000 0.00000 0.00000 0.00000 0.00000 0.00000 0.00000 0.00000 0.00000 0.00000 0.00073 0.00226 0.00370 0.00481 0.00640 0.00820 0.00899 0.00917 0.01114 0.01292 0.01328 0.01290 0.01184 0.01117 0.01234 0.01340 0.01078 0.00887 0.01109 0.01196 0.00955 0.00677 0.00732 0.00721 0.00541 0.00313 0.00305 0.00266 0.00154 0.00037 0.00041 0.00155 0.00244 0.00296 0.00322
0.00000 0.00000 0.00000 0.00000 0.00000 0.00000 0.00000 0.00000 0.00000 0.00000 0.00000 0.00000 0.00000 0.00000 0.00000 0.00000 0.00000 0.00000 0.00000 0.00000 0.00000 0.00000 0.00000 0.00000 0.00000 0.00000 0.00000 0.00000 0.00000 0.00000 0.00000 0.00000 0.00000 0.00000 0.00000 0.00058 0.00194 0.00316 0.00391 0.00497 0.00663 0.00757 0.00796 0.00901 0.01112 0.01052 0.00883 0.01023 0.01093 0.00994 0.00885 0.00907 0.00899 0.00938 0.00978 0.00763 0.00557 0.00609 0.00606 0.00419 0.00230 0.00262 0.00218 0.00112 0.00032 0.00040 0.00142 0.00203 0.00266 0.00392
0.00000 0.00000 0.00000 0.00000 0.00000 0.00000 0.00000 0.00000 0.00000 0.00000 0.00000 0.00000 0.00000 0.00000 0.00000 0.00000 0.00000 0.00000 0.00000 0.00000 0.00000 0.00000 0.00000 0.00000 0.00000 0.00000 0.00000 0.00000 0.00000 0.00000 0.00000 0.00000 0.00000 0.00000 0.00000 0.00051 0.00146 0.00228 0.00339 0.00426 0.00485 0.00566 0.00695 0.00768 0.00798 0.00778 0.00819 0.00859 0.00872 0.00711 0.00660 0.00773 0.00815 0.00652 0.00556 0.00620 0.00592 0.00468 0.00313 0.00306 0.00289 0.00211 0.00108 0.00075 0.00030 0.00029 0.00065 0.00093 0.00144 0.00178
0.00000 0.00000 0.00000 0.00000 0.00000 0.00000 0.00000 0.00000 0.00000 0.00000 0.00000 0.00000 0.00000 0.00000 0.00000 0.00000 0.00000 0.00000 0.00000 0.00000 0.00000 0.00000 0.00000 0.00000 0.00000 0.00000 0.00000 0.00000 0.00000 0.00000 0.00000 0.00000 0.00000 0.00000 0.00000 0.00036 0.00096 0.00161 0.00249 0.00322 0.00348 0.00401 0.00506 0.00549 0.00554 0.00595 0.00644 0.00601 0.00519 0.00525 0.00572 0.00570 0.00534 0.00444 0.00435 0.00478 0.00456 0.00309 0.00212 0.00227 0.00214 0.00139 0.00065 0.00055 0.00023 0.00020 0.00048 0.00089 0.00134 0.00192
0.00000 0.00000 0.00000 0.00000 0.00000 0.00000 0.00000 0.00000 0.00000 0.00000 0.00000 0.00000 0.00000 0.00000 0.00000 0.00000 0.00000 0.00000 0.00000 0.00000 0.00000 0.00000 0.00000 0.00000 0.00000 0.00000 0.00000 0.00000 0.00000 0.00000 0.00000 0.00000 0.00000 0.00000 0.00000 0.00020 0.00064 0.00111 0.00149 0.00176 0.00233 0.00276 0.00304 0.00308 0.00374 0.00406 0.00389 0.00333 0.00348 0.00377 0.00369 0.00300 0.00296 0.00320 0.00318 0.00266 0.00214 0.00185 0.00174 0.00140 0.00095 0.00076 0.00060 0.00033 0.00009 0.00009 0.00029 0.00043 0.00061 0.00051
0.00000 0.00000 0.00000 0.00000 0.00000 0.00000 0.00000 0.00000 0.00000 0.00000 0.00000 0.00000 0.00000 0.00000 0.00000 0.00000 0.00000 0.00000 0.00000 0.00000 0.00000 0.00000 0.00000 0.00000 0.00000 0.00000 0.00000 0.00000 0.00000 0.00000 0.00000 0.00000 0.00000 0.00000 0.00000 0.00007 0.00023 0.00038 0.00048 0.00061 0.00081 0.00096 0.00102 0.00111 0.00133 0.00136 0.00121 0.00120 0.00132 0.00124 0.00111 0.00099 0.00109 0.00109 0.00112 0.00079 0.00069 0.00068 0.00067 0.00043 0.00026 0.00025 0.00021 0.00011 0.00002 0.00003 0.00011 0.00017 0.00020 0.00024
0.00000 0.00000 0.00000 0.00000 0.00000 0.00000 0.00000 0.00000 0.00000 0.00000 0.00000 0.00000 0.00000 0.00000 0.00000 0.00000 0.00000 0.00000 0.00000 0.00000 0.00000 0.00000 0.00000 0.00000 0.00000 0.00000 0.00000 0.00000 0.00000 0.00000 0.00000 0.00000 0.00000 0.00000 0.00000 0.00008 0.00024 0.00033 0.00055 0.00070 0.00085 0.00086 0.00113 0.00128 0.00139 0.00125 0.00138 0.00146 0.00136 0.00117 0.00120 0.00127 0.00119 0.00102 0.00103 0.00090 0.00079 0.00069 0.00056 0.00039 0.00033 0.00026 0.00018 0.00010 0.00003 0.00002 0.00008 0.00012 0.00015 0.00015
0.00000 0.00000 0.00000 0.00000 0.00000 0.00000 0.00000 0.00000 0.00000 0.00000 0.00000 0.00000 0.00000 0.00000 0.00000 0.00000 0.00000 0.00000 0.00000 0.00000 0.00000 0.00000 0.00000 0.00000 0.00000 0.00000 0.00000 0.00000 0.00000 0.00000 0.00000 0.00000 0.00000 0.00000 0.00000 0.00023 0.00071 0.00105 0.00177 0.00218 0.00255 0.00272 0.00356 0.00394 0.00415 0.00406 0.00461 0.00431 0.00381 0.00359 0.00410 0.00378 0.00355 0.00286 0.00304 0.00286 0.00280 0.00176 0.00149 0.00124 0.00123 0.00074 0.00035 0.00027 0.00011 0.00009 0.00015 0.00028 0.00052 0.00054
0.00000 0.00000 0.00000 0.00000 0.00000 0.00000 0.00000 0.00000 0.00000 0.00000 0.00000 0.00000 0.00000 0.00000 0.00000 0.00000 0.00000 0.00000 0.00000 0.00000 0.00000 0.00000 0.00000 0.00000 0.00000 0.00000 0.00000 0.00000 0.00000 0.00000 0.00000 0.00000 0.00000 0.00000 0.00000 0.00035 0.00126 0.00196 0.00311 0.00305 0.00484 0.00532 0.00639 0.00593 0.00791 0.00832 0.00800 0.00710 0.00714 0.00756 0.00710 0.00596 0.00615 0.00588 0.00554 0.00486 0.00416 0.00275 0.00255 0.00221 0.00177 0.00101 0.00070 0.00041 0.00016 0.00014 0.00029 0.00031 0.00052 0.00033
0.00000 0.00000 0.00000 0.00000 0.00000 0.00000 0.00000 0.00000 0.00000 0.00000 0.00000 0.00000 0.00000 0.00000 0.00000 0.00000 0.00000 0.00000 0.00000 0.00000 0.00000 0.00000 0.00000 0.00000 0.00000 0.00000 0.00000 0.00000 0.00000 0.00000 0.00000 0.00000 0.00000 0.00000 0.00000 0.00049 0.00192 0.00275 0.00436 0.00436 0.00729 0.00746 0.00895 0.00857 0.01184 0.01159 0.01087 0.01006 0.01111 0.01056 0.00922 0.00832 0.00911 0.00825 0.00809 0.00618 0.00569 0.00414 0.00378 0.00276 0.00231 0.00150 0.00117 0.00061 0.00016 0.00017 0.00052 0.00047 0.00069 0.00051
0.00000 0.00000 0.00000 0.00000 0.00000 0.00000 0.00000 0.00000 0.00000 0.00000 0.00000 0.00000 0.00000 0.00000 0.00000 0.00000 0.00000 0.00000 0.00000 0.00000 0.00000 0.00000 0.00000 0.00000 0.00000 0.00000 0.00000 0.00000 0.00000 0.00000 0.00000 0.00000 0.00000 0.00000 0.00000 0.00066 0.00265 0.00323 0.00609 0.00598 0.01011 0.00872 0.01333 0.01230 0.01644 0.01497 0.01533 0.01489 0.01529 0.01415 0.01272 0.01201 0.01275 0.01049 0.01054 0.00800 0.00713 0.00551 0.00451 0.00276 0.00271 0.00182 0.00131 0.00079 0.00018 0.00020 0.00060 0.00040 0.00048 0.00000
