0.19180 0.17978 0.16700 0.15184 0.13626 0.13842 0.15852 0.16782 0.18700 0.19945 0.21915 0.22676 0.24633 0.25443 0.27326 0.26867 0.25574 0.23869 0.22428 0.20964 0.19577 0.18166 0.16693 0.15342 0.14092 0.12636 0.11120 0.09622 0.08272 0.06861 0.05517 0.04216 0.02967 0.01745 0.00570 0.00000 0.00000 0.00000 0.00000 0.00000 0.00000 0.00000 0.00000 0.00000 0.00000 0.00000 0.00000 0.00000 0.00000 0.00000 0.00000 0.00000 0.00000 0.00000 0.00000 0.00599 0.01708 0.02795 0.03677 0.04586 0.05230 0.06054 0.06470 0.07043 0.07240 0.07044 0.05776 0.04801 0.03834 0.03098 0.02354 0.01678 0.01151 0.00628 0.00184 0.00163 0.00466 0.00682 0.00894 0.01167
0.19228 0.17071 0.15154 0.13058 0.11289 0.11294 0.13260 0.14806 0.17069 0.18552 0.20582 0.21892 0.23931 0.25222 0.27299 0.27118 0.25861 0.24556 0.23536 0.22242 0.20948 0.19805 0.18726 0.17536 0.16412 0.14943 0.13208 0.11438 0.09774 0.08117 0.06542 0.05009 0.03518 0.02071 0.00677 0.00000 0.00000 0.00000 0.00000 0.00000 0.00000 0.00000 0.00000 0.00000 0.00000 0.00000 0.00000 0.00000 0.00000 0.00000 0.00000 0.00000 0.00000 0.00000 0.00000 0.00597 0.01723 0.02766 0.03670 0.04575 0.05265 0.05973 0.06422 0.07036 0.07290 0.06923 0.05677 0.04814 0.03823 0.03029 0.02253 0.01663 0.01086 0.00614 0.00171 0.00162 0.00467 0.00751 0.00930 0.01208
0.16537 0.14568 0.12531 0.10517 0.08526 0.08357 0.10617 0.12837 0.15266 0.16868 0.19199 0.21030 0.23245 0.24885 0.27152 0.27257 0.26262 0.25250 0.24520 0.23480 0.22352 0.21431 0.20676 0.19745 0.18716 0.17193 0.15285 0.13261 0.11252 0.09349 0.07567 0.05792 0.04055 0.02389 0.00782 0.00000 0.00000 0.00000 0.00000 0.00000 0.00000 0.00000 0.00000 0.00000 0.00000 0.00000 0.00000 0.00000 0.00000 0.00000 0.00000 0.00000 0.00000 0.00000 0.00000 0.00601 0.01727 0.02756 0.03663 0.04595 0.05292 0.05932 0.06394 0.07083 0.07343 0.06846 0.05642 0.04855 0.03868 0.02963 0.02244 0.01682 0.01088 0.00580 0.00176 0.00161 0.00442 0.00739 0.00932 0.01097
0.15988 0.13376 0.10888 0.08354 0.05780 0.05640 0.08224 0.10775 0.13301 0.15301 0.17971 0.20177 0.22730 0.24554 0.26835 0.27464 0.26958 0.26051 0.25335 0.24667 0.24019 0.23213 0.22541 0.21890 0.21199 0.19595 0.17324 0.15060 0.12810 0.10644 0.08607 0.06579 0.04621 0.02722 0.00890 0.00000 0.00000 0.00000 0.00000 0.00000 0.00000 0.00000 0.00000 0.00000 0.00000 0.00000 0.00000 0.00000 0.00000 0.00000 0.00000 0.00000 0.00000 0.00000 0.00000 0.00597 0.01725 0.02754 0.03685 0.04554 0.05254 0.05926 0.06447 0.06988 0.07239 0.06845 0.05681 0.04758 0.03744 0.02958 0.02204 0.01632 0.01023 0.00565 0.00169 0.00165 0.00420 0.00685 0.00923 0.01205
0.13395 0.10980 0.08385 0.05635 0.02865 0.02875 0.05772 0.08430 0.11241 0.13945 0.16692 0.19118 0.21967 0.24281 0.26680 0.27563 0.27428 0.26848 0.26247 0.25782 0.25543 0.25042 0.24426 0.23915 0.23637 0.22047 0.19355 0.16756 0.14380 0.11996 0.09595 0.07361 0.05174 0.03047 0.00995 0.00000 0.00000 0.00000 0.00000 0.00000 0.00000 0.00000 0.00000 0.00000 0.00000 0.00000 0.00000 0.00000 0.00000 0.00000 0.00000 0.00000 0.00000 0.00000 0.00000 0.00596 0.01716 0.02775 0.03705 0.04509 0.05230 0.05993 0.06496 0.06876 0.07189 0.06964 0.05756 0.04629 0.03706 0.03024 0.02263 0.01542 0.01009 0.00575 0.00174 0.00153 0.00393 0.00561 0.00828 0.01186
0.14519 0.11665 0.08736 0.05720 0.02892 0.02958 0.05809 0.08366 0.11253 0.14064 0.16856 0.19054 0.21830 0.24373 0.26980 0.27613 0.27265 0.26880 0.26511 0.25890 0.25441 0.25064 0.24613 0.24031 0.23578 0.22119 0.19422 0.16845 0.14396 0.12008 0.09675 0.07380 0.05194 0.03058 0.01000 0.00000 0.00000 0.00000 0.00000 0.00000 0.00000 0.00000 0.00000 0.00000 0.00000 0.00000 0.00000 0.00000 0.00000 0.00000 0.00000 0.00000 0.00000 0.00000 0.00000 0.00594 0.01723 0.02763 0.03686 0.04504 0.05254 0.05951 0.06442 0.06863 0.07226 0.06884 0.05665 0.04614 0.03695 0.02967 0.02177 0.01523 0.00973 0.00564 0.00165 0.00150 0.00392 0.00638 0.00834 0.01089
0.15069 0.12859 0.10538 0.08149 0.05733 0.05713 0.08203 0.10717 0.13255 0.15587 0.18074 0.20333 0.22520 0.24726 0.27111 0.27669 0.26797 0.26146 0.25643 0.24831 0.23994 0.23316 0.22774 0.22012 0.21260 0.19688 0.17473 0.15115 0.12894 0.10756 0.08662 0.06634 0.04646 0.02738 0.00896 0.00000 0.00000 0.00000 0.00000 0.00000 0.00000 0.00000 0.00000 0.00000 0.00000 0.00000 0.00000 0.00000 0.00000 0.00000 0.00000 0.00000 0.00000 0.00000 0.00000 0.00598 0.01723 0.02737 0.03670 0.04557 0.05281 0.05859 0.06404 0.06990 0.07289 0.06717 0.05614 0.04742 0.03766 0.02843 0.02143 0.01574 0.01021 0.00519 0.00154 0.00142 0.00401 0.00629 0.00760 0.00805
0.17738 0.15377 0.13138 0.11196 0.08809 0.08447 0.10671 0.13202 0.15325 0.17000 0.19241 0.21452 0.23556 0.25020 0.27047 0.27540 0.26726 0.25500 0.24531 0.23616 0.22773 0.21711 0.20745 0.19893 0.19025 0.17459 0.15328 0.13429 0.11426 0.09498 0.07667 0.05867 0.04117 0.02425 0.00793 0.00000 0.00000 0.00000 0.00000 0.00000 0.00000 0.00000 0.00000 0.00000 0.00000 0.00000 0.00000 0.00000 0.00000 0.00000 0.00000 0.00000 0.00000 0.00000 0.00000 0.00595 0.01719 0.02732 0.03676 0.04541 0.05254 0.05847 0.06420 0.06948 0.07234 0.06692 0.05615 0.04697 0.03709 0.02817 0.02107 0.01552 0.00986 0.00509 0.00148 0.00144 0.00392 0.00604 0.00792 0.01004
0.18208 0.16681 0.15036 0.13207 0.11278 0.11283 0.13331 0.15244 0.17097 0.18884 0.20551 0.22386 0.24205 0.25732 0.27053 0.27412 0.26328 0.24943 0.23560 0.22450 0.21353 0.20086 0.18840 0.17731 0.16680 0.15165 0.13364 0.11575 0.09949 0.08270 0.06654 0.05092 0.03574 0.02104 0.00688 0.00000 0.00000 0.00000 0.00000 0.00000 0.00000 0.00000 0.00000 0.00000 0.00000 0.00000 0.00000 0.00000 0.00000 0.00000 0.00000 0.00000 0.00000 0.00000 0.00000 0.00592 0.01709 0.02757 0.03686 0.04479 0.05225 0.05940 0.06453 0.06804 0.07177 0.06860 0.05672 0.04550 0.03662 0.02921 0.02167 0.01468 0.00952 0.00526 0.00158 0.00131 0.00321 0.00449 0.00657 0.00809
0.21089 0.19687 0.17991 0.15831 0.14146 0.14858 0.16178 0.17268 0.18812 0.20798 0.22201 0.23082 0.24665 0.26137 0.27676 0.27172 0.25681 0.24157 0.22891 0.21303 0.19768 0.18337 0.17069 0.15654 0.14238 0.12825 0.11345 0.09862 0.08371 0.07020 0.05651 0.04319 0.03028 0.01784 0.00583 0.00000 0.00000 0.00000 0.00000 0.00000 0.00000 0.00000 0.00000 0.00000 0.00000 0.00000 0.00000 0.00000 0.00000 0.00000 0.00000 0.00000 0.00000 0.00000 0.00000 0.00590 0.01709 0.02747 0.03670 0.04470 0.05229 0.05921 0.06423 0.06783 0.07178 0.06825 0.05642 0.04518 0.03640 0.02901 0.02142 0.01440 0.00925 0.00525 0.00155 0.00132 0.00338 0.00527 0.00712 0.00920
0.21532 0.20457 0.19365 0.18191 0.17034 0.17036 0.18353 0.19606 0.20770 0.22141 0.23499 0.24470 0.25239 0.26582 0.27823 0.27230 0.25224 0.23588 0.21913 0.20112 0.18376 0.16723 0.15096 0.13489 0.11950 0.10511 0.09255 0.08044 0.06899 0.05737 0.04624 0.03535 0.02479 0.01460 0.00477 0.00000 0.00000 0.00000 0.00000 0.00000 0.00000 0.00000 0.00000 0.00000 0.00000 0.00000 0.00000 0.00000 0.00000 0.00000 0.00000 0.00000 0.00000 0.00000 0.00000 0.00592 0.01705 0.02717 0.03651 0.04523 0.05243 0.05815 0.06378 0.06921 0.07218 0.06650 0.05577 0.04660 0.03688 0.02794 0.02096 0.01509 0.00966 0.00491 0.00142 0.00126 0.00346 0.00495 0.00509 0.00445
0.24127 0.22866 0.21864 0.21682 0.20470 0.19709 0.20667 0.22651 0.23114 0.23356 0.24352 0.25647 0.26476 0.26655 0.27568 0.26934 0.25134 0.22869 0.20793 0.18829 0.17034 0.15079 0.13124 0.11317 0.09588 0.08211 0.07185 0.06262 0.05364 0.04469 0.03597 0.02752 0.01931 0.01137 0.00372 0.00000 0.00000 0.00000 0.00000 0.00000 0.00000 0.00000 0.00000 0.00000 0.00000 0.00000 0.00000 0.00000 0.00000 0.00000 0.00000 0.00000 0.00000 0.00000 0.00000 0.00590 0.01699 0.02708 0.03647 0.04509 0.05221 0.05799 0.06374 0.06897 0.07196 0.06614 0.05563 0.04640 0.03684 0.02756 0.02068 0.01502 0.00959 0.00472 0.00139 0.00133 0.00358 0.00540 0.00700 0.00814
0.24991 0.24545 0.23981 0.23242 0.22510 0.22591 0.23324 0.24045 0.25005 0.25378 0.25674 0.26395 0.27271 0.27505 0.27664 0.26871 0.24639 0.22257 0.19983 0.17703 0.15490 0.13339 0.11299 0.09192 0.07171 0.05837 0.05180 0.04478 0.03814 0.03194 0.02573 0.01967 0.01379 0.00813 0.00266 0.00000 0.00000 0.00000 0.00000 0.00000 0.00000 0.00000 0.00000 0.00000 0.00000 0.00000 0.00000 0.00000 0.00000 0.00000 0.00000 0.00000 0.00000 0.00000 0.00000 0.00588 0.01693 0.02718 0.03643 0.04442 0.05188 0.05884 0.06394 0.06745 0.07124 0.06779 0.05599 0.04503 0.03616 0.02864 0.02108 0.01444 0.00923 0.00501 0.00149 0.00122 0.00280 0.00370 0.00532 0.00558
0.27411 0.27135 0.26695 0.25630 0.25181 0.26450 0.26457 0.25975 0.26205 0.27500 0.27465 0.27015 0.27345 0.27893 0.28193 0.26511 0.23954 0.21453 0.19091 0.16496 0.13989 0.11641 0.09343 0.07051 0.04799 0.03514 0.03096 0.02688 0.02296 0.01914 0.01543 0.01180 0.00828 0.00488 0.00159 0.00000 0.00000 0.00000 0.00000 0.00000 0.00000 0.00000 0.00000 0.00000 0.00000 0.00000 0.00000 0.00000 0.00000 0.00000 0.00000 0.00000 0.00000 0.00000 0.00000 0.00587 0.01690 0.02706 0.03624 0.04427 0.05177 0.05867 0.06372 0.06717 0.07105 0.06756 0.05602 0.04458 0.03593 0.02853 0.02120 0.01402 0.00903 0.00500 0.00148 0.00118 0.00311 0.00481 0.00645 0.00827
0.28288 0.28166 0.28238 0.28340 0.28317 0.28252 0.28391 0.28477 0.28317 0.28404 0.28891 0.28521 0.28088 0.28147 0.28323 0.26644 0.23687 0.20827 0.18013 0.15274 0.12662 0.09974 0.07368 0.04866 0.02450 0.01172 0.01028 0.00893 0.00767 0.00639 0.00512 0.00392 0.00276 0.00162 0.00053 0.00000 0.00000 0.00000 0.00000 0.00000 0.00000 0.00000 0.00000 0.00000 0.00000 0.00000 0.00000 0.00000 0.00000 0.00000 0.00000 0.00000 0.00000 0.00000 0.00000 0.00587 0.01688 0.02690 0.03604 0.04451 0.05178 0.05758 0.06317 0.06838 0.07135 0.06580 0.05515 0.04593 0.03625 0.02763 0.02056 0.01474 0.00933 0.00483 0.00137 0.00120 0.00332 0.00455 0.00374 0.00231
0.28065 0.27592 0.27664 0.28775 0.28681 0.27723 0.27729 0.28777 0.28470 0.27401 0.27205 0.27753 0.27462 0.26610 0.26464 0.25128 0.22407 0.19328 0.16571 0.13915 0.11304 0.08650 0.06085 0.03610 0.01188 0.00062 0.00182 0.00299 0.00411 0.00521 0.00627 0.00730 0.00827 0.00920 0.01009 0.00989 0.00867 0.00749 0.00635 0.00525 0.00420 0.00319 0.00222 0.00130 0.00042 0.00000 0.00000 0.00000 0.00000 0.00000 0.00000 0.00000 0.00000 0.00000 0.00000 0.00556 0.01600 0.02551 0.03414 0.04207 0.04892 0.05449 0.05980 0.06476 0.06768 0.06209 0.05210 0.04351 0.03469 0.02575 0.01931 0.01394 0.00895 0.00430 0.00128 0.00117 0.00316 0.00456 0.00605 0.00677
0.24892 0.25175 0.25271 0.25169 0.24949 0.25083 0.25046 0.25044 0.25172 0.24943 0.24485 0.24385 0.24609 0.24216 0.23752 0.22436 0.19926 0.17382 0.14946 0.12474 0.10042 0.07712 0.05475 0.03236 0.01058 0.00184 0.00547 0.00897 0.01231 0.01557 0.01883 0.02187 0.02479 0.02757 0.03023 0.02963 0.02598 0.02244 0.01903 0.01574 0.01258 0.00956 0.00666 0.00389 0.00126 0.00000 0.00000 0.00000 0.00000 0.00000 0.00000 0.00000 0.00000 0.00000 0.00000 0.00497 0.01429 0.02280 0.03049 0.03730 0.04346 0.04911 0.05357 0.05666 0.05982 0.05674 0.04692 0.03779 0.03026 0.02389 0.01752 0.01211 0.00764 0.00413 0.00122 0.00103 0.00227 0.00301 0.00465 0.00513
0.22214 0.22466 0.22480 0.21717 0.21708 0.22591 0.22562 0.21777 0.21569 0.22222 0.22084 0.21299 0.21084 0.21349 0.21213 0.19516 0.17397 0.15298 0.13189 0.10919 0.08845 0.06811 0.04813 0.02839 0.00934 0.00307 0.00908 0.01490 0.02050 0.02609 0.03132 0.03644 0.04126 0.04592 0.05034 0.04934 0.04325 0.03736 0.03168 0.02620 0.02095 0.01590 0.01108 0.00648 0.00210 0.00000 0.00000 0.00000 0.00000 0.00000 0.00000 0.00000 0.00000 0.00000 0.00000 0.00438 0.01259 0.02007 0.02683 0.03283 0.03819 0.04312 0.04702 0.04974 0.05246 0.04995 0.04150 0.03295 0.02644 0.02104 0.01570 0.01029 0.00661 0.00362 0.00107 0.00081 0.00218 0.00322 0.00421 0.00539
0.19379 0.19267 0.19033 0.19067 0.19274 0.19356 0.19114 0.18991 0.18884 0.18871 0.19051 0.18794 0.18377 0.18274 0.18319 0.17188 0.15107 0.13245 0.11323 0.09485 0.07697 0.05908 0.04148 0.02453 0.00811 0.00430 0.01268 0.02076 0.02884 0.03638 0.04386 0.05088 0.05769 0.06417 0.07035 0.06896 0.06044 0.05221 0.04427 0.03662 0.02928 0.02223 0.01549 0.00906 0.00294 0.00000 0.00000 0.00000 0.00000 0.00000 0.00000 0.00000 0.00000 0.00000 0.00000 0.00378 0.01088 0.01736 0.02320 0.02842 0.03302 0.03692 0.04040 0.04349 0.04561 0.04217 0.03531 0.02927 0.02315 0.01769 0.01309 0.00934 0.00588 0.00308 0.00086 0.00074 0.00208 0.00293 0.00228 0.00148
0.16407 0.16008 0.15988 0.16315 0.16408 0.15996 0.15910 0.16281 0.16404 0.15810 0.15578 0.15913 0.15856 0.15282 0.15173 0.14518 0.12911 0.11024 0.09545 0.08026 0.06506 0.04955 0.03504 0.02081 0.00684 0.00551 0.01627 0.02687 0.03689 0.04685 0.05618 0.06539 0.07409 0.08239 0.09031 0.08853 0.07759 0.06702 0.05683 0.04701 0.03758 0.02853 0.01988 0.01162 0.00377 0.00000 0.00000 0.00000 0.00000 0.00000 0.00000 0.00000 0.00000 0.00000 0.00000 0.00320 0.00919 0.01465 0.01958 0.02399 0.02785 0.03114 0.03399 0.03663 0.03842 0.03543 0.02958 0.02475 0.01977 0.01464 0.01091 0.00790 0.00508 0.00241 0.00071 0.00063 0.00169 0.00229 0.00305 0.00344
0.13325 0.13241 0.13490 0.13479 0.13188 0.13061 0.13156 0.13289 0.13232 0.13009 0.12877 0.12765 0.12928 0.12781 0.12429 0.11773 0.10486 0.09149 0.07737 0.06553 0.05290 0.04059 0.02870 0.01700 0.00561 0.00672 0.01992 0.03264 0.04526 0.05705 0.06868 0.07977 0.09041 0.10054 0.11019 0.10801 0.09467 0.08177 0.06933 0.05735 0.04584 0.03480 0.02425 0.01418 0.00460 0.00000 0.00000 0.00000 0.00000 0.00000 0.00000 0.00000 0.00000 0.00000 0.00000 0.00261 0.00750 0.01196 0.01598 0.01957 0.02272 0.02545 0.02776 0.02955 0.03108 0.02926 0.02436 0.01968 0.01573 0.01234 0.00907 0.00628 0.00393 0.00210 0.00061 0.00052 0.00111 0.00143 0.00214 0.00206
0.10327 0.10335 0.10371 0.10251 0.10222 0.10227 0.10270 0.10175 0.10074 0.10154 0.10165 0.09924 0.09696 0.09917 0.09833 0.09010 0.08057 0.07129 0.06112 0.05030 0.04094 0.03174 0.02232 0.01320 0.00433 0.00796 0.02351 0.03866 0.05313 0.06747 0.08112 0.09415 0.10664 0.11861 0.13002 0.12743 0.11167 0.09646 0.08178 0.06765 0.05407 0.04105 0.02860 0.01672 0.00543 0.00000 0.00000 0.00000 0.00000 0.00000 0.00000 0.00000 0.00000 0.00000 0.00000 0.00202 0.00582 0.00928 0.01240 0.01518 0.01763 0.01974 0.02151 0.02289 0.02401 0.02269 0.01889 0.01512 0.01206 0.00962 0.00717 0.00470 0.00298 0.00164 0.00048 0.00035 0.00093 0.00140 0.00180 0.00215
0.07673 0.07545 0.07352 0.07208 0.07368 0.07446 0.07336 0.07140 0.07200 0.07231 0.07246 0.07132 0.07005 0.06984 0.07031 0.06570 0.05703 0.05050 0.04397 0.03621 0.02917 0.02248 0.01599 0.00938 0.00309 0.00914 0.02718 0.04449 0.06133 0.07767 0.09339 0.10841 0.12278 0.13656 0.14970 0.14672 0.12858 0.11106 0.09416 0.07789 0.06225 0.04726 0.03293 0.01925 0.00625 0.00000 0.00000 0.00000 0.00000 0.00000 0.00000 0.00000 0.00000 0.00000 0.00000 0.00144 0.00415 0.00661 0.00883 0.01082 0.01256 0.01406 0.01531 0.01633 0.01712 0.01595 0.01329 0.01091 0.00870 0.00667 0.00492 0.00348 0.00219 0.00114 0.00032 0.00027 0.00072 0.00096 0.00067 0.00023
0.04415 0.04444 0.04419 0.04352 0.04348 0.04423 0.04405 0.04310 0.04294 0.04320 0.04287 0.04260 0.04245 0.04166 0.04137 0.03955 0.03492 0.02976 0.02583 0.02186 0.01760 0.01347 0.00945 0.00564 0.00185 0.01035 0.03063 0.05041 0.06954 0.08788 0.10559 0.12261 0.13890 0.15446 0.16929 0.16593 0.14543 0.12560 0.10648 0.08808 0.07040 0.05344 0.03723 0.02177 0.00707 0.00000 0.00000 0.00000 0.00000 0.00000 0.00000 0.00000 0.00000 0.00000 0.00000 0.00086 0.00248 0.00396 0.00529 0.00647 0.00751 0.00841 0.00916 0.00977 0.01023 0.00952 0.00791 0.00654 0.00522 0.00392 0.00290 0.00210 0.00134 0.00064 0.00018 0.00016 0.00043 0.00055 0.00072 0.00087
0.01478 0.01463 0.01490 0.01486 0.01462 0.01434 0.01447 0.01467 0.01445 0.01416 0.01418 0.01421 0.01417 0.01401 0.01365 0.01300 0.01169 0.01009 0.00854 0.00721 0.00589 0.00448 0.00315 0.00187 0.00062 0.01158 0.03421 0.05622 0.07757 0.09807 0.11779 0.13674 0.15491 0.17228 0.18882 0.18505 0.16218 0.14008 0.11875 0.09822 0.07850 0.05960 0.04152 0.02427 0.00788 0.00000 0.00000 0.00000 0.00000 0.00000 0.00000 0.00000 0.00000 0.00000 0.00000 0.00029 0.00082 0.00132 0.00176 0.00215 0.00250 0.00280 0.00304 0.00325 0.00340 0.00317 0.00263 0.00214 0.00171 0.00132 0.00098 0.00068 0.00042 0.00022 0.00006 0.00005 0.00011 0.00014 0.00020 0.00016
0.00000 0.00000 0.00000 0.00000 0.00000 0.00000 0.00000 0.00000 0.00000 0.00000 0.00000 0.00000 0.00000 0.00000 0.00000 0.00068 0.00202 0.00339 0.00466 0.00589 0.00708 0.00833 0.00950 0.01060 0.01170 0.02371 0.04625 0.06797 0.08900 0.10928 0.12883 0.14752 0.16541 0.18254 0.19886 0.19488 0.17183 0.14957 0.12808 0.10737 0.08748 0.06840 0.05014 0.03271 0.01613 0.00764 0.00665 0.00569 0.00478 0.00392 0.00310 0.00233 0.00161 0.00093 0.00030 0.00000 0.00000 0.00000 0.00000 0.00000 0.00000 0.00000 0.00000 0.00000 0.00000 0.00000 0.00000 0.00000 0.00000 0.00000 0.00000 0.00000 0.00000 0.00000 0.00000 0.00000 0.00000 0.00000 0.00000 0.00000
0.00000 0.00000 0.00000 0.00000 0.00000 0.00000 0.00000 0.00000 0.00000 0.00000 0.00000 0.00000 0.00000 0.00000 0.00000 0.00205 0.00601 0.00999 0.01401 0.01767 0.02125 0.02483 0.02849 0.03184 0.03500 0.04665 0.06652 0.08556 0.10389 0.12156 0.13862 0.15492 0.17046 0.18529 0.19943 0.19546 0.17444 0.15410 0.13447 0.11554 0.09732 0.07982 0.06306 0.04704 0.03177 0.02288 0.01989 0.01704 0.01432 0.01173 0.00929 0.00698 0.00481 0.00278 0.00089 0.00000 0.00000 0.00000 0.00000 0.00000 0.00000 0.00000 0.00000 0.00000 0.00000 0.00000 0.00000 0.00000 0.00000 0.00000 0.00000 0.00000 0.00000 0.00000 0.00000 0.00000 0.00000 0.00000 0.00000 0.00000
0.00000 0.00000 0.00000 0.00000 0.00000 0.00000 0.00000 0.00000 0.00000 0.00000 0.00000 0.00000 0.00000 0.00000 0.00000 0.00336 0.01009 0.01665 0.02304 0.02949 0.03558 0.04134 0.04723 0.05287 0.05834 0.06958 0.08661 0.10299 0.11877 0.13385 0.14834 0.16224 0.17549 0.18806 0.19998 0.19600 0.17702 0.15862 0.14083 0.12366 0.10711 0.09120 0.07592 0.06130 0.04733 0.03803 0.03307 0.02832 0.02380 0.01951 0.01544 0.01160 0.00799 0.00462 0.00148 0.00000 0.00000 0.00000 0.00000 0.00000 0.00000 0.00000 0.00000 0.00000 0.00000 0.00000 0.00000 0.00000 0.00000 0.00000 0.00000 0.00000 0.00000 0.00000 0.00000 0.00000 0.00000 0.00000 0.00000 0.00000
0.00000 0.00000 0.00000 0.00000 0.00000 0.00000 0.00000 0.00000 0.00000 0.00000 0.00000 0.00000 0.00000 0.00000 0.00000 0.00472 0.01411 0.02334 0.03229 0.04104 0.04975 0.05800 0.06600 0.07379 0.08155 0.09251 0.10672 0.12030 0.13351 0.14610 0.15810 0.16952 0.18044 0.19081 0.20057 0.19655 0.17958 0.16311 0.14716 0.13174 0.11685 0.10251 0.08872 0.07548 0.06281 0.05311 0.04617 0.03955 0.03323 0.02724 0.02156 0.01620 0.01116 0.00645 0.00207 0.00000 0.00000 0.00000 0.00000 0.00000 0.00000 0.00000 0.00000 0.00000 0.00000 0.00000 0.00000 0.00000 0.00000 0.00000 0.00000 0.00000 0.00000 0.00000 0.00000 0.00000 0.00000 0.00000 0.00000 0.00000
0.00000 0.00000 0.00000 0.00000 0.00000 0.00000 0.00000 0.00000 0.00000 0.00000 0.00000 0.00000 0.00000 0.00000 0.00000 0.00615 0.01810 0.02996 0.04157 0.05272 0.06361 0.07435 0.08489 0.09476 0.10447 0.11515 0.12685 0.13766 0.14810 0.15819 0.16782 0.17683 0.18536 0.19350 0.20114 0.19710 0.18211 0.16757 0.15345 0.13977 0.12654 0.11376 0.10144 0.08959 0.07821 0.06810 0.05921 0.05071 0.04261 0.03492 0.02764 0.02077 0.01431 0.00827 0.00265 0.00000 0.00000 0.00000 0.00000 0.00000 0.00000 0.00000 0.00000 0.00000 0.00000 0.00000 0.00000 0.00000 0.00000 0.00000 0.00000 0.00000 0.00000 0.00000 0.00000 0.00000 0.00000 0.00000 0.00000 0.00000
0.00000 0.00000 0.00000 0.00000 0.00000 0.00000 0.00000 0.00000 0.00000 0.00000 0.00000 0.00000 0.00000 0.00000 0.00000 0.00748 0.02209 0.03643 0.05071 0.06439 0.07751 0.09049 0.10348 0.11571 0.12740 0.13753 0.14667 0.15499 0.16278 0.17016 0.17737 0.18409 0.19032 0.19616 0.20166 0.19764 0.18464 0.17199 0.15970 0.14776 0.13617 0.12495 0.11410 0.10362 0.09352 0.08302 0.07217 0.06181 0.05194 0.04257 0.03369 0.02531 0.01744 0.01008 0.00323 0.00000 0.00000 0.00000 0.00000 0.00000 0.00000 0.00000 0.00000 0.00000 0.00000 0.00000 0.00000 0.00000 0.00000 0.00000 0.00000 0.00000 0.00000 0.00000 0.00000 0.00000 0.00000 0.00000 0.00000 0.00000
0.00000 0.00000 0.00000 0.00000 0.00000 0.00000 0.00000 0.00000 0.00000 0.00000 0.00000 0.00000 0.00000 0.00000 0.00000 0.00877 0.02609 0.04300 0.05969 0.07594 0.09155 0.10671 0.12179 0.13631 0.15046 0.16010 0.16625 0.17201 0.17744 0.18226 0.18685 0.19122 0.19524 0.19886 0.20217 0.19814 0.18715 0.17640 0.16591 0.15569 0.14575 0.13607 0.12668 0.11758 0.10876 0.09785 0.08507 0.07286 0.06122 0.05017 0.03970 0.02983 0.02056 0.01188 0.00381 0.00000 0.00000 0.00000 0.00000 0.00000 0.00000 0.00000 0.00000 0.00000 0.00000 0.00000 0.00000 0.00000 0.00000 0.00000 0.00000 0.00000 0.00000 0.00000 0.00000 0.00000 0.00000 0.00000 0.00000 0.00000
0.00000 0.00000 0.00000 0.00000 0.00000 0.00000 0.00000 0.00000 0.00000 0.00000 0.00000 0.00000 0.00000 0.00000 0.00000 0.01009 0.02995 0.04956 0.06870 0.08734 0.10544 0.12305 0.14027 0.15672 0.17309 0.18275 0.18610 0.18886 0.19177 0.19432 0.19646 0.19830 0.20004 0.20154 0.20273 0.19864 0.18962 0.18078 0.17209 0.16359 0.15527 0.14714 0.13920 0.13145 0.12390 0.11260 0.09789 0.08384 0.07045 0.05773 0.04568 0.03432 0.02365 0.01367 0.00438 0.00000 0.00000 0.00000 0.00000 0.00000 0.00000 0.00000 0.00000 0.00000 0.00000 0.00000 0.00000 0.00000 0.00000 0.00000 0.00000 0.00000 0.00000 0.00000 0.00000 0.00000 0.00000 0.00000 0.00000 0.00000
0.00000 0.00000 0.00000 0.00000 0.00000 0.00000 0.00000 0.00000 0.00000 0.00000 0.00000 0.00000 0.00000 0.00000 0.00000 0.01146 0.03380 0.05604 0.07777 0.09874 0.11908 0.13909 0.15887 0.17733 0.19539 0.20478 0.20594 0.20599 0.20597 0.20607 0.20598 0.20548 0.20482 0.20413 0.20326 0.19916 0.19208 0.18511 0.17824 0.17144 0.16474 0.15814 0.15165 0.14525 0.13897 0.12727 0.11064 0.09475 0.07962 0.06524 0.05163 0.03879 0.02673 0.01544 0.00495 0.00000 0.00000 0.00000 0.00000 0.00000 0.00000 0.00000 0.00000 0.00000 0.00000 0.00000 0.00000 0.00000 0.00000 0.00000 0.00000 0.00000 0.00000 0.00000 0.00000 0.00000 0.00000 0.00000 0.00000 0.00000
0.00000 0.00000 0.00000 0.00000 0.00000 0.00000 0.00000 0.00000 0.00000 0.00000 0.00000 0.00000 0.00000 0.00000 0.00000 0.01279 0.03774 0.06244 0.08674 0.11018 0.13274 0.15490 0.17702 0.19800 0.21804 0.22656 0.22519 0.22304 0.22050 0.21773 0.21526 0.21261 0.20970 0.20670 0.20373 0.19967 0.19455 0.18943 0.18433 0.17924 0.17416 0.16909 0.16402 0.15898 0.15394 0.14185 0.12331 0.10560 0.08873 0.07271 0.05754 0.04323 0.02978 0.01721 0.00552 0.00000 0.00000 0.00000 0.00000 0.00000 0.00000 0.00000 0.00000 0.00000 0.00000 0.00000 0.00000 0.00000 0.00000 0.00000 0.00000 0.00000 0.00000 0.00000 0.00000 0.00000 0.00000 0.00000 0.00000 0.00000
0.00000 0.00000 0.00000 0.00000 0.00000 0.00000 0.00000 0.00000 0.00000 0.00000 0.00000 0.00000 0.00000 0.00000 0.00000 0.01275 0.03768 0.06226 0.08647 0.10992 0.13254 0.15456 0.17636 0.19733 0.21785 0.22571 0.22261 0.21940 0.21612 0.21234 0.20861 0.20498 0.20125 0.19740 0.19352 0.18965 0.18574 0.18177 0.17777 0.17374 0.16968 0.16558 0.16146 0.15730 0.15312 0.14146 0.12297 0.10531 0.08848 0.07250 0.05737 0.04310 0.02970 0.01716 0.00550 0.00000 0.00000 0.00000 0.00000 0.00000 0.00000 0.00000 0.00000 0.00000 0.00000 0.00000 0.00000 0.00000 0.00000 0.00000 0.00000 0.00000 0.00000 0.00000 0.00000 0.00000 0.00000 0.00000 0.00000 0.00000
0.00000 0.00000 0.00000 0.00000 0.00000 0.00000 0.00000 0.00000 0.00000 0.00000 0.00000 0.00000 0.00000 0.00000 0.00000 0.01138 0.03365 0.05560 0.07715 0.09806 0.11831 0.13809 0.15751 0.17590 0.19421 0.20176 0.19897 0.19562 0.19268 0.18964 0.18632 0.18287 0.17953 0.17620 0.17275 0.16924 0.16573 0.16221 0.15864 0.15504 0.15141 0.14775 0.14407 0.14036 0.13662 0.12622 0.10972 0.09396 0.07894 0.06468 0.05118 0.03845 0.02649 0.01531 0.00491 0.00000 0.00000 0.00000 0.00000 0.00000 0.00000 0.00000 0.00000 0.00000 0.00000 0.00000 0.00000 0.00000 0.00000 0.00000 0.00000 0.00000 0.00000 0.00000 0.00000 0.00000 0.00000 0.00000 0.00000 0.00000
0.00000 0.00000 0.00000 0.00000 0.00000 0.00000 0.00000 0.00000 0.00000 0.00000 0.00000 0.00000 0.00000 0.00000 0.00000 0.01001 0.02963 0.04898 0.06794 0.08629 0.10408 0.12152 0.13879 0.15494 0.17073 0.17731 0.17528 0.17236 0.16947 0.16676 0.16402 0.16102 0.15799 0.15502 0.15203 0.14896 0.14585 0.14274 0.13960 0.13644 0.13324 0.13001 0.12677 0.12351 0.12021 0.11106 0.09654 0.08267 0.06945 0.05691 0.04503 0.03383 0.02330 0.01347 0.00432 0.00000 0.00000 0.00000 0.00000 0.00000 0.00000 0.00000 0.00000 0.00000 0.00000 0.00000 0.00000 0.00000 0.00000 0.00000 0.00000 0.00000 0.00000 0.00000 0.00000 0.00000 0.00000 0.00000 0.00000 0.00000
0.00000 0.00000 0.00000 0.00000 0.00000 0.00000 0.00000 0.00000 0.00000 0.00000 0.00000 0.00000 0.00000 0.00000 0.00000 0.00863 0.02556 0.04237 0.05882 0.07465 0.08996 0.10502 0.11996 0.13416 0.14775 0.15307 0.15135 0.14914 0.14669 0.14406 0.14169 0.13924 0.13664 0.13399 0.13138 0.12877 0.12609 0.12338 0.12066 0.11792 0.11516 0.11237 0.10957 0.10674 0.10390 0.09598 0.08343 0.07144 0.06002 0.04917 0.03891 0.02923 0.02014 0.01163 0.00373 0.00000 0.00000 0.00000 0.00000 0.00000 0.00000 0.00000 0.00000 0.00000 0.00000 0.00000 0.00000 0.00000 0.00000 0.00000 0.00000 0.00000 0.00000 0.00000 0.00000 0.00000 0.00000 0.00000 0.00000 0.00000
0.00000 0.00000 0.00000 0.00000 0.00000 0.00000 0.00000 0.00000 0.00000 0.00000 0.00000 0.00000 0.00000 0.00000 0.00000 0.00733 0.02148 0.03562 0.04966 0.06310 0.07594 0.08857 0.10118 0.11318 0.12486 0.12937 0.12764 0.12576 0.12385 0.12170 0.11956 0.11746 0.11532 0.11311 0.11088 0.10865 0.10640 0.10413 0.10182 0.09950 0.09718 0.09483 0.09245 0.09006 0.08766 0.08098 0.07039 0.06027 0.05064 0.04149 0.03282 0.02466 0.01699 0.00981 0.00315 0.00000 0.00000 0.00000 0.00000 0.00000 0.00000 0.00000 0.00000 0.00000 0.00000 0.00000 0.00000 0.00000 0.00000 0.00000 0.00000 0.00000 0.00000 0.00000 0.00000 0.00000 0.00000 0.00000 0.00000 0.00000
0.00000 0.00000 0.00000 0.00000 0.00000 0.00000 0.00000 0.00000 0.00000 0.00000 0.00000 0.00000 0.00000 0.00000 0.00000 0.00601 0.01773 0.02890 0.04033 0.05149 0.06208 0.07230 0.08251 0.09223 0.10182 0.10575 0.10428 0.10253 0.10099 0.09938 0.09764 0.09582 0.09407 0.09232 0.09051 0.08866 0.08681 0.08497 0.08309 0.08120 0.07929 0.07737 0.07543 0.07348 0.07152 0.06607 0.05742 0.04917 0.04131 0.03384 0.02678 0.02011 0.01385 0.00800 0.00257 0.00000 0.00000 0.00000 0.00000 0.00000 0.00000 0.00000 0.00000 0.00000 0.00000 0.00000 0.00000 0.00000 0.00000 0.00000 0.00000 0.00000 0.00000 0.00000 0.00000 0.00000 0.00000 0.00000 0.00000 0.00000
0.00000 0.00000 0.00000 0.00000 0.00000 0.00000 0.00000 0.00000 0.00000 0.00000 0.00000 0.00000 0.00000 0.00000 0.00000 0.00457 0.01381 0.02276 0.03111 0.03972 0.04821 0.05629 0.06403 0.07150 0.07890 0.08194 0.08094 0.07960 0.07831 0.07703 0.07575 0.07437 0.07297 0.07158 0.07020 0.06878 0.06734 0.06589 0.06444 0.06298 0.06150 0.06000 0.05850 0.05699 0.05547 0.05123 0.04453 0.03813 0.03203 0.02624 0.02076 0.01559 0.01074 0.00621 0.00199 0.00000 0.00000 0.00000 0.00000 0.00000 0.00000 0.00000 0.00000 0.00000 0.00000 0.00000 0.00000 0.00000 0.00000 0.00000 0.00000 0.00000 0.00000 0.00000 0.00000 0.00000 0.00000 0.00000 0.00000 0.00000
0.00000 0.00000 0.00000 0.00000 0.00000 0.00000 0.00000 0.00000 0.00000 0.00000 0.00000 0.00000 0.00000 0.00000 0.00000 0.00323 0.00961 0.01627 0.02253 0.02817 0.03415 0.04014 0.04576 0.05104 0.05620 0.05832 0.05765 0.05678 0.05584 0.05485 0.05395 0.05300 0.05201 0.05100 0.05000 0.04900 0.04798 0.04695 0.04591 0.04486 0.04381 0.04274 0.04167 0.04059 0.03951 0.03649 0.03172 0.02716 0.02281 0.01869 0.01479 0.01111 0.00765 0.00442 0.00142 0.00000 0.00000 0.00000 0.00000 0.00000 0.00000 0.00000 0.00000 0.00000 0.00000 0.00000 0.00000 0.00000 0.00000 0.00000 0.00000 0.00000 0.00000 0.00000 0.00000 0.00000 0.00000 0.00000 0.00000 0.00000
0.00000 0.00000 0.00000 0.00000 0.00000 0.00000 0.00000 0.00000 0.00000 0.00000 0.00000 0.00000 0.00000 0.00000 0.00000 0.00199 0.00575 0.00951 0.01350 0.01712 0.02037 0.02381 0.02735 0.03063 0.03368 0.03486 0.03449 0.03396 0.03342 0.03285 0.03228 0.03171 0.03112 0.03053 0.02992 0.02932 0.02871 0.02809 0.02747 0.02684 0.02621 0.02557 0.02493 0.02428 0.02363 0.02183 0.01897 0.01624 0.01365 0.01118 0.00884 0.00664 0.00457 0.00264 0.00085 0.00000 0.00000 0.00000 0.00000 0.00000 0.00000 0.00000 0.00000 0.00000 0.00000 0.00000 0.00000 0.00000 0.00000 0.00000 0.00000 0.00000 0.00000 0.00000 0.00000 0.00000 0.00000 0.00000 0.00000 0.00000
0.00000 0.00000 0.00000 0.00000 0.00000 0.00000 0.00000 0.00000 0.00000 0.00000 0.00000 0.00000 0.00000 0.00000 0.00000 0.00066 0.00197 0.00316 0.00438 0.00569 0.00687 0.00790 0.00904 0.01017 0.01120 0.01161 0.01145 0.01129 0.01111 0.01093 0.01074 0.01054 0.01034 0.01015 0.00995 0.00975 0.00954 0.00934 0.00913 0.00892 0.00871 0.00850 0.00829 0.00807 0.00786 0.00726 0.00631 0.00540 0.00454 0.00372 0.00294 0.00221 0.00152 0.00088 0.00028 0.00000 0.00000 0.00000 0.00000 0.00000 0.00000 0.00000 0.00000 0.00000 0.00000 0.00000 0.00000 0.00000 0.00000 0.00000 0.00000 0.00000 0.00000 0.00000 0.00000 0.00000 0.00000 0.00000 0.00000 0.00000
0.00000 0.00000 0.00000 0.00000 0.00000 0.00000 0.00000 0.00000 0.00000 0.00000 0.00000 0.00000 0.00000 0.00000 0.00000 0.00000 0.00000 0.00000 0.00000 0.00000 0.00000 0.00000 0.00000 0.00000 0.00000 0.00000 0.00000 0.00000 0.00000 0.00000 0.00000 0.00000 0.00000 0.00000 0.00000 0.00000 0.00000 0.00000 0.00000 0.00000 0.00000 0.00000 0.00000 0.00000 0.00000 0.00000 0.00000 0.00000 0.00000 0.00000 0.00000 0.00000 0.00000 0.00000 0.00000 0.00000 0.00000 0.00000 0.00000 0.00000 0.00000 0.00000 0.00000 0.00000 0.00000 0.00000 0.00000 0.00000 0.00000 0.00000 0.00000 0.00000 0.00000 0.00000 0.00000 0.00000 0.00000 0.00000 0.00000 0.00000
0.00000 0.00000 0.00000 0.00000 0.00000 0.00000 0.00000 0.00000 0.00000 0.00000 0.00000 0.00000 0.00000 0.00000 0.00000 0.00000 0.00000 0.00000 0.00000 0.00000 0.00000 0.00000 0.00000 0.00000 0.00000 0.00000 0.00000 0.00000 0.00000 0.00000 0.00000 0.00000 0.00000 0.00000 0.00000 0.00000 0.00000 0.00000 0.00000 0.00000 0.00000 0.00000 0.00000 0.00000 0.00000 0.00000 0.00000 0.00000 0.00000 0.00000 0.00000 0.00000 0.00000 0.00000 0.00000 0.00000 0.00000 0.00000 0.00000 0.00000 0.00000 0.00000 0.00000 0.00000 0.00000 0.00000 0.00000 0.00000 0.00000 0.00000 0.00000 0.00000 0.00000 0.00000 0.00000 0.00000 0.00000 0.00000 0.00000 0.00000
0.00000 0.00000 0.00000 0.00000 0.00000 0.00000 0.00000 0.00000 0.00000 0.00000 0.00000 0.00000 0.00000 0.00000 0.00000 0.00000 0.00000 0.00000 0.00000 0.00000 0.00000 0.00000 0.00000 0.00000 0.00000 0.00000 0.00000 0.00000 0.00000 0.00000 0.00000 0.00000 0.00000 0.00000 0.00000 0.00000 0.00000 0.00000 0.00000 0.00000 0.00000 0.00000 0.00000 0.00000 0.00000 0.00000 0.00000 0.00000 0.00000 0.00000 0.00000 0.00000 0.00000 0.00000 0.00000 0.00000 0.00000 0.00000 0.00000 0.00000 0.00000 0.00000 0.00000 0.00000 0.00000 0.00000 0.00000 0.00000 0.00000 0.00000 0.00000 0.00000 0.00000 0.00000 0.00000 0.00000 0.00000 0.00000 0.00000 0.00000
0.00000 0.00000 0.00000 0.00000 0.00000 0.00000 0.00000 0.00000 0.00000 0.00000 0.00000 0.00000 0.00000 0.00000 0.00000 0.00000 0.00000 0.00000 0.00000 0.00000 0.00000 0.00000 0.00000 0.00000 0.00000 0.00000 0.00000 0.00000 0.00000 0.00000 0.00000 0.00000 0.00000 0.00000 0.00000 0.00000 0.00000 0.00000 0.00000 0.00000 0.00000 0.00000 0.00000 0.00000 0.00000 0.00000 0.00000 0.00000 0.00000 0.00000 0.00000 0.00000 0.00000 0.00000 0.00000 0.00000 0.00000 0.00000 0.00000 0.00000 0.00000 0.00000 0.00000 0.00000 0.00000 0.00000 0.00000 0.00000 0.00000 0.00000 0.00000 0.00000 0.00000 0.00000 0.00000 0.00000 0.00000 0.00000 0.00000 0.00000
0.00000 0.00000 0.00000 0.00000 0.00000 0.00000 0.00000 0.00000 0.00000 0.00000 0.00000 0.00000 0.00000 0.00000 0.00000 0.00000 0.00000 0.00000 0.00000 0.00000 0.00000 0.00000 0.00000 0.00000 0.00000 0.00000 0.00000 0.00000 0.00000 0.00000 0.00000 0.00000 0.00000 0.00000 0.00000 0.00000 0.00000 0.00000 0.00000 0.00000 0.00000 0.00000 0.00000 0.00000 0.00000 0.00000 0.00000 0.00000 0.00000 0.00000 0.00000 0.00000 0.00000 0.00000 0.00000 0.00000 0.00000 0.00000 0.00000 0.00000 0.00000 0.00000 0.00000 0.00000 0.00000 0.00000 0.00000 0.00000 0.00000 0.00000 0.00000 0.00000 0.00000 0.00000 0.00000 0.00000 0.00000 0.00000 0.00000 0.00000
0.00000 0.00000 0.00000 0.00000 0.00000 0.00000 0.00000 0.00000 0.00000 0.00000 0.00000 0.00000 0.00000 0.00000 0.00000 0.00000 0.00000 0.00000 0.00000 0.00000 0.00000 0.00000 0.00000 0.00000 0.00000 0.00000 0.00000 0.00000 0.00000 0.00000 0.00000 0.00000 0.00000 0.00000 0.00000 0.00000 0.00000 0.00000 0.00000 0.00000 0.00000 0.00000 0.00000 0.00000 0.00000 0.00000 0.00000 0.00000 0.00000 0.00000 0.00000 0.00000 0.00000 0.00000 0.00000 0.00000 0.00000 0.00000 0.00000 0.00000 0.00000 0.00000 0.00000 0.00000 0.00000 0.00000 0.00000 0.00000 0.00000 0.00000 0.00000 0.00000 0.00000 0.00000 0.00000 0.00000 0.00000 0.00000 0.00000 0.00000
0.00000 0.00000 0.00000 0.00000 0.00000 0.00000 0.00000 0.00000 0.00000 0.00000 0.00000 0.00000 0.00000 0.00000 0.00000 0.00000 0.00000 0.00000 0.00000 0.00000 0.00000 0.00000 0.00000 0.00000 0.00000 0.00000 0.00000 0.00000 0.00000 0.00000 0.00000 0.00000 0.00000 0.00000 0.00000 0.00000 0.00000 0.00000 0.00000 0.00000 0.00000 0.00000 0.00000 0.00000 0.00000 0.00000 0.00000 0.00000 0.00000 0.00000 0.00000 0.00000 0.00000 0.00000 0.00000 0.00000 0.00000 0.00000 0.00000 0.00000 0.00000 0.00000 0.00000 0.00000 0.00000 0.00000 0.00000 0.00000 0.00000 0.00000 0.00000 0.00000 0.00000 0.00000 0.00000 0.00000 0.00000 0.00000 0.00000 0.00000
0.00000 0.00000 0.00000 0.00000 0.00000 0.00000 0.00000 0.00000 0.00000 0.00000 0.00000 0.00000 0.00000 0.00000 0.00000 0.00000 0.00000 0.00000 0.00000 0.00000 0.00000 0.00000 0.00000 0.00000 0.00000 0.00000 0.00000 0.00000 0.00000 0.00000 0.00000 0.00000 0.00000 0.00000 0.00000 0.00000 0.00000 0.00000 0.00000 0.00000 0.00000 0.00000 0.00000 0.00000 0.00000 0.00000 0.00000 0.00000 0.00000 0.00000 0.00000 0.00000 0.00000 0.00000 0.00000 0.00000 0.00000 0.00000 0.00000 0.00000 0.00000 0.00000 0.00000 0.00000 0.00000 0.00000 0.00000 0.00000 0.00000 0.00000 0.00000 0.00000 0.00000 0.00000 0.00000 0.00000 0.00000 0.00000 0.00000 0.00000
0.00000 0.00000 0.00000 0.00000 0.00000 0.00000 0.00000 0.00000 0.00000 0.00000 0.00000 0.00000 0.00000 0.00000 0.00000 0.00000 0.00000 0.00000 0.00000 0.00000 0.00000 0.00000 0.00000 0.00000 0.00000 0.00000 0.00000 0.00000 0.00000 0.00000 0.00000 0.00000 0.00000 0.00000 0.00000 0.00000 0.00000 0.00000 0.00000 0.00000 0.00000 0.00000 0.00000 0.00000 0.00000 0.00000 0.00000 0.00000 0.00000 0.00000 0.00000 0.00000 0.00000 0.00000 0.00000 0.00000 0.00000 0.00000 0.00000 0.00000 0.00000 0.00000 0.00000 0.00000 0.00000 0.00000 0.00000 0.00000 0.00000 0.00000 0.00000 0.00000 0.00000 0.00000 0.00000 0.00000 0.00000 0.00000 0.00000 0.00000
0.00000 0.00000 0.00000 0.00000 0.00000 0.00000 0.00000 0.00000 0.00000 0.00000 0.00000 0.00000 0.00000 0.00000 0.00000 0.00000 0.00000 0.00000 0.00000 0.00000 0.00000 0.00000 0.00000 0.00000 0.00000 0.00000 0.00000 0.00000 0.00000 0.00000 0.00000 0.00000 0.00000 0.00000 0.00000 0.00000 0.00000 0.00000 0.00000 0.00000 0.00000 0.00000 0.00000 0.00000 0.00000 0.00000 0.00000 0.00000 0.00000 0.00000 0.00000 0.00000 0.00000 0.00000 0.00000 0.00000 0.00000 0.00000 0.00000 0.00000 0.00000 0.00000 0.00000 0.00000 0.00000 0.00000 0.00000 0.00000 0.00000 0.00000 0.00000 0.00000 0.00000 0.00000 0.00000 0.00000 0.00000 0.00000 0.00000 0.00000
0.00000 0.00000 0.00000 0.00000 0.00000 0.00000 0.00000 0.00000 0.00000 0.00000 0.00000 0.00000 0.00000 0.00000 0.00000 0.00000 0.00000 0.00000 0.00000 0.00000 0.00000 0.00000 0.00000 0.00000 0.00000 0.00000 0.00000 0.00000 0.00000 0.00000 0.00000 0.00000 0.00000 0.00000 0.00000 0.00000 0.00000 0.00000 0.00000 0.00000 0.00000 0.00000 0.00000 0.00000 0.00000 0.00000 0.00000 0.00000 0.00000 0.00000 0.00000 0.00000 0.00000 0.00000 0.00000 0.00000 0.00000 0.00000 0.00000 0.00000 0.00000 0.00000 0.00000 0.00000 0.00000 0.00000 0.00000 0.00000 0.00000 0.00000 0.00000 0.00000 0.00000 0.00000 0.00000 0.00000 0.00000 0.00000 0.00000 0.00000
0.00000 0.00000 0.00000 0.00000 0.00000 0.00000 0.00000 0.00000 0.00000 0.00000 0.00000 0.00000 0.00000 0.00000 0.00000 0.00000 0.00000 0.00000 0.00000 0.00000 0.00000 0.00000 0.00000 0.00000 0.00000 0.00000 0.00000 0.00000 0.00000 0.00000 0.00000 0.00000 0.00000 0.00000 0.00000 0.00000 0.00000 0.00000 0.00000 0.00000 0.00000 0.00000 0.00000 0.00000 0.00000 0.00000 0.00000 0.00000 0.00000 0.00000 0.00000 0.00000 0.00000 0.00000 0.00000 0.00000 0.00000 0.00000 0.00000 0.00000 0.00000 0.00000 0.00000 0.00000 0.00000 0.00000 0.00000 0.00000 0.00000 0.00000 0.00000 0.00000 0.00000 0.00000 0.00000 0.00000 0.00000 0.00000 0.00000 0.00000
0.00000 0.00000 0.00000 0.00000 0.00000 0.00000 0.00000 0.00000 0.00000 0.00000 0.00000 0.00000 0.00000 0.00000 0.00000 0.00000 0.00000 0.00000 0.00000 0.00000 0.00000 0.00000 0.00000 0.00000 0.00000 0.00000 0.00000 0.00000 0.00000 0.00000 0.00000 0.00000 0.00000 0.00000 0.00000 0.00000 0.00000 0.00000 0.00000 0.00000 0.00000 0.00000 0.00000 0.00000 0.00000 0.00000 0.00000 0.00000 0.00000 0.00000 0.00000 0.00000 0.00000 0.00000 0.00000 0.00000 0.00000 0.00000 0.00000 0.00000 0.00000 0.00000 0.00000 0.00000 0.00000 0.00000 0.00000 0.00000 0.00000 0.00000 0.00000 0.00000 0.00000 0.00000 0.00000 0.00000 0.00000 0.00000 0.00000 0.00000
0.00000 0.00000 0.00000 0.00000 0.00000 0.00000 0.00000 0.00000 0.00000 0.00000 0.00000 0.00000 0.00000 0.00000 0.00000 0.00000 0.00000 0.00000 0.00000 0.00000 0.00000 0.00000 0.00000 0.00000 0.00000 0.00000 0.00000 0.00000 0.00000 0.00000 0.00000 0.00000 0.00000 0.00000 0.00000 0.00000 0.00000 0.00000 0.00000 0.00000 0.00000 0.00000 0.00000 0.00000 0.00000 0.00000 0.00000 0.00000 0.00000 0.00000 0.00000 0.00000 0.00000 0.00000 0.00000 0.00000 0.00000 0.00000 0.00000 0.00000 0.00000 0.00000 0.00000 0.00000 0.00000 0.00000 0.00000 0.00000 0.00000 0.00000 0.00000 0.00000 0.00000 0.00000 0.00000 0.00000 0.00000 0.00000 0.00000 0.00000
0.00000 0.00000 0.00000 0.00000 0.00000 0.00000 0.00000 0.00000 0.00000 0.00000 0.00000 0.00000 0.00000 0.00000 0.00000 0.00000 0.00000 0.00000 0.00000 0.00000 0.00000 0.00000 0.00000 0.00000 0.00000 0.00000 0.00000 0.00000 0.00000 0.00000 0.00000 0.00000 0.00000 0.00000 0.00000 0.00000 0.00000 0.00000 0.00000 0.00000 0.00000 0.00000 0.00000 0.00000 0.00000 0.00000 0.00000 0.00000 0.00000 0.00000 0.00000 0.00000 0.00000 0.00000 0.00000 0.00000 0.00000 0.00000 0.00000 0.00000 0.00000 0.00000 0.00000 0.00000 0.00000 0.00000 0.00000 0.00000 0.00000 0.00000 0.00000 0.00000 0.00000 0.00000 0.00000 0.00000 0.00000 0.00000 0.00000 0.00000
0.00000 0.00000 0.00000 0.00000 0.00000 0.00000 0.00000 0.00000 0.00000 0.00000 0.00000 0.00000 0.00000 0.00000 0.00000 0.00000 0.00000 0.00000 0.00000 0.00000 0.00000 0.00000 0.00000 0.00000 0.00000 0.00000 0.00000 0.00000 0.00000 0.00000 0.00000 0.00000 0.00000 0.00000 0.00000 0.00000 0.00000 0.00000 0.00000 0.00000 0.00000 0.00000 0.00000 0.00000 0.00000 0.00000 0.00000 0.00000 0.00000 0.00000 0.00000 0.00000 0.00000 0.00000 0.00000 0.00000 0.00000 0.00000 0.00000 0.00000 0.00000 0.00000 0.00000 0.00000 0.00000 0.00000 0.00000 0.00000 0.00000 0.00000 0.00000 0.00000 0.00000 0.00000 0.00000 0.00000 0.00000 0.00000 0.00000 0.00000
0.00000 0.00000 0.00000 0.00000 0.00000 0.00000 0.00000 0.00000 0.00000 0.00000 0.00000 0.00000 0.00000 0.00000 0.00000 0.00000 0.00000 0.00000 0.00000 0.00000 0.00000 0.00000 0.00000 0.00000 0.00000 0.00000 0.00000 0.00000 0.00000 0.00000 0.00000 0.00000 0.00000 0.00000 0.00000 0.00000 0.00000 0.00000 0.00000 0.00000 0.00000 0.00000 0.00000 0.00000 0.00000 0.00000 0.00000 0.00000 0.00000 0.00000 0.00000 0.00000 0.00000 0.00000 0.00000 0.00000 0.00000 0.00000 0.00000 0.00000 0.00000 0.00000 0.00000 0.00000 0.00000 0.00000 0.00000 0.00000 0.00000 0.00000 0.00000 0.00000 0.00000 0.00000 0.00000 0.00000 0.00000 0.00000 0.00000 0.00000
0.00000 0.00000 0.00000 0.00000 0.00000 0.00000 0.00000 0.00000 0.00000 0.00000 0.00000 0.00000 0.00000 0.00000 0.00000 0.00000 0.00000 0.00000 0.00000 0.00000 0.00000 0.00000 0.00000 0.00000 0.00000 0.00000 0.00000 0.00000 0.00000 0.00000 0.00000 0.00000 0.00000 0.00000 0.00000 0.00000 0.00000 0.00000 0.00000 0.00000 0.00000 0.00000 0.00000 0.00000 0.00000 0.00000 0.00000 0.00000 0.00000 0.00000 0.00000 0.00000 0.00000 0.00000 0.00000 0.00000 0.00000 0.00000 0.00000 0.00000 0.00000 0.00000 0.00000 0.00000 0.00000 0.00000 0.00000 0.00000 0.00000 0.00000 0.00000 0.00000 0.00000 0.00000 0.00000 0.00000 0.00000 0.00000 0.00000 0.00000
0.00000 0.00000 0.00000 0.00000 0.00000 0.00000 0.00000 0.00000 0.00000 0.00000 0.00000 0.00000 0.00000 0.00000 0.00000 0.00000 0.00000 0.00000 0.00000 0.00000 0.00000 0.00000 0.00000 0.00000 0.00000 0.00000 0.00000 0.00000 0.00000 0.00000 0.00000 0.00000 0.00000 0.00000 0.00000 0.00000 0.00000 0.00000 0.00000 0.00000 0.00000 0.00000 0.00000 0.00000 0.00000 0.00000 0.00000 0.00000 0.00000 0.00000 0.00000 0.00000 0.00000 0.00000 0.00000 0.00000 0.00000 0.00000 0.00000 0.00000 0.00000 0.00000 0.00000 0.00000 0.00000 0.00000 0.00000 0.00000 0.00000 0.00000 0.00000 0.00000 0.00000 0.00000 0.00000 0.00000 0.00000 0.00000 0.00000 0.00000
0.00000 0.00000 0.00000 0.00000 0.00000 0.00000 0.00000 0.00000 0.00000 0.00000 0.00000 0.00000 0.00000 0.00000 0.00000 0.00000 0.00000 0.00000 0.00000 0.00000 0.00000 0.00000 0.00000 0.00000 0.00000 0.00000 0.00000 0.00000 0.00000 0.00000 0.00000 0.00000 0.00000 0.00000 0.00000 0.00000 0.00000 0.00000 0.00000 0.00000 0.00000 0.00000 0.00000 0.00000 0.00000 0.00000 0.00000 0.00000 0.00000 0.00000 0.00000 0.00000 0.00000 0.00000 0.00000 0.00000 0.00000 0.00000 0.00000 0.00000 0.00000 0.00000 0.00000 0.00000 0.00000 0.00000 0.00000 0.00000 0.00000 0.00000 0.00000 0.00000 0.00000 0.00000 0.00000 0.00000 0.00000 0.00000 0.00000 0.00000
0.00000 0.00000 0.00000 0.00000 0.00000 0.00000 0.00000 0.00000 0.00000 0.00000 0.00000 0.00000 0.00000 0.00000 0.00000 0.00000 0.00000 0.00000 0.00000 0.00000 0.00000 0.00000 0.00000 0.00000 0.00000 0.00000 0.00000 0.00000 0.00000 0.00000 0.00000 0.00000 0.00000 0.00000 0.00000 0.00000 0.00000 0.00000 0.00000 0.00000 0.00000 0.00000 0.00000 0.00000 0.00000 0.00000 0.00000 0.00000 0.00000 0.00000 0.00000 0.00000 0.00000 0.00000 0.00000 0.00000 0.00000 0.00000 0.00000 0.00000 0.00000 0.00000 0.00000 0.00000 0.00000 0.00000 0.00000 0.00000 0.00000 0.00000 0.00000 0.00000 0.00000 0.00000 0.00000 0.00000 0.00000 0.00000 0.00000 0.00000
0.00000 0.00000 0.00000 0.00000 0.00000 0.00000 0.00000 0.00000 0.00000 0.00000 0.00000 0.00000 0.00000 0.00000 0.00000 0.00000 0.00000 0.00000 0.00000 0.00000 0.00000 0.00000 0.00000 0.00000 0.00000 0.00000 0.00000 0.00000 0.00000 0.00000 0.00000 0.00000 0.00000 0.00000 0.00000 0.00000 0.00000 0.00000 0.00000 0.00000 0.00000 0.00000 0.00000 0.00000 0.00000 0.00000 0.00000 0.00000 0.00000 0.00000 0.00000 0.00000 0.00000 0.00000 0.00000 0.00000 0.00000 0.00000 0.00000 0.00000 0.00000 0.00000 0.00000 0.00000 0.00000 0.00000 0.00000 0.00000 0.00000 0.00000 0.00000 0.00000 0.00000 0.00000 0.00000 0.00000 0.00000 0.00000 0.00000 0.00000
0.00000 0.00000 0.00000 0.00000 0.00000 0.00000 0.00000 0.00000 0.00000 0.00000 0.00000 0.00000 0.00000 0.00000 0.00000 0.00000 0.00000 0.00000 0.00000 0.00000 0.00000 0.00000 0.00000 0.00000 0.00000 0.00000 0.00000 0.00000 0.00000 0.00000 0.00000 0.00000 0.00000 0.00000 0.00000 0.00000 0.00000 0.00000 0.00000 0.00000 0.00000 0.00000 0.00000 0.00000 0.00000 0.00000 0.00000 0.00000 0.00000 0.00000 0.00000 0.00000 0.00000 0.00000 0.00000 0.00000 0.00000 0.00000 0.00000 0.00000 0.00000 0.00000 0.00000 0.00000 0.00000 0.00000 0.00000 0.00000 0.00000 0.00000 0.00000 0.00000 0.00000 0.00000 0.00000 0.00000 0.00000 0.00000 0.00000 0.00000
0.00000 0.00000 0.00000 0.00000 0.00000 0.00000 0.00000 0.00000 0.00000 0.00000 0.00000 0.00000 0.00000 0.00000 0.00000 0.00000 0.00000 0.00000 0.00000 0.00000 0.00000 0.00000 0.00000 0.00000 0.00000 0.00000 0.00000 0.00000 0.00000 0.00000 0.00000 0.00000 0.00000 0.00000 0.00000 0.00000 0.00000 0.00000 0.00000 0.00000 0.00000 0.00000 0.00000 0.00000 0.00000 0.00000 0.00000 0.00000 0.00000 0.00000 0.00000 0.00000 0.00000 0.00000 0.00000 0.00000 0.00000 0.00000 0.00000 0.00000 0.00000 0.00000 0.00000 0.00000 0.00000 0.00000 0.00000 0.00000 0.00000 0.00000 0.00000 0.00000 0.00000 0.00000 0.00000 0.00000 0.00000 0.00000 0.00000 0.00000
0.00000 0.00000 0.00000 0.00000 0.00000 0.00000 0.00000 0.00000 0.00000 0.00000 0.00000 0.00000 0.00000 0.00000 0.00000 0.00000 0.00000 0.00000 0.00000 0.00000 0.00000 0.00000 0.00000 0.00000 0.00000 0.00000 0.00000 0.00000 0.00000 0.00000 0.00000 0.00000 0.00000 0.00000 0.00000 0.00000 0.00000 0.00000 0.00000 0.00000 0.00000 0.00000 0.00000 0.00000 0.00000 0.00000 0.00000 0.00000 0.00000 0.00000 0.00000 0.00000 0.00000 0.00000 0.00000 0.00000 0.00000 0.00000 0.00000 0.00000 0.00000 0.00000 0.00000 0.00000 0.00000 0.00000 0.00000 0.00000 0.00000 0.00000 0.00000 0.00000 0.00000 0.00000 0.00000 0.00000 0.00000 0.00000 0.00000 0.00000
