0.58759 0.61727 0.65033 0.68139 0.71455 0.71049 0.67622 0.64446 0.60915 0.57737 0.54101 0.51151 0.47743 0.44503 0.41325 0.37729 0.33876 0.29796 0.25927 0.21910 0.18008 0.13943 0.09963 0.05989 0.01997 0.00000 0.00000 0.00000 0.00000 0.00000 0.00000 0.00000 0.00000 0.00000 0.00000 0.00000 0.00000 0.00000 0.00000 0.00000 0.00000 0.00000 0.00000 0.00000 0.00000 0.00000 0.00000 0.00000 0.00000 0.00000 0.00000 0.00000 0.00000 0.00000 0.00000 0.00000 0.00000 0.00000 0.00000 0.00000 0.00000 0.00000 0.00000 0.00000 0.00000 0.00000 0.00000 0.00000 0.00000 0.00000
0.61546 0.63863 0.66425 0.68756 0.71466 0.71361 0.68624 0.65940 0.63334 0.61026 0.58226 0.55689 0.53046 0.50753 0.48211 0.44489 0.39843 0.35236 0.30638 0.25842 0.21112 0.16469 0.11790 0.07055 0.02344 0.00000 0.00000 0.00000 0.00000 0.00000 0.00000 0.00000 0.00000 0.00000 0.00000 0.00000 0.00000 0.00000 0.00000 0.00000 0.00000 0.00000 0.00000 0.00000 0.00000 0.00000 0.00000 0.00000 0.00000 0.00000 0.00000 0.00000 0.00000 0.00000 0.00000 0.00000 0.00000 0.00000 0.00000 0.00000 0.00000 0.00000 0.00000 0.00000 0.00000 0.00000 0.00000 0.00000 0.00000 0.00000
0.65002 0.66623 0.68415 0.69881 0.71731 0.71827 0.69936 0.67675 0.65695 0.64334 0.62420 0.60277 0.58393 0.56969 0.55250 0.51310 0.45913 0.40719 0.35393 0.29780 0.24341 0.19021 0.13612 0.08127 0.02703 0.00000 0.00000 0.00000 0.00000 0.00000 0.00000 0.00000 0.00000 0.00000 0.00000 0.00000 0.00000 0.00000 0.00000 0.00000 0.00000 0.00000 0.00000 0.00000 0.00000 0.00000 0.00000 0.00000 0.00000 0.00000 0.00000 0.00000 0.00000 0.00000 0.00000 0.00000 0.00000 0.00000 0.00000 0.00000 0.00000 0.00000 0.00000 0.00000 0.00000 0.00000 0.00000 0.00000 0.00000 0.00000
0.67465 0.68646 0.69736 0.70636 0.71693 0.71721 0.70862 0.69542 0.68256 0.67284 0.66244 0.65115 0.63747 0.62919 0.61906 0.58264 0.52071 0.46025 0.39939 0.33761 0.27668 0.21500 0.15336 0.09211 0.03076 0.00000 0.00000 0.00000 0.00000 0.00000 0.00000 0.00000 0.00000 0.00000 0.00000 0.00000 0.00000 0.00000 0.00000 0.00000 0.00000 0.00000 0.00000 0.00000 0.00000 0.00000 0.00000 0.00000 0.00000 0.00000 0.00000 0.00000 0.00000 0.00000 0.00000 0.00000 0.00000 0.00000 0.00000 0.00000 0.00000 0.00000 0.00000 0.00000 0.00000 0.00000 0.00000 0.00000 0.00000 0.00000
0.71201 0.71332 0.71800 0.72104 0.72384 0.71987 0.71476 0.71579 0.71143 0.70443 0.69839 0.69929 0.69703 0.68910 0.68440 0.65163 0.58512 0.51328 0.44396 0.37759 0.30990 0.23967 0.17083 0.10321 0.03445 0.00000 0.00000 0.00000 0.00000 0.00000 0.00000 0.00000 0.00000 0.00000 0.00000 0.00000 0.00000 0.00000 0.00000 0.00000 0.00000 0.00000 0.00000 0.00000 0.00000 0.00000 0.00000 0.00000 0.00000 0.00000 0.00000 0.00000 0.00000 0.00000 0.00000 0.00000 0.00000 0.00000 0.00000 0.00000 0.00000 0.00000 0.00000 0.00000 0.00000 0.00000 0.00000 0.00000 0.00000 0.00000
0.70249 0.70653 0.71011 0.71714 0.72153 0.71821 0.71375 0.71266 0.71178 0.70431 0.69896 0.69793 0.69640 0.68991 0.68388 0.65118 0.58422 0.51374 0.44430 0.37718 0.30931 0.23991 0.17124 0.10292 0.03435 0.00000 0.00000 0.00000 0.00000 0.00000 0.00000 0.00000 0.00000 0.00000 0.00000 0.00000 0.00000 0.00000 0.00000 0.00000 0.00000 0.00000 0.00000 0.00000 0.00000 0.00000 0.00000 0.00000 0.00000 0.00000 0.00000 0.00000 0.00000 0.00000 0.00000 0.00000 0.00000 0.00000 0.00000 0.00000 0.00000 0.00000 0.00000 0.00000 0.00000 0.00000 0.00000 0.00000 0.00000 0.00000
0.67810 0.68785 0.69756 0.70490 0.71552 0.71880 0.70729 0.69357 0.67966 0.67349 0.66339 0.65021 0.63704 0.62949 0.62039 0.58181 0.51881 0.45999 0.39990 0.33689 0.27477 0.21489 0.15388 0.09177 0.03056 0.00000 0.00000 0.00000 0.00000 0.00000 0.00000 0.00000 0.00000 0.00000 0.00000 0.00000 0.00000 0.00000 0.00000 0.00000 0.00000 0.00000 0.00000 0.00000 0.00000 0.00000 0.00000 0.00000 0.00000 0.00000 0.00000 0.00000 0.00000 0.00000 0.00000 0.00000 0.00000 0.00000 0.00000 0.00000 0.00000 0.00000 0.00000 0.00000 0.00000 0.00000 0.00000 0.00000 0.00000 0.00000
0.63738 0.65782 0.67487 0.69057 0.70772 0.71266 0.69761 0.67452 0.65545 0.64040 0.62458 0.60273 0.58349 0.56825 0.55183 0.51296 0.45780 0.40590 0.35287 0.29730 0.24267 0.18939 0.13573 0.08115 0.02700 0.00000 0.00000 0.00000 0.00000 0.00000 0.00000 0.00000 0.00000 0.00000 0.00000 0.00000 0.00000 0.00000 0.00000 0.00000 0.00000 0.00000 0.00000 0.00000 0.00000 0.00000 0.00000 0.00000 0.00000 0.00000 0.00000 0.00000 0.00000 0.00000 0.00000 0.00000 0.00000 0.00000 0.00000 0.00000 0.00000 0.00000 0.00000 0.00000 0.00000 0.00000 0.00000 0.00000 0.00000 0.00000
0.60910 0.63332 0.65896 0.68606 0.71091 0.70709 0.67999 0.65910 0.63433 0.60693 0.57929 0.55752 0.53336 0.50610 0.47926 0.44559 0.39971 0.35127 0.30329 0.25803 0.21172 0.16384 0.11669 0.07044 0.02354 0.00000 0.00000 0.00000 0.00000 0.00000 0.00000 0.00000 0.00000 0.00000 0.00000 0.00000 0.00000 0.00000 0.00000 0.00000 0.00000 0.00000 0.00000 0.00000 0.00000 0.00000 0.00000 0.00000 0.00000 0.00000 0.00000 0.00000 0.00000 0.00000 0.00000 0.00000 0.00000 0.00000 0.00000 0.00000 0.00000 0.00000 0.00000 0.00000 0.00000 0.00000 0.00000 0.00000 0.00000 0.00000
0.57124 0.60309 0.63577 0.67301 0.70643 0.70201 0.66884 0.64058 0.61060 0.57347 0.54018 0.51100 0.47964 0.44396 0.41116 0.37744 0.33841 0.29678 0.25680 0.21833 0.17923 0.13884 0.09886 0.05950 0.01992 0.00000 0.00000 0.00000 0.00000 0.00000 0.00000 0.00000 0.00000 0.00000 0.00000 0.00000 0.00000 0.00000 0.00000 0.00000 0.00000 0.00000 0.00000 0.00000 0.00000 0.00000 0.00000 0.00000 0.00000 0.00000 0.00000 0.00000 0.00000 0.00000 0.00000 0.00000 0.00000 0.00000 0.00000 0.00000 0.00000 0.00000 0.00000 0.00000 0.00000 0.00000 0.00000 0.00000 0.00000 0.00000
0.54491 0.58465 0.62305 0.65967 0.69960 0.70263 0.66354 0.62092 0.58005 0.54350 0.50447 0.46274 0.42261 0.38459 0.34526 0.30788 0.27510 0.24370 0.21153 0.17827 0.14548 0.11372 0.08145 0.04861 0.01617 0.00000 0.00000 0.00000 0.00000 0.00000 0.00000 0.00000 0.00000 0.00000 0.00000 0.00000 0.00000 0.00000 0.00000 0.00000 0.00000 0.00000 0.00000 0.00000 0.00000 0.00000 0.00000 0.00000 0.00000 0.00000 0.00000 0.00000 0.00000 0.00000 0.00000 0.00000 0.00000 0.00000 0.00000 0.00000 0.00000 0.00000 0.00000 0.00000 0.00000 0.00000 0.00000 0.00000 0.00000 0.00000
0.50898 0.55741 0.60353 0.64724 0.69413 0.69827 0.65366 0.60216 0.55444 0.51137 0.46513 0.41514 0.36828 0.32376 0.27685 0.23898 0.21377 0.18986 0.16464 0.13853 0.11321 0.08832 0.06335 0.03794 0.01258 0.00000 0.00000 0.00000 0.00000 0.00000 0.00000 0.00000 0.00000 0.00000 0.00000 0.00000 0.00000 0.00000 0.00000 0.00000 0.00000 0.00000 0.00000 0.00000 0.00000 0.00000 0.00000 0.00000 0.00000 0.00000 0.00000 0.00000 0.00000 0.00000 0.00000 0.00000 0.00000 0.00000 0.00000 0.00000 0.00000 0.00000 0.00000 0.00000 0.00000 0.00000 0.00000 0.00000 0.00000 0.00000
0.47652 0.53057 0.58566 0.64153 0.69549 0.69254 0.63890 0.58709 0.53336 0.47721 0.42340 0.37050 0.31620 0.26100 0.20739 0.17167 0.15341 0.13504 0.11709 0.09934 0.08133 0.06304 0.04501 0.02709 0.00904 0.00000 0.00000 0.00000 0.00000 0.00000 0.00000 0.00000 0.00000 0.00000 0.00000 0.00000 0.00000 0.00000 0.00000 0.00000 0.00000 0.00000 0.00000 0.00000 0.00000 0.00000 0.00000 0.00000 0.00000 0.00000 0.00000 0.00000 0.00000 0.00000 0.00000 0.00000 0.00000 0.00000 0.00000 0.00000 0.00000 0.00000 0.00000 0.00000 0.00000 0.00000 0.00000 0.00000 0.00000 0.00000
0.44357 0.50389 0.56541 0.63071 0.69286 0.68849 0.62730 0.56901 0.50888 0.44435 0.38290 0.32421 0.26244 0.19978 0.13848 0.10332 0.09228 0.08096 0.07010 0.05969 0.04891 0.03796 0.02697 0.01618 0.00544 0.00000 0.00000 0.00000 0.00000 0.00000 0.00000 0.00000 0.00000 0.00000 0.00000 0.00000 0.00000 0.00000 0.00000 0.00000 0.00000 0.00000 0.00000 0.00000 0.00000 0.00000 0.00000 0.00000 0.00000 0.00000 0.00000 0.00000 0.00000 0.00000 0.00000 0.00000 0.00000 0.00000 0.00000 0.00000 0.00000 0.00000 0.00000 0.00000 0.00000 0.00000 0.00000 0.00000 0.00000 0.00000
0.41394 0.48257 0.54986 0.61640 0.68596 0.68831 0.62017 0.54971 0.48155 0.41418 0.34513 0.27558 0.20786 0.13927 0.07031 0.03421 0.03074 0.02712 0.02339 0.01982 0.01628 0.01265 0.00901 0.00541 0.00181 0.00000 0.00000 0.00000 0.00000 0.00000 0.00000 0.00000 0.00000 0.00000 0.00000 0.00000 0.00000 0.00000 0.00000 0.00000 0.00000 0.00000 0.00000 0.00000 0.00000 0.00000 0.00000 0.00000 0.00000 0.00000 0.00000 0.00000 0.00000 0.00000 0.00000 0.00000 0.00000 0.00000 0.00000 0.00000 0.00000 0.00000 0.00000 0.00000 0.00000 0.00000 0.00000 0.00000 0.00000 0.00000
0.37693 0.44650 0.51505 0.58046 0.64884 0.65284 0.58501 0.51320 0.44431 0.37840 0.30971 0.23968 0.17109 0.10331 0.03440 0.00000 0.00000 0.00000 0.00000 0.00000 0.00000 0.00000 0.00000 0.00000 0.00000 0.00180 0.00544 0.00907 0.01262 0.01621 0.01993 0.02359 0.02714 0.03065 0.03438 0.03452 0.03078 0.02707 0.02357 0.02001 0.01634 0.01265 0.00905 0.00547 0.00182 0.00000 0.00000 0.00000 0.00000 0.00000 0.00000 0.00000 0.00000 0.00000 0.00000 0.00000 0.00000 0.00000 0.00000 0.00000 0.00000 0.00000 0.00000 0.00000 0.00000 0.00000 0.00000 0.00000 0.00000 0.00000
0.33651 0.39762 0.45984 0.52255 0.58392 0.58223 0.52117 0.46125 0.39975 0.33731 0.27670 0.21540 0.15339 0.09191 0.03079 0.00000 0.00000 0.00000 0.00000 0.00000 0.00000 0.00000 0.00000 0.00000 0.00000 0.00541 0.01629 0.02716 0.03798 0.04868 0.05960 0.07074 0.08152 0.09226 0.10307 0.10310 0.09246 0.08168 0.07063 0.05978 0.04902 0.03809 0.02722 0.01638 0.00545 0.00000 0.00000 0.00000 0.00000 0.00000 0.00000 0.00000 0.00000 0.00000 0.00000 0.00000 0.00000 0.00000 0.00000 0.00000 0.00000 0.00000 0.00000 0.00000 0.00000 0.00000 0.00000 0.00000 0.00000 0.00000
0.29729 0.35066 0.40485 0.46181 0.51676 0.51346 0.45932 0.40731 0.35346 0.29760 0.24340 0.19032 0.13589 0.08124 0.02703 0.00000 0.00000 0.00000 0.00000 0.00000 0.00000 0.00000 0.00000 0.00000 0.00000 0.00906 0.02702 0.04505 0.06350 0.08170 0.09940 0.11715 0.13561 0.15448 0.17211 0.17140 0.15414 0.13644 0.11781 0.09939 0.08156 0.06378 0.04554 0.02716 0.00906 0.00000 0.00000 0.00000 0.00000 0.00000 0.00000 0.00000 0.00000 0.00000 0.00000 0.00000 0.00000 0.00000 0.00000 0.00000 0.00000 0.00000 0.00000 0.00000 0.00000 0.00000 0.00000 0.00000 0.00000 0.00000
0.25867 0.30573 0.35217 0.39816 0.44544 0.44691 0.40014 0.35233 0.30556 0.25900 0.21153 0.16426 0.11780 0.07066 0.02345 0.00000 0.00000 0.00000 0.00000 0.00000 0.00000 0.00000 0.00000 0.00000 0.00000 0.01267 0.03801 0.06321 0.08848 0.11433 0.13963 0.16429 0.18986 0.21544 0.24107 0.24161 0.21555 0.18968 0.16516 0.14020 0.11427 0.08873 0.06362 0.03820 0.01272 0.00000 0.00000 0.00000 0.00000 0.00000 0.00000 0.00000 0.00000 0.00000 0.00000 0.00000 0.00000 0.00000 0.00000 0.00000 0.00000 0.00000 0.00000 0.00000 0.00000 0.00000 0.00000 0.00000 0.00000 0.00000
0.21860 0.25923 0.29905 0.33699 0.37673 0.37872 0.33938 0.29799 0.25818 0.21942 0.17954 0.13915 0.09930 0.05983 0.01996 0.00000 0.00000 0.00000 0.00000 0.00000 0.00000 0.00000 0.00000 0.00000 0.00000 0.01629 0.04903 0.08161 0.11378 0.14615 0.17910 0.21262 0.24515 0.27612 0.30954 0.31104 0.27721 0.24400 0.21237 0.18030 0.14712 0.11405 0.08162 0.04926 0.01642 0.00000 0.00000 0.00000 0.00000 0.00000 0.00000 0.00000 0.00000 0.00000 0.00000 0.00000 0.00000 0.00000 0.00000 0.00000 0.00000 0.00000 0.00000 0.00000 0.00000 0.00000 0.00000 0.00000 0.00000 0.00000
0.17848 0.21082 0.24371 0.27698 0.30977 0.30913 0.27651 0.24466 0.21205 0.17909 0.14680 0.11424 0.08135 0.04877 0.01634 0.00000 0.00000 0.00000 0.00000 0.00000 0.00000 0.00000 0.00000 0.00000 0.00000 0.01990 0.05956 0.09972 0.13972 0.17890 0.21887 0.25925 0.29905 0.33941 0.37879 0.37763 0.33927 0.30036 0.25936 0.21892 0.17995 0.14037 0.09989 0.05982 0.02002 0.00000 0.00000 0.00000 0.00000 0.00000 0.00000 0.00000 0.00000 0.00000 0.00000 0.00000 0.00000 0.00000 0.00000 0.00000 0.00000 0.00000 0.00000 0.00000 0.00000 0.00000 0.00000 0.00000 0.00000 0.00000
0.13913 0.16395 0.18926 0.21602 0.24151 0.24027 0.21506 0.19052 0.16524 0.13928 0.11397 0.08894 0.06355 0.03801 0.01264 0.00000 0.00000 0.00000 0.00000 0.00000 0.00000 0.00000 0.00000 0.00000 0.00000 0.02352 0.07047 0.11747 0.16486 0.21269 0.25985 0.30510 0.35218 0.40210 0.44879 0.44638 0.40109 0.35521 0.30664 0.25871 0.21259 0.16602 0.11824 0.07067 0.02362 0.00000 0.00000 0.00000 0.00000 0.00000 0.00000 0.00000 0.00000 0.00000 0.00000 0.00000 0.00000 0.00000 0.00000 0.00000 0.00000 0.00000 0.00000 0.00000 0.00000 0.00000 0.00000 0.00000 0.00000 0.00000
0.09956 0.11778 0.13581 0.15358 0.17162 0.17226 0.15428 0.13587 0.11772 0.09982 0.08161 0.06336 0.04538 0.02723 0.00904 0.00000 0.00000 0.00000 0.00000 0.00000 0.00000 0.00000 0.00000 0.00000 0.00000 0.02715 0.08170 0.13575 0.19031 0.24493 0.29873 0.35337 0.40841 0.46162 0.51670 0.51897 0.46283 0.40701 0.35430 0.30082 0.24513 0.19023 0.13652 0.08216 0.02728 0.00000 0.00000 0.00000 0.00000 0.00000 0.00000 0.00000 0.00000 0.00000 0.00000 0.00000 0.00000 0.00000 0.00000 0.00000 0.00000 0.00000 0.00000 0.00000 0.00000 0.00000 0.00000 0.00000 0.00000 0.00000
0.05964 0.07081 0.08170 0.09209 0.10299 0.10353 0.09269 0.08147 0.07067 0.05994 0.04906 0.03808 0.02714 0.01635 0.00546 0.00000 0.00000 0.00000 0.00000 0.00000 0.00000 0.00000 0.00000 0.00000 0.00000 0.03083 0.09234 0.15442 0.21638 0.27657 0.33798 0.40203 0.46420 0.52271 0.58483 0.58836 0.52476 0.46150 0.40170 0.34109 0.27804 0.21560 0.15463 0.09315 0.03097 0.00000 0.00000 0.00000 0.00000 0.00000 0.00000 0.00000 0.00000 0.00000 0.00000 0.00000 0.00000 0.00000 0.00000 0.00000 0.00000 0.00000 0.00000 0.00000 0.00000 0.00000 0.00000 0.00000 0.00000 0.00000
0.01986 0.02347 0.02714 0.03085 0.03449 0.03443 0.03079 0.02725 0.02364 0.01995 0.01634 0.01272 0.00907 0.00543 0.00182 0.00000 0.00000 0.00000 0.00000 0.00000 0.00000 0.00000 0.00000 0.00000 0.00000 0.03452 0.10345 0.17231 0.24059 0.30999 0.38015 0.44829 0.51604 0.58725 0.65639 0.65338 0.58658 0.51955 0.44867 0.37863 0.31121 0.24279 0.17273 0.10340 0.03462 0.00000 0.00000 0.00000 0.00000 0.00000 0.00000 0.00000 0.00000 0.00000 0.00000 0.00000 0.00000 0.00000 0.00000 0.00000 0.00000 0.00000 0.00000 0.00000 0.00000 0.00000 0.00000 0.00000 0.00000 0.00000
0.00000 0.00000 0.00000 0.00000 0.00000 0.00000 0.00000 0.00000 0.00000 0.00000 0.00000 0.00000 0.00000 0.00000 0.00000 0.00181 0.00547 0.00909 0.01266 0.01632 0.02003 0.02357 0.02716 0.03085 0.03445 0.06901 0.13472 0.19927 0.26405 0.33075 0.39704 0.46038 0.52472 0.59341 0.65926 0.65387 0.58689 0.51992 0.44875 0.37873 0.31132 0.24294 0.17285 0.10344 0.03462 0.00000 0.00000 0.00000 0.00000 0.00000 0.00000 0.00000 0.00000 0.00000 0.00000 0.00000 0.00000 0.00000 0.00000 0.00000 0.00000 0.00000 0.00000 0.00000 0.00000 0.00000 0.00000 0.00000 0.00000 0.00000
0.00000 0.00000 0.00000 0.00000 0.00000 0.00000 0.00000 0.00000 0.00000 0.00000 0.00000 0.00000 0.00000 0.00000 0.00000 0.00544 0.01638 0.02727 0.03812 0.04904 0.05985 0.07071 0.08169 0.09277 0.10369 0.13424 0.18454 0.23592 0.28785 0.33794 0.38726 0.43943 0.49212 0.54055 0.59093 0.58904 0.52546 0.46218 0.40236 0.34138 0.27809 0.21593 0.15494 0.09320 0.03095 0.00000 0.00000 0.00000 0.00000 0.00000 0.00000 0.00000 0.00000 0.00000 0.00000 0.00000 0.00000 0.00000 0.00000 0.00000 0.00000 0.00000 0.00000 0.00000 0.00000 0.00000 0.00000 0.00000 0.00000 0.00000
0.00000 0.00000 0.00000 0.00000 0.00000 0.00000 0.00000 0.00000 0.00000 0.00000 0.00000 0.00000 0.00000 0.00000 0.00000 0.00908 0.02718 0.04542 0.06380 0.08170 0.09971 0.11824 0.13622 0.15421 0.17302 0.19991 0.23529 0.27227 0.30996 0.34541 0.38032 0.41757 0.45595 0.49105 0.52630 0.51900 0.46340 0.40810 0.35538 0.30120 0.24536 0.19060 0.13682 0.08226 0.02732 0.00000 0.00000 0.00000 0.00000 0.00000 0.00000 0.00000 0.00000 0.00000 0.00000 0.00000 0.00000 0.00000 0.00000 0.00000 0.00000 0.00000 0.00000 0.00000 0.00000 0.00000 0.00000 0.00000 0.00000 0.00000
0.00000 0.00000 0.00000 0.00000 0.00000 0.00000 0.00000 0.00000 0.00000 0.00000 0.00000 0.00000 0.00000 0.00000 0.00000 0.01273 0.03823 0.06368 0.08895 0.11436 0.14019 0.16577 0.19087 0.21584 0.24099 0.26564 0.28820 0.30896 0.32974 0.35255 0.37551 0.39641 0.41709 0.44085 0.46267 0.44801 0.40284 0.35570 0.30683 0.25977 0.21356 0.16613 0.11823 0.07093 0.02374 0.00000 0.00000 0.00000 0.00000 0.00000 0.00000 0.00000 0.00000 0.00000 0.00000 0.00000 0.00000 0.00000 0.00000 0.00000 0.00000 0.00000 0.00000 0.00000 0.00000 0.00000 0.00000 0.00000 0.00000 0.00000
0.00000 0.00000 0.00000 0.00000 0.00000 0.00000 0.00000 0.00000 0.00000 0.00000 0.00000 0.00000 0.00000 0.00000 0.00000 0.01636 0.04927 0.08202 0.11433 0.14717 0.18038 0.21288 0.24547 0.27819 0.31050 0.33051 0.33937 0.34613 0.35144 0.35925 0.36876 0.37567 0.38092 0.38814 0.39645 0.38125 0.34127 0.30042 0.25964 0.22003 0.18093 0.14067 0.09997 0.06000 0.02013 0.00000 0.00000 0.00000 0.00000 0.00000 0.00000 0.00000 0.00000 0.00000 0.00000 0.00000 0.00000 0.00000 0.00000 0.00000 0.00000 0.00000 0.00000 0.00000 0.00000 0.00000 0.00000 0.00000 0.00000 0.00000
0.00000 0.00000 0.00000 0.00000 0.00000 0.00000 0.00000 0.00000 0.00000 0.00000 0.00000 0.00000 0.00000 0.00000 0.00000 0.02001 0.06016 0.10023 0.14009 0.18013 0.22040 0.26013 0.29971 0.34046 0.38124 0.39626 0.38821 0.38241 0.37564 0.36730 0.35967 0.35333 0.34607 0.33827 0.33146 0.31158 0.27782 0.24575 0.21381 0.18043 0.14717 0.11484 0.08231 0.04925 0.01638 0.00000 0.00000 0.00000 0.00000 0.00000 0.00000 0.00000 0.00000 0.00000 0.00000 0.00000 0.00000 0.00000 0.00000 0.00000 0.00000 0.00000 0.00000 0.00000 0.00000 0.00000 0.00000 0.00000 0.00000 0.00000
0.00000 0.00000 0.00000 0.00000 0.00000 0.00000 0.00000 0.00000 0.00000 0.00000 0.00000 0.00000 0.00000 0.00000 0.00000 0.02366 0.07111 0.11852 0.16569 0.21291 0.26060 0.30810 0.35473 0.40166 0.45011 0.46373 0.43971 0.41740 0.39788 0.37626 0.35228 0.33024 0.30984 0.28864 0.26671 0.24160 0.21607 0.19155 0.16639 0.14039 0.11449 0.08926 0.06405 0.03840 0.01273 0.00000 0.00000 0.00000 0.00000 0.00000 0.00000 0.00000 0.00000 0.00000 0.00000 0.00000 0.00000 0.00000 0.00000 0.00000 0.00000 0.00000 0.00000 0.00000 0.00000 0.00000 0.00000 0.00000 0.00000 0.00000
0.00000 0.00000 0.00000 0.00000 0.00000 0.00000 0.00000 0.00000 0.00000 0.00000 0.00000 0.00000 0.00000 0.00000 0.00000 0.02732 0.08217 0.13692 0.19121 0.24568 0.30090 0.35596 0.41001 0.46348 0.51873 0.52963 0.49237 0.45396 0.41869 0.38365 0.34611 0.30879 0.27348 0.23721 0.20011 0.17315 0.15533 0.13663 0.11811 0.10040 0.08237 0.06379 0.04546 0.02742 0.00916 0.00000 0.00000 0.00000 0.00000 0.00000 0.00000 0.00000 0.00000 0.00000 0.00000 0.00000 0.00000 0.00000 0.00000 0.00000 0.00000 0.00000 0.00000 0.00000 0.00000 0.00000 0.00000 0.00000 0.00000 0.00000
0.00000 0.00000 0.00000 0.00000 0.00000 0.00000 0.00000 0.00000 0.00000 0.00000 0.00000 0.00000 0.00000 0.00000 0.00000 0.03099 0.09320 0.15523 0.21688 0.27881 0.34139 0.40306 0.46444 0.52743 0.58949 0.59216 0.54288 0.49389 0.44087 0.38879 0.33933 0.28886 0.23718 0.18543 0.13444 0.10416 0.09331 0.08196 0.07089 0.06023 0.04943 0.03835 0.02729 0.01642 0.00550 0.00000 0.00000 0.00000 0.00000 0.00000 0.00000 0.00000 0.00000 0.00000 0.00000 0.00000 0.00000 0.00000 0.00000 0.00000 0.00000 0.00000 0.00000 0.00000 0.00000 0.00000 0.00000 0.00000 0.00000 0.00000
0.00000 0.00000 0.00000 0.00000 0.00000 0.00000 0.00000 0.00000 0.00000 0.00000 0.00000 0.00000 0.00000 0.00000 0.00000 0.03466 0.10421 0.17355 0.24258 0.31202 0.38179 0.45040 0.51935 0.59025 0.65900 0.65835 0.59456 0.53073 0.46286 0.39615 0.33237 0.26714 0.20023 0.13478 0.06949 0.03465 0.03092 0.02740 0.02380 0.02005 0.01638 0.01280 0.00916 0.00547 0.00182 0.00000 0.00000 0.00000 0.00000 0.00000 0.00000 0.00000 0.00000 0.00000 0.00000 0.00000 0.00000 0.00000 0.00000 0.00000 0.00000 0.00000 0.00000 0.00000 0.00000 0.00000 0.00000 0.00000 0.00000 0.00000
0.00000 0.00000 0.00000 0.00000 0.00000 0.00000 0.00000 0.00000 0.00000 0.00000 0.00000 0.00000 0.00000 0.00000 0.00000 0.03467 0.10431 0.17378 0.24273 0.31195 0.38190 0.45151 0.52023 0.58852 0.65863 0.66066 0.58949 0.51846 0.45124 0.38240 0.31148 0.24213 0.17340 0.10423 0.03480 0.00000 0.00000 0.00000 0.00000 0.00000 0.00000 0.00000 0.00000 0.00000 0.00000 0.00183 0.00551 0.00915 0.01276 0.01647 0.02021 0.02380 0.02743 0.03120 0.03493 0.03485 0.03116 0.02757 0.02391 0.02021 0.01657 0.01289 0.00918 0.00551 0.00185 0.00185 0.00550 0.00916 0.01285 0.01651
0.00000 0.00000 0.00000 0.00000 0.00000 0.00000 0.00000 0.00000 0.00000 0.00000 0.00000 0.00000 0.00000 0.00000 0.00000 0.03105 0.09341 0.15562 0.21735 0.27924 0.34206 0.40443 0.46539 0.52680 0.59103 0.59127 0.52653 0.46451 0.40457 0.34211 0.27863 0.21697 0.15566 0.09310 0.03095 0.00000 0.00000 0.00000 0.00000 0.00000 0.00000 0.00000 0.00000 0.00000 0.00000 0.00548 0.01642 0.02750 0.03851 0.04938 0.06025 0.07158 0.08271 0.09337 0.10410 0.10486 0.09388 0.08255 0.07128 0.06083 0.04978 0.03864 0.02747 0.01658 0.00554 0.00554 0.01658 0.02752 0.03866 0.04986
0.00000 0.00000 0.00000 0.00000 0.00000 0.00000 0.00000 0.00000 0.00000 0.00000 0.00000 0.00000 0.00000 0.00000 0.00000 0.02744 0.08243 0.13725 0.19202 0.24687 0.30206 0.35664 0.41087 0.46613 0.52156 0.52027 0.46592 0.41176 0.35561 0.30104 0.24732 0.19204 0.13680 0.08216 0.02734 0.00000 0.00000 0.00000 0.00000 0.00000 0.00000 0.00000 0.00000 0.00000 0.00000 0.00918 0.02736 0.04569 0.06428 0.08251 0.10044 0.11916 0.13781 0.15596 0.17385 0.17442 0.15633 0.13791 0.11938 0.10109 0.08277 0.06443 0.04615 0.02764 0.00918 0.00919 0.02766 0.04620 0.06436 0.08261
0.00000 0.00000 0.00000 0.00000 0.00000 0.00000 0.00000 0.00000 0.00000 0.00000 0.00000 0.00000 0.00000 0.00000 0.00000 0.02379 0.07149 0.11909 0.16648 0.21397 0.26177 0.30946 0.35689 0.40378 0.45077 0.45234 0.40551 0.35580 0.30792 0.26182 0.21456 0.16599 0.11843 0.07150 0.02385 0.00000 0.00000 0.00000 0.00000 0.00000 0.00000 0.00000 0.00000 0.00000 0.00000 0.01283 0.03847 0.06400 0.08985 0.11573 0.14114 0.16645 0.19236 0.21908 0.24458 0.24345 0.21777 0.19369 0.16773 0.14111 0.11530 0.09054 0.06466 0.03862 0.01283 0.01290 0.03878 0.06466 0.09040 0.11571
0.00000 0.00000 0.00000 0.00000 0.00000 0.00000 0.00000 0.00000 0.00000 0.00000 0.00000 0.00000 0.00000 0.00000 0.00000 0.02012 0.06065 0.10103 0.14080 0.18090 0.22187 0.26224 0.30200 0.34186 0.38256 0.38265 0.34179 0.30170 0.26201 0.22137 0.18072 0.14089 0.10069 0.06032 0.02015 0.00000 0.00000 0.00000 0.00000 0.00000 0.00000 0.00000 0.00000 0.00000 0.00000 0.01643 0.04963 0.08264 0.11531 0.14842 0.18164 0.21460 0.24742 0.28092 0.31421 0.31428 0.28084 0.24808 0.21525 0.18226 0.14922 0.11587 0.08276 0.04972 0.01663 0.01661 0.04961 0.08268 0.11584 0.14906
0.00000 0.00000 0.00000 0.00000 0.00000 0.00000 0.00000 0.00000 0.00000 0.00000 0.00000 0.00000 0.00000 0.00000 0.00000 0.01649 0.04957 0.08257 0.11541 0.14842 0.18169 0.21420 0.24674 0.28078 0.31410 0.31198 0.27911 0.24795 0.21492 0.18065 0.14776 0.11564 0.08262 0.04924 0.01642 0.00000 0.00000 0.00000 0.00000 0.00000 0.00000 0.00000 0.00000 0.00000 0.00000 0.02015 0.06050 0.10091 0.14093 0.18130 0.22235 0.26298 0.30274 0.34232 0.38353 0.38521 0.34430 0.30202 0.26212 0.22334 0.18281 0.14107 0.10083 0.06099 0.02034 0.02025 0.06056 0.10131 0.14211 0.18320
0.00000 0.00000 0.00000 0.00000 0.00000 0.00000 0.00000 0.00000 0.00000 0.00000 0.00000 0.00000 0.00000 0.00000 0.00000 0.01288 0.03848 0.06404 0.09009 0.11587 0.14113 0.16655 0.19227 0.21818 0.24391 0.24383 0.21798 0.19219 0.16656 0.14119 0.11547 0.08958 0.06406 0.03854 0.01280 0.00000 0.00000 0.00000 0.00000 0.00000 0.00000 0.00000 0.00000 0.00000 0.00000 0.02390 0.07129 0.11896 0.16701 0.21463 0.26249 0.31050 0.35798 0.40538 0.45388 0.45465 0.40634 0.35860 0.31105 0.26333 0.21531 0.16752 0.11996 0.07190 0.02393 0.02392 0.07185 0.12006 0.16806 0.21558
0.00000 0.00000 0.00000 0.00000 0.00000 0.00000 0.00000 0.00000 0.00000 0.00000 0.00000 0.00000 0.00000 0.00000 0.00000 0.00918 0.02757 0.04592 0.06425 0.08248 0.10084 0.11952 0.13784 0.15540 0.17361 0.17472 0.15641 0.13696 0.11874 0.10112 0.08269 0.06390 0.04570 0.02757 0.00918 0.00000 0.00000 0.00000 0.00000 0.00000 0.00000 0.00000 0.00000 0.00000 0.00000 0.02752 0.08236 0.13746 0.19308 0.24801 0.30218 0.35749 0.41359 0.46956 0.52400 0.52229 0.46822 0.41506 0.36001 0.30219 0.24786 0.19390 0.13873 0.08248 0.02751 0.02774 0.08318 0.13824 0.19329 0.24893
0.00000 0.00000 0.00000 0.00000 0.00000 0.00000 0.00000 0.00000 0.00000 0.00000 0.00000 0.00000 0.00000 0.00000 0.00000 0.00549 0.01660 0.02765 0.03849 0.04945 0.06073 0.07176 0.08259 0.09345 0.10451 0.10453 0.09360 0.08266 0.07152 0.06038 0.04950 0.03861 0.02749 0.01645 0.00551 0.00000 0.00000 0.00000 0.00000 0.00000 0.00000 0.00000 0.00000 0.00000 0.00000 0.03107 0.09377 0.15599 0.21852 0.28154 0.34319 0.40452 0.46905 0.53307 0.59348 0.59262 0.53216 0.47086 0.40653 0.34385 0.28219 0.21973 0.15647 0.09381 0.03138 0.03142 0.09413 0.15644 0.21878 0.28216
0.00000 0.00000 0.00000 0.00000 0.00000 0.00000 0.00000 0.00000 0.00000 0.00000 0.00000 0.00000 0.00000 0.00000 0.00000 0.00184 0.00551 0.00919 0.01288 0.01654 0.02022 0.02383 0.02751 0.03131 0.03497 0.03477 0.03110 0.02762 0.02392 0.02011 0.01648 0.01289 0.00918 0.00548 0.00183 0.00000 0.00000 0.00000 0.00000 0.00000 0.00000 0.00000 0.00000 0.00000 0.00000 0.03489 0.10477 0.17437 0.24400 0.31394 0.38408 0.45449 0.52398 0.59289 0.66338 0.66570 0.59584 0.52292 0.45399 0.38603 0.31643 0.24399 0.17464 0.10550 0.03516 0.03487 0.10468 0.17536 0.24564 0.31586
0.00000 0.00000 0.00000 0.00000 0.00000 0.00000 0.00000 0.00000 0.00000 0.00000 0.00000 0.00000 0.00000 0.00000 0.00000 0.00000 0.00000 0.00000 0.00000 0.00000 0.00000 0.00000 0.00000 0.00000 0.00000 0.00000 0.00000 0.00000 0.00000 0.00000 0.00000 0.00000 0.00000 0.00000 0.00000 0.00000 0.00000 0.00000 0.00000 0.00000 0.00000 0.00000 0.00000 0.00000 0.00000 0.03498 0.10458 0.17457 0.24425 0.31343 0.38452 0.45522 0.52343 0.59191 0.66505 0.66696 0.59391 0.52360 0.45569 0.38651 0.31455 0.24452 0.17562 0.10539 0.03501 0.03492 0.10494 0.17571 0.24609 0.31523
0.00000 0.00000 0.00000 0.00000 0.00000 0.00000 0.00000 0.00000 0.00000 0.00000 0.00000 0.00000 0.00000 0.00000 0.00000 0.00000 0.00000 0.00000 0.00000 0.00000 0.00000 0.00000 0.00000 0.00000 0.00000 0.00000 0.00000 0.00000 0.00000 0.00000 0.00000 0.00000 0.00000 0.00000 0.00000 0.00000 0.00000 0.00000 0.00000 0.00000 0.00000 0.00000 0.00000 0.00000 0.00000 0.03121 0.09351 0.15616 0.21881 0.28139 0.34403 0.40616 0.46868 0.53273 0.59565 0.59358 0.53142 0.47100 0.40859 0.34369 0.28147 0.22026 0.15734 0.09381 0.03127 0.03148 0.09434 0.15637 0.21885 0.28147
0.00000 0.00000 0.00000 0.00000 0.00000 0.00000 0.00000 0.00000 0.00000 0.00000 0.00000 0.00000 0.00000 0.00000 0.00000 0.00000 0.00000 0.00000 0.00000 0.00000 0.00000 0.00000 0.00000 0.00000 0.00000 0.00000 0.00000 0.00000 0.00000 0.00000 0.00000 0.00000 0.00000 0.00000 0.00000 0.00000 0.00000 0.00000 0.00000 0.00000 0.00000 0.00000 0.00000 0.00000 0.00000 0.02754 0.08272 0.13779 0.19321 0.24872 0.30314 0.35765 0.41454 0.47041 0.52399 0.52317 0.47052 0.41599 0.35873 0.30341 0.24966 0.19430 0.13807 0.08274 0.02774 0.02777 0.08316 0.13774 0.19295 0.24911
0.00000 0.00000 0.00000 0.00000 0.00000 0.00000 0.00000 0.00000 0.00000 0.00000 0.00000 0.00000 0.00000 0.00000 0.00000 0.00000 0.00000 0.00000 0.00000 0.00000 0.00000 0.00000 0.00000 0.00000 0.00000 0.00000 0.00000 0.00000 0.00000 0.00000 0.00000 0.00000 0.00000 0.00000 0.00000 0.00000 0.00000 0.00000 0.00000 0.00000 0.00000 0.00000 0.00000 0.00000 0.00000 0.02394 0.07185 0.11951 0.16736 0.21521 0.26291 0.31153 0.35956 0.40653 0.45419 0.45627 0.40841 0.35871 0.31099 0.26456 0.21651 0.16749 0.11964 0.07214 0.02406 0.02396 0.07177 0.11973 0.16785 0.21577
0.00000 0.00000 0.00000 0.00000 0.00000 0.00000 0.00000 0.00000 0.00000 0.00000 0.00000 0.00000 0.00000 0.00000 0.00000 0.00000 0.00000 0.00000 0.00000 0.00000 0.00000 0.00000 0.00000 0.00000 0.00000 0.00000 0.00000 0.00000 0.00000 0.00000 0.00000 0.00000 0.00000 0.00000 0.00000 0.00000 0.00000 0.00000 0.00000 0.00000 0.00000 0.00000 0.00000 0.00000 0.00000 0.02024 0.06077 0.10142 0.14154 0.18168 0.22296 0.26381 0.30348 0.34344 0.38553 0.38607 0.34417 0.30340 0.26425 0.22390 0.18223 0.14172 0.10183 0.06112 0.02029 0.02024 0.06088 0.10185 0.14257 0.18241
0.00000 0.00000 0.00000 0.00000 0.00000 0.00000 0.00000 0.00000 0.00000 0.00000 0.00000 0.00000 0.00000 0.00000 0.00000 0.00000 0.00000 0.00000 0.00000 0.00000 0.00000 0.00000 0.00000 0.00000 0.00000 0.00000 0.00000 0.00000 0.00000 0.00000 0.00000 0.00000 0.00000 0.00000 0.00000 0.00000 0.00000 0.00000 0.00000 0.00000 0.00000 0.00000 0.00000 0.00000 0.00000 0.01656 0.04965 0.08279 0.11594 0.14943 0.18257 0.21519 0.24810 0.28274 0.31589 0.31458 0.28146 0.24981 0.21650 0.18219 0.14910 0.11663 0.08333 0.04975 0.01657 0.01661 0.04991 0.08302 0.11593 0.14869
0.00000 0.00000 0.00000 0.00000 0.00000 0.00000 0.00000 0.00000 0.00000 0.00000 0.00000 0.00000 0.00000 0.00000 0.00000 0.00000 0.00000 0.00000 0.00000 0.00000 0.00000 0.00000 0.00000 0.00000 0.00000 0.00000 0.00000 0.00000 0.00000 0.00000 0.00000 0.00000 0.00000 0.00000 0.00000 0.00000 0.00000 0.00000 0.00000 0.00000 0.00000 0.00000 0.00000 0.00000 0.00000 0.01292 0.03855 0.06422 0.09036 0.11630 0.14168 0.16715 0.19361 0.21978 0.24501 0.24459 0.21970 0.19421 0.16769 0.14179 0.11653 0.09076 0.06455 0.03868 0.01294 0.01297 0.03883 0.06446 0.09030 0.11641
0.00000 0.00000 0.00000 0.00000 0.00000 0.00000 0.00000 0.00000 0.00000 0.00000 0.00000 0.00000 0.00000 0.00000 0.00000 0.00000 0.00000 0.00000 0.00000 0.00000 0.00000 0.00000 0.00000 0.00000 0.00000 0.00000 0.00000 0.00000 0.00000 0.00000 0.00000 0.00000 0.00000 0.00000 0.00000 0.00000 0.00000 0.00000 0.00000 0.00000 0.00000 0.00000 0.00000 0.00000 0.00000 0.00919 0.02759 0.04617 0.06457 0.08270 0.10107 0.12022 0.13859 0.15632 0.17468 0.17589 0.15733 0.13802 0.11967 0.10196 0.08338 0.06445 0.04604 0.02776 0.00926 0.00921 0.02759 0.04601 0.06447 0.08272
0.00000 0.00000 0.00000 0.00000 0.00000 0.00000 0.00000 0.00000 0.00000 0.00000 0.00000 0.00000 0.00000 0.00000 0.00000 0.00000 0.00000 0.00000 0.00000 0.00000 0.00000 0.00000 0.00000 0.00000 0.00000 0.00000 0.00000 0.00000 0.00000 0.00000 0.00000 0.00000 0.00000 0.00000 0.00000 0.00000 0.00000 0.00000 0.00000 0.00000 0.00000 0.00000 0.00000 0.00000 0.00000 0.00551 0.01662 0.02773 0.03865 0.04963 0.06084 0.07208 0.08298 0.09383 0.10517 0.10542 0.09412 0.08288 0.07206 0.06111 0.04984 0.03870 0.02773 0.01667 0.00555 0.00553 0.01658 0.02779 0.03889 0.04996
0.00000 0.00000 0.00000 0.00000 0.00000 0.00000 0.00000 0.00000 0.00000 0.00000 0.00000 0.00000 0.00000 0.00000 0.00000 0.00000 0.00000 0.00000 0.00000 0.00000 0.00000 0.00000 0.00000 0.00000 0.00000 0.00000 0.00000 0.00000 0.00000 0.00000 0.00000 0.00000 0.00000 0.00000 0.00000 0.00000 0.00000 0.00000 0.00000 0.00000 0.00000 0.00000 0.00000 0.00000 0.00000 0.00185 0.00554 0.00919 0.01287 0.01665 0.02033 0.02389 0.02756 0.03148 0.03517 0.03495 0.03129 0.02781 0.02410 0.02025 0.01657 0.01298 0.00927 0.00552 0.00184 0.00185 0.00556 0.00921 0.01285 0.01648
0.00000 0.00000 0.00000 0.00000 0.00000 0.00000 0.00000 0.00000 0.00000 0.00000 0.00000 0.00000 0.00000 0.00000 0.00000 0.00000 0.00000 0.00000 0.00000 0.00000 0.00000 0.00000 0.00000 0.00000 0.00000 0.00000 0.00000 0.00000 0.00000 0.00000 0.00000 0.00000 0.00000 0.00000 0.00000 0.00000 0.00000 0.00000 0.00000 0.00000 0.00000 0.00000 0.00000 0.00000 0.00000 0.00000 0.00000 0.00000 0.00000 0.00000 0.00000 0.00000 0.00000 0.00000 0.00000 0.00000 0.00000 0.00000 0.00000 0.00000 0.00000 0.00000 0.00000 0.00000 0.00000 0.00000 0.00000 0.00000 0.00000 0.00000
0.00000 0.00000 0.00000 0.00000 0.00000 0.00000 0.00000 0.00000 0.00000 0.00000 0.00000 0.00000 0.00000 0.00000 0.00000 0.00000 0.00000 0.00000 0.00000 0.00000 0.00000 0.00000 0.00000 0.00000 0.00000 0.00000 0.00000 0.00000 0.00000 0.00000 0.00000 0.00000 0.00000 0.00000 0.00000 0.00000 0.00000 0.00000 0.00000 0.00000 0.00000 0.00000 0.00000 0.00000 0.00000 0.00000 0.00000 0.00000 0.00000 0.00000 0.00000 0.00000 0.00000 0.00000 0.00000 0.00000 0.00000 0.00000 0.00000 0.00000 0.00000 0.00000 0.00000 0.00000 0.00000 0.00000 0.00000 0.00000 0.00000 0.00000
0.00000 0.00000 0.00000 0.00000 0.00000 0.00000 0.00000 0.00000 0.00000 0.00000 0.00000 0.00000 0.00000 0.00000 0.00000 0.00000 0.00000 0.00000 0.00000 0.00000 0.00000 0.00000 0.00000 0.00000 0.00000 0.00000 0.00000 0.00000 0.00000 0.00000 0.00000 0.00000 0.00000 0.00000 0.00000 0.00000 0.00000 0.00000 0.00000 0.00000 0.00000 0.00000 0.00000 0.00000 0.00000 0.00000 0.00000 0.00000 0.00000 0.00000 0.00000 0.00000 0.00000 0.00000 0.00000 0.00000 0.00000 0.00000 0.00000 0.00000 0.00000 0.00000 0.00000 0.00000 0.00000 0.00000 0.00000 0.00000 0.00000 0.00000
0.00000 0.00000 0.00000 0.00000 0.00000 0.00000 0.00000 0.00000 0.00000 0.00000 0.00000 0.00000 0.00000 0.00000 0.00000 0.00000 0.00000 0.00000 0.00000 0.00000 0.00000 0.00000 0.00000 0.00000 0.00000 0.00000 0.00000 0.00000 0.00000 0.00000 0.00000 0.00000 0.00000 0.00000 0.00000 0.00000 0.00000 0.00000 0.00000 0.00000 0.00000 0.00000 0.00000 0.00000 0.00000 0.00000 0.00000 0.00000 0.00000 0.00000 0.00000 0.00000 0.00000 0.00000 0.00000 0.00000 0.00000 0.00000 0.00000 0.00000 0.00000 0.00000 0.00000 0.00000 0.00000 0.00000 0.00000 0.00000 0.00000 0.00000
0.00000 0.00000 0.00000 0.00000 0.00000 0.00000 0.00000 0.00000 0.00000 0.00000 0.00000 0.00000 0.00000 0.00000 0.00000 0.00000 0.00000 0.00000 0.00000 0.00000 0.00000 0.00000 0.00000 0.00000 0.00000 0.00000 0.00000 0.00000 0.00000 0.00000 0.00000 0.00000 0.00000 0.00000 0.00000 0.00000 0.00000 0.00000 0.00000 0.00000 0.00000 0.00000 0.00000 0.00000 0.00000 0.00000 0.00000 0.00000 0.00000 0.00000 0.00000 0.00000 0.00000 0.00000 0.00000 0.00000 0.00000 0.00000 0.00000 0.00000 0.00000 0.00000 0.00000 0.00000 0.00000 0.00000 0.00000 0.00000 0.00000 0.00000
0.00000 0.00000 0.00000 0.00000 0.00000 0.00000 0.00000 0.00000 0.00000 0.00000 0.00000 0.00000 0.00000 0.00000 0.00000 0.00000 0.00000 0.00000 0.00000 0.00000 0.00000 0.00000 0.00000 0.00000 0.00000 0.00000 0.00000 0.00000 0.00000 0.00000 0.00000 0.00000 0.00000 0.00000 0.00000 0.00000 0.00000 0.00000 0.00000 0.00000 0.00000 0.00000 0.00000 0.00000 0.00000 0.00000 0.00000 0.00000 0.00000 0.00000 0.00000 0.00000 0.00000 0.00000 0.00000 0.00000 0.00000 0.00000 0.00000 0.00000 0.00000 0.00000 0.00000 0.00000 0.00000 0.00000 0.00000 0.00000 0.00000 0.00000
0.00000 0.00000 0.00000 0.00000 0.00000 0.00000 0.00000 0.00000 0.00000 0.00000 0.00000 0.00000 0.00000 0.00000 0.00000 0.00000 0.00000 0.00000 0.00000 0.00000 0.00000 0.00000 0.00000 0.00000 0.00000 0.00000 0.00000 0.00000 0.00000 0.00000 0.00000 0.00000 0.00000 0.00000 0.00000 0.00000 0.00000 0.00000 0.00000 0.00000 0.00000 0.00000 0.00000 0.00000 0.00000 0.00000 0.00000 0.00000 0.00000 0.00000 0.00000 0.00000 0.00000 0.00000 0.00000 0.00000 0.00000 0.00000 0.00000 0.00000 0.00000 0.00000 0.00000 0.00000 0.00000 0.00000 0.00000 0.00000 0.00000 0.00000
0.00000 0.00000 0.00000 0.00000 0.00000 0.00000 0.00000 0.00000 0.00000 0.00000 0.00000 0.00000 0.00000 0.00000 0.00000 0.00000 0.00000 0.00000 0.00000 0.00000 0.00000 0.00000 0.00000 0.00000 0.00000 0.00000 0.00000 0.00000 0.00000 0.00000 0.00000 0.00000 0.00000 0.00000 0.00000 0.00000 0.00000 0.00000 0.00000 0.00000 0.00000 0.00000 0.00000 0.00000 0.00000 0.00000 0.00000 0.00000 0.00000 0.00000 0.00000 0.00000 0.00000 0.00000 0.00000 0.00000 0.00000 0.00000 0.00000 0.00000 0.00000 0.00000 0.00000 0.00000 0.00000 0.00000 0.00000 0.00000 0.00000 0.00000
0.00000 0.00000 0.00000 0.00000 0.00000 0.00000 0.00000 0.00000 0.00000 0.00000 0.00000 0.00000 0.00000 0.00000 0.00000 0.00000 0.00000 0.00000 0.00000 0.00000 0.00000 0.00000 0.00000 0.00000 0.00000 0.00000 0.00000 0.00000 0.00000 0.00000 0.00000 0.00000 0.00000 0.00000 0.00000 0.00000 0.00000 0.00000 0.00000 0.00000 0.00000 0.00000 0.00000 0.00000 0.00000 0.00000 0.00000 0.00000 0.00000 0.00000 0.00000 0.00000 0.00000 0.00000 0.00000 0.00000 0.00000 0.00000 0.00000 0.00000 0.00000 0.00000 0.00000 0.00000 0.00000 0.00000 0.00000 0.00000 0.00000 0.00000
0.00000 0.00000 0.00000 0.00000 0.00000 0.00000 0.00000 0.00000 0.00000 0.00000 0.00000 0.00000 0.00000 0.00000 0.00000 0.00000 0.00000 0.00000 0.00000 0.00000 0.00000 0.00000 0.00000 0.00000 0.00000 0.00000 0.00000 0.00000 0.00000 0.00000 0.00000 0.00000 0.00000 0.00000 0.00000 0.00000 0.00000 0.00000 0.00000 0.00000 0.00000 0.00000 0.00000 0.00000 0.00000 0.00000 0.00000 0.00000 0.00000 0.00000 0.00000 0.00000 0.00000 0.00000 0.00000 0.00000 0.00000 0.00000 0.00000 0.00000 0.00000 0.00000 0.00000 0.00000 0.00000 0.00000 0.00000 0.00000 0.00000 0.00000
0.00000 0.00000 0.00000 0.00000 0.00000 0.00000 0.00000 0.00000 0.00000 0.00000 0.00000 0.00000 0.00000 0.00000 0.00000 0.00000 0.00000 0.00000 0.00000 0.00000 0.00000 0.00000 0.00000 0.00000 0.00000 0.00000 0.00000 0.00000 0.00000 0.00000 0.00000 0.00000 0.00000 0.00000 0.00000 0.00000 0.00000 0.00000 0.00000 0.00000 0.00000 0.00000 0.00000 0.00000 0.00000 0.00000 0.00000 0.00000 0.00000 0.00000 0.00000 0.00000 0.00000 0.00000 0.00000 0.00000 0.00000 0.00000 0.00000 0.00000 0.00000 0.00000 0.00000 0.00000 0.00000 0.00000 0.00000 0.00000 0.00000 0.00000
0.00000 0.00000 0.00000 0.00000 0.00000 0.00000 0.00000 0.00000 0.00000 0.00000 0.00000 0.00000 0.00000 0.00000 0.00000 0.00000 0.00000 0.00000 0.00000 0.00000 0.00000 0.00000 0.00000 0.00000 0.00000 0.00000 0.00000 0.00000 0.00000 0.00000 0.00000 0.00000 0.00000 0.00000 0.00000 0.00000 0.00000 0.00000 0.00000 0.00000 0.00000 0.00000 0.00000 0.00000 0.00000 0.00000 0.00000 0.00000 0.00000 0.00000 0.00000 0.00000 0.00000 0.00000 0.00000 0.00000 0.00000 0.00000 0.00000 0.00000 0.00000 0.00000 0.00000 0.00000 0.00000 0.00000 0.00000 0.00000 0.00000 0.00000
0.00000 0.00000 0.00000 0.00000 0.00000 0.00000 0.00000 0.00000 0.00000 0.00000 0.00000 0.00000 0.00000 0.00000 0.00000 0.00000 0.00000 0.00000 0.00000 0.00000 0.00000 0.00000 0.00000 0.00000 0.00000 0.00000 0.00000 0.00000 0.00000 0.00000 0.00000 0.00000 0.00000 0.00000 0.00000 0.00000 0.00000 0.00000 0.00000 0.00000 0.00000 0.00000 0.00000 0.00000 0.00000 0.00000 0.00000 0.00000 0.00000 0.00000 0.00000 0.00000 0.00000 0.00000 0.00000 0.00000 0.00000 0.00000 0.00000 0.00000 0.00000 0.00000 0.00000 0.00000 0.00000 0.00000 0.00000 0.00000 0.00000 0.00000
0.00000 0.00000 0.00000 0.00000 0.00000 0.00000 0.00000 0.00000 0.00000 0.00000 0.00000 0.00000 0.00000 0.00000 0.00000 0.00000 0.00000 0.00000 0.00000 0.00000 0.00000 0.00000 0.00000 0.00000 0.00000 0.00000 0.00000 0.00000 0.00000 0.00000 0.00000 0.00000 0.00000 0.00000 0.00000 0.00000 0.00000 0.00000 0.00000 0.00000 0.00000 0.00000 0.00000 0.00000 0.00000 0.00000 0.00000 0.00000 0.00000 0.00000 0.00000 0.00000 0.00000 0.00000 0.00000 0.00000 0.00000 0.00000 0.00000 0.00000 0.00000 0.00000 0.00000 0.00000 0.00000 0.00000 0.00000 0.00000 0.00000 0.00000
0.00000 0.00000 0.00000 0.00000 0.00000 0.00000 0.00000 0.00000 0.00000 0.00000 0.00000 0.00000 0.00000 0.00000 0.00000 0.00000 0.00000 0.00000 0.00000 0.00000 0.00000 0.00000 0.00000 0.00000 0.00000 0.00000 0.00000 0.00000 0.00000 0.00000 0.00000 0.00000 0.00000 0.00000 0.00000 0.00000 0.00000 0.00000 0.00000 0.00000 0.00000 0.00000 0.00000 0.00000 0.00000 0.00000 0.00000 0.00000 0.00000 0.00000 0.00000 0.00000 0.00000 0.00000 0.00000 0.00000 0.00000 0.00000 0.00000 0.00000 0.00000 0.00000 0.00000 0.00000 0.00000 0.00000 0.00000 0.00000 0.00000 0.00000
