0.00000 0.00000 0.00000 0.00000 0.00000 0.00000 0.00000 0.00000 0.00000 0.00000 0.00000 0.00000 0.00000 0.00000 0.00000 0.00000 0.00000 0.00000 0.00000 0.00000 0.00000 0.00000 0.00000 0.00000 0.00000 0.00000 0.00000 0.00000 0.00000 0.00000 0.00000 0.00000 0.00000 0.00000 0.00000 0.01665 0.04956 0.08293 0.11613 0.14996 0.18186 0.21566 0.24900 0.28374 0.31393 0.31588 0.28250 0.25016 0.21582 0.18207 0.15017 0.11631 0.08319 0.04966 0.01669 0.01659 0.05004 0.08307 0.11654 0.14944
0.00000 0.00000 0.00000 0.00000 0.00000 0.00000 0.00000 0.00000 0.00000 0.00000 0.00000 0.00000 0.00000 0.00000 0.00000 0.00000 0.00000 0.00000 0.00000 0.00000 0.00000 0.00000 0.00000 0.00000 0.00000 0.00000 0.00000 0.00000 0.00000 0.00000 0.00000 0.00000 0.00000 0.00000 0.00000 0.01294 0.03855 0.06451 0.09053 0.11664 0.14150 0.16782 0.19395 0.22062 0.24451 0.24542 0.21986 0.19461 0.16761 0.14160 0.11681 0.09060 0.06460 0.03861 0.01299 0.01293 0.03879 0.06447 0.09064 0.11615
0.00000 0.00000 0.00000 0.00000 0.00000 0.00000 0.00000 0.00000 0.00000 0.00000 0.00000 0.00000 0.00000 0.00000 0.00000 0.00000 0.00000 0.00000 0.00000 0.00000 0.00000 0.00000 0.00000 0.00000 0.00000 0.00000 0.00000 0.00000 0.00000 0.00000 0.00000 0.00000 0.00000 0.00000 0.00000 0.00924 0.02755 0.04615 0.06461 0.08315 0.10119 0.12008 0.13836 0.15722 0.17482 0.17554 0.15694 0.13876 0.11978 0.10132 0.08338 0.06470 0.04617 0.02759 0.00928 0.00924 0.02770 0.04606 0.06486 0.08327
0.00000 0.00000 0.00000 0.00000 0.00000 0.00000 0.00000 0.00000 0.00000 0.00000 0.00000 0.00000 0.00000 0.00000 0.00000 0.00000 0.00000 0.00000 0.00000 0.00000 0.00000 0.00000 0.00000 0.00000 0.00000 0.00000 0.00000 0.00000 0.00000 0.00000 0.00000 0.00000 0.00000 0.00000 0.00000 0.00554 0.01666 0.02773 0.03857 0.04980 0.06108 0.07218 0.08266 0.09403 0.10551 0.10561 0.09376 0.08290 0.07229 0.06115 0.04976 0.03867 0.02781 0.01663 0.00554 0.00553 0.01667 0.02769 0.03879 0.04983
0.00000 0.00000 0.00000 0.00000 0.00000 0.00000 0.00000 0.00000 0.00000 0.00000 0.00000 0.00000 0.00000 0.00000 0.00000 0.00000 0.00000 0.00000 0.00000 0.00000 0.00000 0.00000 0.00000 0.00000 0.00000 0.00000 0.00000 0.00000 0.00000 0.00000 0.00000 0.00000 0.00000 0.00000 0.00000 0.00184 0.00556 0.00924 0.01287 0.01659 0.02037 0.02405 0.02757 0.03133 0.03516 0.03519 0.03124 0.02760 0.02409 0.02038 0.01654 0.01286 0.00928 0.00556 0.00184 0.00184 0.00557 0.00927 0.01293 0.01663
0.00000 0.00000 0.00000 0.00000 0.00000 0.00000 0.00000 0.00000 0.00000 0.00000 0.00000 0.00000 0.00000 0.00000 0.00000 0.00000 0.00000 0.00000 0.00000 0.00000 0.00000 0.00000 0.00000 0.00000 0.00000 0.00000 0.00000 0.00000 0.00000 0.00000 0.00000 0.00000 0.00000 0.00000 0.00000 0.00185 0.00552 0.00923 0.01296 0.01662 0.02022 0.02399 0.02777 0.03143 0.03495 0.03505 0.03147 0.02774 0.02396 0.02029 0.01666 0.01294 0.00923 0.00554 0.00185 0.00185 0.00554 0.00926 0.01296 0.01663
0.00000 0.00000 0.00000 0.00000 0.00000 0.00000 0.00000 0.00000 0.00000 0.00000 0.00000 0.00000 0.00000 0.00000 0.00000 0.00000 0.00000 0.00000 0.00000 0.00000 0.00000 0.00000 0.00000 0.00000 0.00000 0.00000 0.00000 0.00000 0.00000 0.00000 0.00000 0.00000 0.00000 0.00000 0.00000 0.00555 0.01657 0.02766 0.03890 0.04993 0.06071 0.07182 0.08338 0.09440 0.10489 0.10488 0.09443 0.08337 0.07166 0.06071 0.05009 0.03902 0.02757 0.01655 0.00556 0.00557 0.01659 0.02766 0.03888 0.05016
0.00000 0.00000 0.00000 0.00000 0.00000 0.00000 0.00000 0.00000 0.00000 0.00000 0.00000 0.00000 0.00000 0.00000 0.00000 0.00000 0.00000 0.00000 0.00000 0.00000 0.00000 0.00000 0.00000 0.00000 0.00000 0.00000 0.00000 0.00000 0.00000 0.00000 0.00000 0.00000 0.00000 0.00000 0.00000 0.00924 0.02778 0.04615 0.06440 0.08307 0.10186 0.12006 0.13796 0.15681 0.17585 0.17551 0.15658 0.13835 0.12017 0.10159 0.08304 0.06463 0.04618 0.02767 0.00924 0.00926 0.02773 0.04614 0.06469 0.08354
0.00000 0.00000 0.00000 0.00000 0.00000 0.00000 0.00000 0.00000 0.00000 0.00000 0.00000 0.00000 0.00000 0.00000 0.00000 0.00000 0.00000 0.00000 0.00000 0.00000 0.00000 0.00000 0.00000 0.00000 0.00000 0.00000 0.00000 0.00000 0.00000 0.00000 0.00000 0.00000 0.00000 0.00000 0.00000 0.01291 0.03891 0.06473 0.09014 0.11606 0.14272 0.16841 0.19303 0.21890 0.24658 0.24642 0.21869 0.19308 0.16884 0.14304 0.11577 0.09014 0.06487 0.03896 0.01288 0.01288 0.03884 0.06489 0.09059 0.11646
0.00000 0.00000 0.00000 0.00000 0.00000 0.00000 0.00000 0.00000 0.00000 0.00000 0.00000 0.00000 0.00000 0.00000 0.00000 0.00000 0.00000 0.00000 0.00000 0.00000 0.00000 0.00000 0.00000 0.00000 0.00000 0.00000 0.00000 0.00000 0.00000 0.00000 0.00000 0.00000 0.00000 0.00000 0.00000 0.01661 0.04968 0.08308 0.11667 0.14957 0.18212 0.21584 0.24998 0.28265 0.31471 0.31536 0.28294 0.24933 0.21572 0.18269 0.14952 0.11620 0.08315 0.04991 0.01660 0.01659 0.04989 0.08347 0.11654 0.14955
0.00000 0.00000 0.00000 0.00000 0.00000 0.00000 0.00000 0.00000 0.00000 0.00000 0.00000 0.00000 0.00000 0.00000 0.00000 0.00000 0.00000 0.00000 0.00000 0.00000 0.00000 0.00000 0.00000 0.00000 0.00000 0.00000 0.00000 0.00000 0.00000 0.00000 0.00000 0.00000 0.00000 0.00000 0.00000 0.02033 0.06077 0.10137 0.14253 0.18303 0.22262 0.26318 0.30577 0.34616 0.38426 0.38421 0.34663 0.30598 0.26283 0.22245 0.18356 0.14286 0.10107 0.06067 0.02035 0.02037 0.06076 0.10110 0.14207 0.18296
0.00000 0.00000 0.00000 0.00000 0.00000 0.00000 0.00000 0.00000 0.00000 0.00000 0.00000 0.00000 0.00000 0.00000 0.00000 0.00000 0.00000 0.00000 0.00000 0.00000 0.00000 0.00000 0.00000 0.00000 0.00000 0.00000 0.00000 0.00000 0.00000 0.00000 0.00000 0.00000 0.00000 0.00000 0.00000 0.02399 0.07211 0.11998 0.16745 0.21578 0.26452 0.31209 0.35878 0.40741 0.45682 0.45618 0.40704 0.35952 0.31202 0.26382 0.21603 0.16797 0.11977 0.07186 0.02403 0.02404 0.07189 0.11959 0.16780 0.21638
0.00000 0.00000 0.00000 0.00000 0.00000 0.00000 0.00000 0.00000 0.00000 0.00000 0.00000 0.00000 0.00000 0.00000 0.00000 0.00000 0.00000 0.00000 0.00000 0.00000 0.00000 0.00000 0.00000 0.00000 0.00000 0.00000 0.00000 0.00000 0.00000 0.00000 0.00000 0.00000 0.00000 0.00000 0.00000 0.02765 0.08313 0.13847 0.19334 0.24854 0.30516 0.36035 0.41395 0.46887 0.52767 0.52760 0.46855 0.41348 0.36111 0.30587 0.24784 0.19292 0.13881 0.08328 0.02756 0.02754 0.08310 0.13851 0.19326 0.24740
0.00000 0.00000 0.00000 0.00000 0.00000 0.00000 0.00000 0.00000 0.00000 0.00000 0.00000 0.00000 0.00000 0.00000 0.00000 0.00000 0.00000 0.00000 0.00000 0.00000 0.00000 0.00000 0.00000 0.00000 0.00000 0.00000 0.00000 0.00000 0.00000 0.00000 0.00000 0.00000 0.00000 0.00000 0.00000 0.03136 0.09387 0.15666 0.21985 0.28235 0.34382 0.40716 0.47126 0.53366 0.59420 0.59489 0.53372 0.47055 0.40745 0.34468 0.28190 0.21926 0.15704 0.09413 0.03127 0.03128 0.09415 0.15722 0.21945 0.28132
0.00000 0.00000 0.00000 0.00000 0.00000 0.00000 0.00000 0.00000 0.00000 0.00000 0.00000 0.00000 0.00000 0.00000 0.00000 0.00000 0.00000 0.00000 0.00000 0.00000 0.00000 0.00000 0.00000 0.00000 0.00000 0.00000 0.00000 0.00000 0.00000 0.00000 0.00000 0.00000 0.00000 0.00000 0.00000 0.03503 0.10503 0.17500 0.24542 0.31545 0.38470 0.45410 0.52659 0.59684 0.66351 0.66307 0.59753 0.52768 0.45349 0.38389 0.31643 0.24609 0.17437 0.10466 0.03512 0.03508 0.10468 0.17408 0.24475 0.31444
0.00000 0.00000 0.00000 0.00000 0.00000 0.00000 0.00000 0.00000 0.00000 0.00000 0.00000 0.00000 0.00000 0.00000 0.00000 0.00185 0.00555 0.00924 0.01293 0.01665 0.02033 0.02399 0.02768 0.03139 0.03508 0.03505 0.03133 0.02766 0.02400 0.02028 0.01654 0.01289 0.00923 0.00553 0.00184 0.03499 0.10519 0.17515 0.24448 0.31475 0.38577 0.45576 0.52352 0.59429 0.66654 0.66639 0.59440 0.52455 0.45529 0.38512 0.31559 0.24510 0.17462 0.10489 0.03509 0.03507 0.10472 0.17449 0.24506 0.31591
0.00000 0.00000 0.00000 0.00000 0.00000 0.00000 0.00000 0.00000 0.00000 0.00000 0.00000 0.00000 0.00000 0.00000 0.00000 0.00554 0.01660 0.02772 0.03891 0.04987 0.06075 0.07197 0.08328 0.09407 0.10488 0.10512 0.09423 0.08292 0.07178 0.06081 0.04981 0.03875 0.02762 0.01656 0.00553 0.03133 0.09391 0.15649 0.21916 0.28156 0.34470 0.40747 0.46914 0.53067 0.59639 0.59696 0.53047 0.46798 0.40845 0.34601 0.28051 0.21841 0.15712 0.09413 0.03118 0.03119 0.09413 0.15678 0.21861 0.27994
0.00000 0.00000 0.00000 0.00000 0.00000 0.00000 0.00000 0.00000 0.00000 0.00000 0.00000 0.00000 0.00000 0.00000 0.00000 0.00922 0.02767 0.04622 0.06468 0.08298 0.10140 0.11993 0.13834 0.15670 0.17500 0.17499 0.15667 0.13822 0.11958 0.10126 0.08309 0.06448 0.04594 0.02760 0.00922 0.02762 0.08270 0.13794 0.19357 0.24877 0.30296 0.35839 0.41496 0.47051 0.52340 0.52374 0.47019 0.41481 0.35924 0.30364 0.24824 0.19323 0.13848 0.08291 0.02752 0.02757 0.08305 0.13851 0.19317 0.24801
0.00000 0.00000 0.00000 0.00000 0.00000 0.00000 0.00000 0.00000 0.00000 0.00000 0.00000 0.00000 0.00000 0.00000 0.00000 0.01294 0.03889 0.06459 0.09011 0.11617 0.14242 0.16769 0.19281 0.21940 0.24576 0.24476 0.21865 0.19348 0.16781 0.14174 0.11584 0.08994 0.06445 0.03872 0.01288 0.02389 0.07178 0.11969 0.16737 0.21525 0.26326 0.31060 0.35918 0.40749 0.45393 0.45298 0.40805 0.36044 0.30983 0.26231 0.21621 0.16801 0.11915 0.07159 0.02401 0.02395 0.07150 0.11916 0.16756 0.21564
0.00000 0.00000 0.00000 0.00000 0.00000 0.00000 0.00000 0.00000 0.00000 0.00000 0.00000 0.00000 0.00000 0.00000 0.00000 0.01664 0.04994 0.08290 0.11597 0.14935 0.18248 0.21559 0.24867 0.28146 0.31463 0.31517 0.28170 0.24824 0.21523 0.18219 0.14870 0.11588 0.08300 0.04967 0.01652 0.02022 0.06079 0.10119 0.14141 0.18185 0.22289 0.26347 0.30275 0.34320 0.38513 0.38552 0.34378 0.30315 0.26313 0.22268 0.18261 0.14172 0.10089 0.06068 0.02030 0.02026 0.06048 0.10096 0.14189 0.18283
0.00000 0.00000 0.00000 0.00000 0.00000 0.00000 0.00000 0.00000 0.00000 0.00000 0.00000 0.00000 0.00000 0.00000 0.00000 0.02028 0.06065 0.10131 0.14237 0.18239 0.22197 0.26340 0.30469 0.34352 0.38328 0.38530 0.34476 0.30276 0.26277 0.22289 0.18210 0.14178 0.10115 0.06057 0.02022 0.01655 0.04961 0.08266 0.11590 0.14898 0.18189 0.21525 0.24841 0.28075 0.31501 0.31550 0.28067 0.24740 0.21595 0.18287 0.14834 0.11555 0.08309 0.04972 0.01649 0.01653 0.04982 0.08290 0.11561 0.14843
0.00000 0.00000 0.00000 0.00000 0.00000 0.00000 0.00000 0.00000 0.00000 0.00000 0.00000 0.00000 0.00000 0.00000 0.00000 0.02392 0.07160 0.11982 0.16778 0.21540 0.26324 0.31056 0.35814 0.40716 0.45500 0.45343 0.40542 0.35868 0.31116 0.26305 0.21530 0.16704 0.11915 0.07175 0.02396 0.01285 0.03852 0.06430 0.09014 0.11585 0.14139 0.16693 0.19324 0.21931 0.24415 0.24393 0.21899 0.19336 0.16755 0.14156 0.11565 0.09008 0.06460 0.03863 0.01282 0.01287 0.03874 0.06447 0.08990 0.11556
0.00000 0.00000 0.00000 0.00000 0.00000 0.00000 0.00000 0.00000 0.00000 0.00000 0.00000 0.00000 0.00000 0.00000 0.00000 0.02760 0.08313 0.13824 0.19252 0.24810 0.30446 0.35813 0.41240 0.46984 0.52498 0.52241 0.46818 0.41461 0.35837 0.30222 0.24827 0.19330 0.13763 0.08258 0.02758 0.00920 0.02754 0.04590 0.06423 0.08263 0.10117 0.11946 0.13775 0.15647 0.17457 0.17399 0.15676 0.13843 0.11909 0.10080 0.08308 0.06451 0.04578 0.02754 0.00923 0.00919 0.02746 0.04589 0.06447 0.08294
0.00000 0.00000 0.00000 0.00000 0.00000 0.00000 0.00000 0.00000 0.00000 0.00000 0.00000 0.00000 0.00000 0.00000 0.00000 0.03133 0.09406 0.15627 0.21861 0.28108 0.34322 0.40674 0.46980 0.53008 0.59203 0.59366 0.53224 0.46875 0.40512 0.34267 0.28093 0.21906 0.15626 0.09343 0.03114 0.00552 0.01656 0.02751 0.03851 0.04954 0.06062 0.07174 0.08265 0.09345 0.10481 0.10508 0.09372 0.08257 0.07167 0.06066 0.04977 0.03862 0.02748 0.01654 0.00553 0.00551 0.01647 0.02754 0.03868 0.04977
0.00000 0.00000 0.00000 0.00000 0.00000 0.00000 0.00000 0.00000 0.00000 0.00000 0.00000 0.00000 0.00000 0.00000 0.00000 0.03500 0.10447 0.17425 0.24526 0.31461 0.38254 0.45399 0.52498 0.59183 0.66204 0.66420 0.59342 0.52217 0.45376 0.38460 0.31363 0.24362 0.17460 0.10489 0.03483 0.00183 0.00551 0.00919 0.01286 0.01652 0.02017 0.02386 0.02758 0.03121 0.03493 0.03500 0.03115 0.02747 0.02398 0.02030 0.01647 0.01283 0.00922 0.00551 0.00183 0.00184 0.00553 0.00919 0.01282 0.01649
0.00000 0.00000 0.00000 0.00000 0.00000 0.00000 0.00000 0.00000 0.00000 0.00000 0.00000 0.00000 0.00000 0.00000 0.00000 0.03672 0.10998 0.18376 0.25730 0.33066 0.40479 0.47670 0.54904 0.62409 0.69913 0.69809 0.62209 0.54929 0.47868 0.40493 0.32972 0.25604 0.18347 0.11044 0.03672 0.00000 0.00000 0.00000 0.00000 0.00000 0.00000 0.00000 0.00000 0.00000 0.00000 0.00000 0.00000 0.00000 0.00000 0.00000 0.00000 0.00000 0.00000 0.00000 0.00000 0.00000 0.00000 0.00000 0.00000 0.00000
0.00000 0.00000 0.00000 0.00000 0.00000 0.00000 0.00000 0.00000 0.00000 0.00000 0.00000 0.00000 0.00000 0.00000 0.00000 0.03666 0.11053 0.18411 0.25601 0.32960 0.40504 0.47677 0.54905 0.62476 0.69823 0.69616 0.62346 0.55104 0.47693 0.40279 0.33036 0.25724 0.18323 0.10975 0.03672 0.00000 0.00000 0.00000 0.00000 0.00000 0.00000 0.00000 0.00000 0.00000 0.00000 0.00000 0.00000 0.00000 0.00000 0.00000 0.00000 0.00000 0.00000 0.00000 0.00000 0.00000 0.00000 0.00000 0.00000 0.00000
0.00000 0.00000 0.00000 0.00000 0.00000 0.00000 0.00000 0.00000 0.00000 0.00000 0.00000 0.00000 0.00000 0.00000 0.00000 0.03676 0.11033 0.18336 0.25673 0.33022 0.40234 0.47648 0.55200 0.62430 0.69473 0.69497 0.62541 0.55199 0.47511 0.40195 0.33087 0.25760 0.18302 0.10962 0.03668 0.00000 0.00000 0.00000 0.00000 0.00000 0.00000 0.00000 0.00000 0.00000 0.00000 0.00000 0.00000 0.00000 0.00000 0.00000 0.00000 0.00000 0.00000 0.00000 0.00000 0.00000 0.00000 0.00000 0.00000 0.00000
0.00000 0.00000 0.00000 0.00000 0.00000 0.00000 0.00000 0.00000 0.00000 0.00000 0.00000 0.00000 0.00000 0.00000 0.00000 0.03678 0.10966 0.18287 0.25762 0.33100 0.40201 0.47636 0.55142 0.62255 0.69549 0.69698 0.62389 0.54958 0.47630 0.40352 0.32988 0.25620 0.18339 0.11018 0.03663 0.00000 0.00000 0.00000 0.00000 0.00000 0.00000 0.00000 0.00000 0.00000 0.00000 0.00000 0.00000 0.00000 0.00000 0.00000 0.00000 0.00000 0.00000 0.00000 0.00000 0.00000 0.00000 0.00000 0.00000 0.00000
0.00000 0.00000 0.00000 0.00000 0.00000 0.00000 0.00000 0.00000 0.00000 0.00000 0.00000 0.00000 0.00000 0.00000 0.00000 0.03662 0.10981 0.18346 0.25671 0.32948 0.40381 0.47713 0.54781 0.62141 0.69864 0.69818 0.62068 0.54768 0.47794 0.40444 0.32868 0.25548 0.18368 0.11030 0.03657 0.00000 0.00000 0.00000 0.00000 0.00000 0.00000 0.00000 0.00000 0.00000 0.00000 0.00000 0.00000 0.00000 0.00000 0.00000 0.00000 0.00000 0.00000 0.00000 0.00000 0.00000 0.00000 0.00000 0.00000 0.00000
0.00000 0.00000 0.00000 0.00000 0.00000 0.00000 0.00000 0.00000 0.00000 0.00000 0.00000 0.00000 0.00000 0.00000 0.00000 0.03656 0.11025 0.18372 0.25555 0.32864 0.40411 0.47717 0.54778 0.62178 0.69732 0.69650 0.62157 0.54895 0.47666 0.40305 0.32950 0.25651 0.18311 0.10974 0.03665 0.00000 0.00000 0.00000 0.00000 0.00000 0.00000 0.00000 0.00000 0.00000 0.00000 0.00000 0.00000 0.00000 0.00000 0.00000 0.00000 0.00000 0.00000 0.00000 0.00000 0.00000 0.00000 0.00000 0.00000 0.00000
0.00000 0.00000 0.00000 0.00000 0.00000 0.00000 0.00000 0.00000 0.00000 0.00000 0.00000 0.00000 0.00000 0.00000 0.00000 0.03668 0.11004 0.18275 0.25596 0.33001 0.40258 0.47500 0.55000 0.62393 0.69407 0.69336 0.62390 0.55095 0.47450 0.40129 0.33062 0.25722 0.18248 0.10947 0.03674 0.00000 0.00000 0.00000 0.00000 0.00000 0.00000 0.00000 0.00000 0.00000 0.00000 0.00000 0.00000 0.00000 0.00000 0.00000 0.00000 0.00000 0.00000 0.00000 0.00000 0.00000 0.00000 0.00000 0.00000 0.00000
0.00000 0.00000 0.00000 0.00000 0.00000 0.00000 0.00000 0.00000 0.00000 0.00000 0.00000 0.00000 0.00000 0.00000 0.00000 0.03663 0.10945 0.18252 0.25698 0.33034 0.40134 0.47428 0.55034 0.62337 0.69330 0.69384 0.62354 0.54993 0.47489 0.40196 0.32976 0.25653 0.18289 0.10976 0.03662 0.00000 0.00000 0.00000 0.00000 0.00000 0.00000 0.00000 0.00000 0.00000 0.00000 0.00000 0.00000 0.00000 0.00000 0.00000 0.00000 0.00000 0.00000 0.00000 0.00000 0.00000 0.00000 0.00000 0.00000 0.00000
0.00000 0.00000 0.00000 0.00000 0.00000 0.00000 0.00000 0.00000 0.00000 0.00000 0.00000 0.00000 0.00000 0.00000 0.00000 0.03651 0.10973 0.18321 0.25609 0.32861 0.40243 0.47625 0.54825 0.62038 0.69563 0.69656 0.62068 0.54704 0.47660 0.40371 0.32833 0.25520 0.18349 0.11013 0.03650 0.00000 0.00000 0.00000 0.00000 0.00000 0.00000 0.00000 0.00000 0.00000 0.00000 0.00000 0.00000 0.00000 0.00000 0.00000 0.00000 0.00000 0.00000 0.00000 0.00000 0.00000 0.00000 0.00000 0.00000 0.00000
0.00000 0.00000 0.00000 0.00000 0.00000 0.00000 0.00000 0.00000 0.00000 0.00000 0.00000 0.00000 0.00000 0.00000 0.00000 0.03651 0.10994 0.18323 0.25512 0.32810 0.40326 0.47656 0.54656 0.61960 0.69655 0.69649 0.61975 0.54689 0.47650 0.40331 0.32847 0.25544 0.18317 0.10998 0.03654 0.00000 0.00000 0.00000 0.00000 0.00000 0.00000 0.00000 0.00000 0.00000 0.00000 0.00000 0.00000 0.00000 0.00000 0.00000 0.00000 0.00000 0.00000 0.00000 0.00000 0.00000 0.00000 0.00000 0.00000 0.00000
0.02008 0.02378 0.02743 0.03103 0.03471 0.03475 0.03106 0.02740 0.02379 0.02012 0.01643 0.01279 0.00915 0.00548 0.00182 0.03472 0.10425 0.17328 0.24275 0.31286 0.38202 0.45045 0.52044 0.59088 0.65946 0.65822 0.59056 0.52202 0.45079 0.38087 0.31311 0.24389 0.17334 0.10392 0.03482 0.00000 0.00000 0.00000 0.00000 0.00000 0.00000 0.00000 0.00000 0.00000 0.00000 0.00000 0.00000 0.00000 0.00000 0.00000 0.00000 0.00000 0.00000 0.00000 0.00000 0.00000 0.00000 0.00000 0.00000 0.00000
0.06036 0.07122 0.08196 0.09306 0.10429 0.10419 0.09303 0.08214 0.07132 0.06035 0.04928 0.03832 0.02742 0.01645 0.00548 0.03103 0.09304 0.15492 0.21778 0.28020 0.34046 0.40214 0.46688 0.52920 0.58790 0.58793 0.52953 0.46739 0.40247 0.34052 0.28031 0.21819 0.15497 0.09295 0.03115 0.00000 0.00000 0.00000 0.00000 0.00000 0.00000 0.00000 0.00000 0.00000 0.00000 0.00000 0.00000 0.00000 0.00000 0.00000 0.00000 0.00000 0.00000 0.00000 0.00000 0.00000 0.00000 0.00000 0.00000 0.00000
0.10051 0.11834 0.13638 0.15534 0.17413 0.17349 0.15474 0.13680 0.11886 0.10051 0.08213 0.06384 0.04563 0.02741 0.00913 0.02732 0.08217 0.13725 0.19157 0.24570 0.30092 0.35633 0.41116 0.46497 0.51957 0.52077 0.46579 0.41014 0.35607 0.30200 0.24643 0.19134 0.13712 0.08244 0.02740 0.00000 0.00000 0.00000 0.00000 0.00000 0.00000 0.00000 0.00000 0.00000 0.00000 0.00000 0.00000 0.00000 0.00000 0.00000 0.00000 0.00000 0.00000 0.00000 0.00000 0.00000 0.00000 0.00000 0.00000 0.00000
0.14027 0.16610 0.19214 0.21708 0.24180 0.24279 0.21764 0.19148 0.16591 0.14063 0.11492 0.08935 0.06389 0.03833 0.01276 0.02369 0.07118 0.11888 0.16585 0.21279 0.26137 0.30915 0.35459 0.40200 0.45206 0.45212 0.40195 0.35464 0.30938 0.26206 0.21293 0.16555 0.11905 0.07151 0.02368 0.00000 0.00000 0.00000 0.00000 0.00000 0.00000 0.00000 0.00000 0.00000 0.00000 0.00000 0.00000 0.00000 0.00000 0.00000 0.00000 0.00000 0.00000 0.00000 0.00000 0.00000 0.00000 0.00000 0.00000 0.00000
0.18022 0.21388 0.24688 0.27855 0.31081 0.31222 0.28002 0.24618 0.21291 0.18069 0.14770 0.11482 0.08224 0.04920 0.01638 0.02009 0.06015 0.10007 0.14044 0.18088 0.22076 0.26039 0.30003 0.34091 0.38204 0.38118 0.34045 0.30118 0.26124 0.22053 0.18058 0.14084 0.10045 0.06014 0.02009 0.00000 0.00000 0.00000 0.00000 0.00000 0.00000 0.00000 0.00000 0.00000 0.00000 0.00000 0.00000 0.00000 0.00000 0.00000 0.00000 0.00000 0.00000 0.00000 0.00000 0.00000 0.00000 0.00000 0.00000 0.00000
0.22079 0.26028 0.29989 0.34086 0.38209 0.38084 0.33971 0.30084 0.26168 0.22073 0.17987 0.14024 0.10052 0.06024 0.02001 0.01638 0.04927 0.08192 0.11469 0.14788 0.18049 0.21276 0.24656 0.27933 0.31077 0.31106 0.27973 0.24695 0.21285 0.17993 0.14823 0.11538 0.08190 0.04914 0.01648 0.00000 0.00000 0.00000 0.00000 0.00000 0.00000 0.00000 0.00000 0.00000 0.00000 0.00000 0.00000 0.00000 0.00000 0.00000 0.00000 0.00000 0.00000 0.00000 0.00000 0.00000 0.00000 0.00000 0.00000 0.00000
0.26099 0.30716 0.35402 0.40320 0.45191 0.44983 0.40134 0.35522 0.30900 0.26086 0.21264 0.16555 0.11830 0.07120 0.02370 0.01273 0.03833 0.06388 0.08910 0.11456 0.14025 0.16603 0.19184 0.21696 0.24173 0.24206 0.21745 0.19155 0.16561 0.14044 0.11508 0.08930 0.06381 0.03840 0.01279 0.00000 0.00000 0.00000 0.00000 0.00000 0.00000 0.00000 0.00000 0.00000 0.00000 0.00000 0.00000 0.00000 0.00000 0.00000 0.00000 0.00000 0.00000 0.00000 0.00000 0.00000 0.00000 0.00000 0.00000 0.00000
0.30056 0.35574 0.41088 0.46392 0.51660 0.51909 0.46595 0.40957 0.35391 0.30076 0.24662 0.19100 0.13627 0.08186 0.02735 0.00911 0.02727 0.04555 0.06381 0.08185 0.10009 0.11845 0.13652 0.15473 0.17346 0.17329 0.15460 0.13640 0.11869 0.10054 0.08192 0.06367 0.04570 0.02742 0.00911 0.00000 0.00000 0.00000 0.00000 0.00000 0.00000 0.00000 0.00000 0.00000 0.00000 0.00000 0.00000 0.00000 0.00000 0.00000 0.00000 0.00000 0.00000 0.00000 0.00000 0.00000 0.00000 0.00000 0.00000 0.00000
0.34037 0.40340 0.46581 0.52522 0.58573 0.58816 0.52779 0.46435 0.40072 0.34012 0.27922 0.21687 0.15499 0.09265 0.03088 0.00547 0.01635 0.02724 0.03829 0.04923 0.06001 0.07092 0.08174 0.09278 0.10406 0.10414 0.09270 0.08180 0.07120 0.06026 0.04916 0.03826 0.02738 0.01641 0.00548 0.00000 0.00000 0.00000 0.00000 0.00000 0.00000 0.00000 0.00000 0.00000 0.00000 0.00000 0.00000 0.00000 0.00000 0.00000 0.00000 0.00000 0.00000 0.00000 0.00000 0.00000 0.00000 0.00000 0.00000 0.00000
0.38098 0.44863 0.51720 0.58805 0.65896 0.65614 0.58560 0.51878 0.45107 0.37987 0.31012 0.24221 0.17322 0.10391 0.03449 0.00181 0.00546 0.00910 0.01272 0.01638 0.02003 0.02367 0.02729 0.03093 0.03457 0.03458 0.03098 0.02735 0.02369 0.02002 0.01641 0.01277 0.00912 0.00548 0.00183 0.00000 0.00000 0.00000 0.00000 0.00000 0.00000 0.00000 0.00000 0.00000 0.00000 0.00000 0.00000 0.00000 0.00000 0.00000 0.00000 0.00000 0.00000 0.00000 0.00000 0.00000 0.00000 0.00000 0.00000 0.00000
0.41727 0.48458 0.55322 0.62477 0.69568 0.69250 0.62144 0.55443 0.48736 0.41681 0.34633 0.27793 0.20891 0.14028 0.07100 0.03448 0.03095 0.02733 0.02358 0.01997 0.01639 0.01275 0.00911 0.00546 0.00182 0.00000 0.00000 0.00000 0.00000 0.00000 0.00000 0.00000 0.00000 0.00000 0.00000 0.00000 0.00000 0.00000 0.00000 0.00000 0.00000 0.00000 0.00000 0.00000 0.00000 0.00000 0.00000 0.00000 0.00000 0.00000 0.00000 0.00000 0.00000 0.00000 0.00000 0.00000 0.00000 0.00000 0.00000 0.00000
0.45033 0.51248 0.57446 0.63326 0.69321 0.69651 0.63648 0.57197 0.50870 0.44950 0.38835 0.32487 0.26278 0.20143 0.14025 0.10389 0.09252 0.08167 0.07098 0.06001 0.04904 0.03817 0.02730 0.01638 0.00546 0.00000 0.00000 0.00000 0.00000 0.00000 0.00000 0.00000 0.00000 0.00000 0.00000 0.00000 0.00000 0.00000 0.00000 0.00000 0.00000 0.00000 0.00000 0.00000 0.00000 0.00000 0.00000 0.00000 0.00000 0.00000 0.00000 0.00000 0.00000 0.00000 0.00000 0.00000 0.00000 0.00000 0.00000 0.00000
0.48275 0.53812 0.59282 0.64407 0.69680 0.69969 0.64707 0.59076 0.53374 0.48092 0.42832 0.37301 0.31817 0.26296 0.20865 0.17300 0.15431 0.13596 0.11828 0.10015 0.08166 0.06352 0.04542 0.02730 0.00911 0.00000 0.00000 0.00000 0.00000 0.00000 0.00000 0.00000 0.00000 0.00000 0.00000 0.00000 0.00000 0.00000 0.00000 0.00000 0.00000 0.00000 0.00000 0.00000 0.00000 0.00000 0.00000 0.00000 0.00000 0.00000 0.00000 0.00000 0.00000 0.00000 0.00000 0.00000 0.00000 0.00000 0.00000 0.00000
0.51532 0.56065 0.60769 0.65682 0.70548 0.70180 0.65300 0.60873 0.56314 0.51321 0.46501 0.41994 0.37332 0.32556 0.27713 0.24064 0.21654 0.19126 0.16503 0.13973 0.11461 0.08908 0.06355 0.03815 0.01274 0.00000 0.00000 0.00000 0.00000 0.00000 0.00000 0.00000 0.00000 0.00000 0.00000 0.00000 0.00000 0.00000 0.00000 0.00000 0.00000 0.00000 0.00000 0.00000 0.00000 0.00000 0.00000 0.00000 0.00000 0.00000 0.00000 0.00000 0.00000 0.00000 0.00000 0.00000 0.00000 0.00000 0.00000 0.00000
0.54686 0.58551 0.62541 0.66759 0.70899 0.70589 0.66352 0.62570 0.58864 0.54714 0.50467 0.46571 0.42740 0.38761 0.34707 0.30974 0.27774 0.24578 0.21220 0.17941 0.14735 0.11467 0.08162 0.04901 0.01637 0.00000 0.00000 0.00000 0.00000 0.00000 0.00000 0.00000 0.00000 0.00000 0.00000 0.00000 0.00000 0.00000 0.00000 0.00000 0.00000 0.00000 0.00000 0.00000 0.00000 0.00000 0.00000 0.00000 0.00000 0.00000 0.00000 0.00000 0.00000 0.00000 0.00000 0.00000 0.00000 0.00000 0.00000 0.00000
0.58214 0.61446 0.64707 0.67566 0.70666 0.71016 0.67893 0.64342 0.60877 0.57906 0.54769 0.51372 0.47929 0.44703 0.41657 0.38044 0.33861 0.29836 0.26007 0.22022 0.17950 0.13973 0.10005 0.06002 0.01997 0.00000 0.00000 0.00000 0.00000 0.00000 0.00000 0.00000 0.00000 0.00000 0.00000 0.00000 0.00000 0.00000 0.00000 0.00000 0.00000 0.00000 0.00000 0.00000 0.00000 0.00000 0.00000 0.00000 0.00000 0.00000 0.00000 0.00000 0.00000 0.00000 0.00000 0.00000 0.00000 0.00000 0.00000 0.00000
0.61292 0.63915 0.66427 0.68621 0.71024 0.71266 0.68970 0.66249 0.63366 0.61006 0.58802 0.56171 0.53413 0.50851 0.48427 0.44949 0.40129 0.35292 0.30665 0.26032 0.21227 0.16492 0.11825 0.07094 0.02357 0.00000 0.00000 0.00000 0.00000 0.00000 0.00000 0.00000 0.00000 0.00000 0.00000 0.00000 0.00000 0.00000 0.00000 0.00000 0.00000 0.00000 0.00000 0.00000 0.00000 0.00000 0.00000 0.00000 0.00000 0.00000 0.00000 0.00000 0.00000 0.00000 0.00000 0.00000 0.00000 0.00000 0.00000 0.00000
0.64619 0.66201 0.68015 0.70000 0.71915 0.71515 0.69489 0.68016 0.66367 0.64356 0.62308 0.60673 0.59068 0.57262 0.55158 0.51474 0.46345 0.40944 0.35308 0.29864 0.24545 0.19101 0.13600 0.08158 0.02728 0.00000 0.00000 0.00000 0.00000 0.00000 0.00000 0.00000 0.00000 0.00000 0.00000 0.00000 0.00000 0.00000 0.00000 0.00000 0.00000 0.00000 0.00000 0.00000 0.00000 0.00000 0.00000 0.00000 0.00000 0.00000 0.00000 0.00000 0.00000 0.00000 0.00000 0.00000 0.00000 0.00000 0.00000 0.00000
0.67546 0.68475 0.69613 0.70965 0.72242 0.71919 0.70548 0.69636 0.68949 0.67728 0.66244 0.65240 0.64518 0.63463 0.62148 0.58386 0.52344 0.46406 0.40125 0.33831 0.27751 0.21655 0.15429 0.09246 0.03089 0.00000 0.00000 0.00000 0.00000 0.00000 0.00000 0.00000 0.00000 0.00000 0.00000 0.00000 0.00000 0.00000 0.00000 0.00000 0.00000 0.00000 0.00000 0.00000 0.00000 0.00000 0.00000 0.00000 0.00000 0.00000 0.00000 0.00000 0.00000 0.00000 0.00000 0.00000 0.00000 0.00000 0.00000 0.00000
0.71340 0.71587 0.71926 0.71847 0.72012 0.72368 0.72115 0.71497 0.70868 0.70814 0.70615 0.70220 0.69548 0.69171 0.69171 0.65639 0.58419 0.51458 0.44868 0.38020 0.30971 0.24077 0.17270 0.10378 0.03447 0.00000 0.00000 0.00000 0.00000 0.00000 0.00000 0.00000 0.00000 0.00000 0.00000 0.00000 0.00000 0.00000 0.00000 0.00000 0.00000 0.00000 0.00000 0.00000 0.00000 0.00000 0.00000 0.00000 0.00000 0.00000 0.00000 0.00000 0.00000 0.00000 0.00000 0.00000 0.00000 0.00000 0.00000 0.00000
0.72375 0.72647 0.72725 0.72226 0.72145 0.72331 0.72661 0.72518 0.72051 0.72180 0.72716 0.72645 0.72194 0.72183 0.72584 0.69107 0.61600 0.54181 0.47082 0.40030 0.32673 0.25333 0.18135 0.10907 0.03635 0.00000 0.00000 0.00000 0.00000 0.00000 0.00000 0.00000 0.00000 0.00000 0.00000 0.00000 0.00000 0.00000 0.00000 0.00000 0.00000 0.00000 0.00000 0.00000 0.00000 0.00000 0.00000 0.00000 0.00000 0.00000 0.00000 0.00000 0.00000 0.00000 0.00000 0.00000 0.00000 0.00000 0.00000 0.00000
0.72794 0.72522 0.72475 0.72562 0.72645 0.72325 0.72079 0.72426 0.72541 0.72399 0.72174 0.72332 0.72511 0.72603 0.72294 0.68530 0.61678 0.54534 0.47041 0.39733 0.32708 0.25464 0.18113 0.10858 0.03637 0.00000 0.00000 0.00000 0.00000 0.00000 0.00000 0.00000 0.00000 0.00000 0.00000 0.00000 0.00000 0.00000 0.00000 0.00000 0.00000 0.00000 0.00000 0.00000 0.00000 0.00000 0.00000 0.00000 0.00000 0.00000 0.00000 0.00000 0.00000 0.00000 0.00000 0.00000 0.00000 0.00000 0.00000 0.00000
0.72299 0.72052 0.72126 0.72368 0.72643 0.72359 0.71995 0.72136 0.72658 0.72570 0.72049 0.72057 0.72702 0.72659 0.72201 0.68536 0.61693 0.54539 0.47077 0.39730 0.32625 0.25468 0.18146 0.10873 0.03627 0.00000 0.00000 0.00000 0.00000 0.00000 0.00000 0.00000 0.00000 0.00000 0.00000 0.00000 0.00000 0.00000 0.00000 0.00000 0.00000 0.00000 0.00000 0.00000 0.00000 0.00000 0.00000 0.00000 0.00000 0.00000 0.00000 0.00000 0.00000 0.00000 0.00000 0.00000 0.00000 0.00000 0.00000 0.00000
0.72734 0.72517 0.72592 0.72315 0.72188 0.72390 0.72469 0.72273 0.72109 0.72355 0.72413 0.72390 0.72242 0.72267 0.72446 0.68937 0.61469 0.54132 0.47173 0.39961 0.32566 0.25295 0.18201 0.10915 0.03623 0.00000 0.00000 0.00000 0.00000 0.00000 0.00000 0.00000 0.00000 0.00000 0.00000 0.00000 0.00000 0.00000 0.00000 0.00000 0.00000 0.00000 0.00000 0.00000 0.00000 0.00000 0.00000 0.00000 0.00000 0.00000 0.00000 0.00000 0.00000 0.00000 0.00000 0.00000 0.00000 0.00000 0.00000 0.00000
0.72048 0.72312 0.72474 0.72088 0.71899 0.72178 0.72545 0.72466 0.71848 0.71966 0.72637 0.72590 0.71990 0.71976 0.72692 0.69048 0.61351 0.54047 0.47215 0.39993 0.32578 0.25293 0.18146 0.10906 0.03630 0.00000 0.00000 0.00000 0.00000 0.00000 0.00000 0.00000 0.00000 0.00000 0.00000 0.00000 0.00000 0.00000 0.00000 0.00000 0.00000 0.00000 0.00000 0.00000 0.00000 0.00000 0.00000 0.00000 0.00000 0.00000 0.00000 0.00000 0.00000 0.00000 0.00000 0.00000 0.00000 0.00000 0.00000 0.00000
0.72634 0.72468 0.72383 0.72317 0.72411 0.72226 0.72184 0.72304 0.72319 0.72212 0.72212 0.72346 0.72314 0.72345 0.72287 0.68678 0.61566 0.54404 0.47009 0.39715 0.32675 0.25453 0.18084 0.10834 0.03641 0.00000 0.00000 0.00000 0.00000 0.00000 0.00000 0.00000 0.00000 0.00000 0.00000 0.00000 0.00000 0.00000 0.00000 0.00000 0.00000 0.00000 0.00000 0.00000 0.00000 0.00000 0.00000 0.00000 0.00000 0.00000 0.00000 0.00000 0.00000 0.00000 0.00000 0.00000 0.00000 0.00000 0.00000 0.00000
0.71806 0.71858 0.71863 0.72185 0.72510 0.72258 0.71813 0.72056 0.72586 0.72585 0.71816 0.71959 0.72645 0.72639 0.71975 0.68401 0.61802 0.54511 0.46887 0.39653 0.32728 0.25460 0.18097 0.10849 0.03633 0.00000 0.00000 0.00000 0.00000 0.00000 0.00000 0.00000 0.00000 0.00000 0.00000 0.00000 0.00000 0.00000 0.00000 0.00000 0.00000 0.00000 0.00000 0.00000 0.00000 0.00000 0.00000 0.00000 0.00000 0.00000 0.00000 0.00000 0.00000 0.00000 0.00000 0.00000 0.00000 0.00000 0.00000 0.00000
0.72559 0.72272 0.72380 0.72285 0.72370 0.72211 0.72204 0.72110 0.72314 0.72316 0.72151 0.72134 0.72306 0.72362 0.72266 0.68681 0.61480 0.54261 0.47067 0.39895 0.32562 0.25303 0.18142 0.10909 0.03621 0.00000 0.00000 0.00000 0.00000 0.00000 0.00000 0.00000 0.00000 0.00000 0.00000 0.00000 0.00000 0.00000 0.00000 0.00000 0.00000 0.00000 0.00000 0.00000 0.00000 0.00000 0.00000 0.00000 0.00000 0.00000 0.00000 0.00000 0.00000 0.00000 0.00000 0.00000 0.00000 0.00000 0.00000 0.00000
0.71749 0.72012 0.72057 0.71906 0.71764 0.72067 0.72589 0.72263 0.71766 0.71992 0.72582 0.72457 0.71982 0.72057 0.72586 0.68930 0.61232 0.54071 0.47221 0.39949 0.32501 0.25287 0.18177 0.10908 0.03620 0.00000 0.00000 0.00000 0.00000 0.00000 0.00000 0.00000 0.00000 0.00000 0.00000 0.00000 0.00000 0.00000 0.00000 0.00000 0.00000 0.00000 0.00000 0.00000 0.00000 0.00000 0.00000 0.00000 0.00000 0.00000 0.00000 0.00000 0.00000 0.00000 0.00000 0.00000 0.00000 0.00000 0.00000 0.00000
0.72468 0.72488 0.72584 0.72117 0.72143 0.72113 0.72530 0.72232 0.71975 0.71975 0.72381 0.72298 0.72086 0.72078 0.72347 0.68760 0.61395 0.54198 0.47051 0.39819 0.32566 0.25375 0.18116 0.10861 0.03625 0.00000 0.00000 0.00000 0.00000 0.00000 0.00000 0.00000 0.00000 0.00000 0.00000 0.00000 0.00000 0.00000 0.00000 0.00000 0.00000 0.00000 0.00000 0.00000 0.00000 0.00000 0.00000 0.00000 0.00000 0.00000 0.00000 0.00000 0.00000 0.00000 0.00000 0.00000 0.00000 0.00000 0.00000 0.00000
0.71837 0.71650 0.71708 0.71984 0.72339 0.71939 0.71866 0.71996 0.72580 0.72125 0.71965 0.72008 0.72517 0.72304 0.72007 0.68467 0.61662 0.54322 0.46848 0.39708 0.32691 0.25392 0.18058 0.10854 0.03637 0.00000 0.00000 0.00000 0.00000 0.00000 0.00000 0.00000 0.00000 0.00000 0.00000 0.00000 0.00000 0.00000 0.00000 0.00000 0.00000 0.00000 0.00000 0.00000 0.00000 0.00000 0.00000 0.00000 0.00000 0.00000 0.00000 0.00000 0.00000 0.00000 0.00000 0.00000 0.00000 0.00000 0.00000 0.00000
0.72680 0.72129 0.72155 0.72101 0.72507 0.72028 0.71999 0.71891 0.72518 0.72201 0.71972 0.71899 0.72415 0.72312 0.72054 0.68444 0.61538 0.54299 0.46923 0.39735 0.32612 0.25363 0.18082 0.10864 0.03629 0.00000 0.00000 0.00000 0.00000 0.00000 0.00000 0.00000 0.00000 0.00000 0.00000 0.00000 0.00000 0.00000 0.00000 0.00000 0.00000 0.00000 0.00000 0.00000 0.00000 0.00000 0.00000 0.00000 0.00000 0.00000 0.00000 0.00000 0.00000 0.00000 0.00000 0.00000 0.00000 0.00000 0.00000 0.00000
0.71983 0.71864 0.72100 0.71644 0.71838 0.71828 0.72434 0.71793 0.72084 0.71997 0.72500 0.71951 0.72044 0.72074 0.72429 0.68491 0.61236 0.54135 0.47143 0.39748 0.32453 0.25324 0.18168 0.10862 0.03614 0.00000 0.00000 0.00000 0.00000 0.00000 0.00000 0.00000 0.00000 0.00000 0.00000 0.00000 0.00000 0.00000 0.00000 0.00000 0.00000 0.00000 0.00000 0.00000 0.00000 0.00000 0.00000 0.00000 0.00000 0.00000 0.00000 0.00000 0.00000 0.00000 0.00000 0.00000 0.00000 0.00000 0.00000 0.00000
0.72315 0.71979 0.72297 0.71806 0.71994 0.71703 0.72434 0.71884 0.72125 0.71767 0.72495 0.72156 0.72038 0.71914 0.72395 0.68616 0.61273 0.54052 0.47098 0.39801 0.32488 0.25294 0.18142 0.10874 0.03618 0.00000 0.00000 0.00000 0.00000 0.00000 0.00000 0.00000 0.00000 0.00000 0.00000 0.00000 0.00000 0.00000 0.00000 0.00000 0.00000 0.00000 0.00000 0.00000 0.00000 0.00000 0.00000 0.00000 0.00000 0.00000 0.00000 0.00000 0.00000 0.00000 0.00000 0.00000 0.00000 0.00000 0.00000 0.00000
0.71816 0.71376 0.71710 0.71458 0.72028 0.71415 0.72107 0.71688 0.72260 0.71630 0.72281 0.72089 0.72257 0.71784 0.72192 0.68514 0.61438 0.53970 0.46929 0.39772 0.32585 0.25278 0.18071 0.10880 0.03626 0.00000 0.00000 0.00000 0.00000 0.00000 0.00000 0.00000 0.00000 0.00000 0.00000 0.00000 0.00000 0.00000 0.00000 0.00000 0.00000 0.00000 0.00000 0.00000 0.00000 0.00000 0.00000 0.00000 0.00000 0.00000 0.00000 0.00000 0.00000 0.00000 0.00000 0.00000 0.00000 0.00000 0.00000 0.00000
