0.04407 0.03624 0.04200 0.03381 0.03666 0.03165 0.03154 0.03159 0.02917 0.03125 0.02769 0.02904 0.02826 0.03007 0.02984 0.02759 0.02542 0.02368 0.02191 0.01709 0.01415 0.01210 0.00827 0.00497 0.00152 0.00000 0.00000 0.00000 0.00000 0.00000 0.00000 0.00000 0.00000 0.00000 0.00000 0.00000 0.00000 0.00000 0.00000 0.00000 0.00000 0.00000 0.00000 0.00000 0.00000 0.00000 0.00000 0.00000 0.00000 0.00000 0.00000 0.00000 0.00000 0.00000 0.00000 0.00000 0.00000 0.00000 0.00000 0.00000
0.04888 0.04342 0.04689 0.04106 0.04219 0.03876 0.03799 0.03763 0.03535 0.03586 0.03450 0.03690 0.03483 0.03462 0.03572 0.03466 0.03092 0.02724 0.02508 0.02088 0.01693 0.01364 0.00989 0.00599 0.00185 0.00000 0.00000 0.00000 0.00000 0.00000 0.00000 0.00000 0.00000 0.00000 0.00000 0.00000 0.00000 0.00000 0.00000 0.00000 0.00000 0.00000 0.00000 0.00000 0.00000 0.00000 0.00000 0.00000 0.00000 0.00000 0.00000 0.00000 0.00000 0.00000 0.00000 0.00000 0.00000 0.00000 0.00000 0.00000
0.05711 0.04908 0.05336 0.04726 0.04930 0.04461 0.04417 0.04323 0.04207 0.04106 0.04030 0.04270 0.04195 0.04004 0.04017 0.04066 0.03733 0.03077 0.02709 0.02485 0.02048 0.01544 0.01093 0.00711 0.00229 0.00000 0.00000 0.00000 0.00000 0.00000 0.00000 0.00000 0.00000 0.00000 0.00000 0.00000 0.00000 0.00000 0.00000 0.00000 0.00000 0.00000 0.00000 0.00000 0.00000 0.00000 0.00000 0.00000 0.00000 0.00000 0.00000 0.00000 0.00000 0.00000 0.00000 0.00000 0.00000 0.00000 0.00000 0.00000
0.06303 0.05735 0.05768 0.05343 0.05544 0.05167 0.04981 0.04957 0.04910 0.04848 0.04659 0.04796 0.04843 0.04768 0.04678 0.04652 0.04267 0.03609 0.03092 0.02826 0.02355 0.01737 0.01228 0.00808 0.00273 0.00000 0.00000 0.00000 0.00000 0.00000 0.00000 0.00000 0.00000 0.00000 0.00000 0.00000 0.00000 0.00000 0.00000 0.00000 0.00000 0.00000 0.00000 0.00000 0.00000 0.00000 0.00000 0.00000 0.00000 0.00000 0.00000 0.00000 0.00000 0.00000 0.00000 0.00000 0.00000 0.00000 0.00000 0.00000
0.06864 0.06480 0.06498 0.05816 0.05906 0.05688 0.05824 0.05516 0.05339 0.05446 0.05545 0.05321 0.05215 0.05409 0.05563 0.05148 0.04526 0.04139 0.03711 0.03099 0.02515 0.02009 0.01467 0.00881 0.00293 0.00000 0.00000 0.00000 0.00000 0.00000 0.00000 0.00000 0.00000 0.00000 0.00000 0.00000 0.00000 0.00000 0.00000 0.00000 0.00000 0.00000 0.00000 0.00000 0.00000 0.00000 0.00000 0.00000 0.00000 0.00000 0.00000 0.00000 0.00000 0.00000 0.00000 0.00000 0.00000 0.00000 0.00000 0.00000
0.06673 0.06403 0.06630 0.06015 0.05793 0.05728 0.05898 0.05596 0.05374 0.05510 0.05565 0.05408 0.05289 0.05574 0.05608 0.05124 0.04573 0.04349 0.03784 0.03004 0.02482 0.02110 0.01518 0.00846 0.00284 0.00000 0.00000 0.00000 0.00000 0.00000 0.00000 0.00000 0.00000 0.00000 0.00000 0.00000 0.00000 0.00000 0.00000 0.00000 0.00000 0.00000 0.00000 0.00000 0.00000 0.00000 0.00000 0.00000 0.00000 0.00000 0.00000 0.00000 0.00000 0.00000 0.00000 0.00000 0.00000 0.00000 0.00000 0.00000
0.05593 0.05324 0.05393 0.05403 0.05422 0.04958 0.04880 0.04971 0.05208 0.04901 0.04797 0.04862 0.05075 0.04943 0.04773 0.04650 0.04345 0.03837 0.03214 0.02746 0.02352 0.01858 0.01297 0.00778 0.00269 0.00000 0.00000 0.00000 0.00000 0.00000 0.00000 0.00000 0.00000 0.00000 0.00000 0.00000 0.00000 0.00000 0.00000 0.00000 0.00000 0.00000 0.00000 0.00000 0.00000 0.00000 0.00000 0.00000 0.00000 0.00000 0.00000 0.00000 0.00000 0.00000 0.00000 0.00000 0.00000 0.00000 0.00000 0.00000
0.05261 0.04817 0.04788 0.04664 0.04871 0.04566 0.04310 0.04366 0.04531 0.04366 0.04190 0.04365 0.04439 0.04285 0.04235 0.04321 0.03838 0.03207 0.02818 0.02603 0.02119 0.01532 0.01112 0.00739 0.00247 0.00000 0.00000 0.00000 0.00000 0.00000 0.00000 0.00000 0.00000 0.00000 0.00000 0.00000 0.00000 0.00000 0.00000 0.00000 0.00000 0.00000 0.00000 0.00000 0.00000 0.00000 0.00000 0.00000 0.00000 0.00000 0.00000 0.00000 0.00000 0.00000 0.00000 0.00000 0.00000 0.00000 0.00000 0.00000
0.04008 0.04053 0.03966 0.03748 0.03754 0.03895 0.04005 0.03746 0.03646 0.03720 0.04003 0.03793 0.03633 0.03688 0.03936 0.03711 0.03127 0.02795 0.02586 0.02237 0.01728 0.01336 0.01022 0.00635 0.00201 0.00000 0.00000 0.00000 0.00000 0.00000 0.00000 0.00000 0.00000 0.00000 0.00000 0.00000 0.00000 0.00000 0.00000 0.00000 0.00000 0.00000 0.00000 0.00000 0.00000 0.00000 0.00000 0.00000 0.00000 0.00000 0.00000 0.00000 0.00000 0.00000 0.00000 0.00000 0.00000 0.00000 0.00000 0.00000
0.03609 0.03541 0.03606 0.03358 0.03212 0.03199 0.03351 0.03248 0.03041 0.03113 0.03241 0.03171 0.03048 0.03212 0.03218 0.02953 0.02666 0.02543 0.02161 0.01712 0.01450 0.01237 0.00872 0.00480 0.00165 0.00000 0.00000 0.00000 0.00000 0.00000 0.00000 0.00000 0.00000 0.00000 0.00000 0.00000 0.00000 0.00000 0.00000 0.00000 0.00000 0.00000 0.00000 0.00000 0.00000 0.00000 0.00000 0.00000 0.00000 0.00000 0.00000 0.00000 0.00000 0.00000 0.00000 0.00000 0.00000 0.00000 0.00000 0.00000
0.02498 0.02479 0.02494 0.02672 0.02664 0.02511 0.02469 0.02565 0.02706 0.02588 0.02474 0.02505 0.02718 0.02632 0.02480 0.02392 0.02316 0.02054 0.01653 0.01406 0.01249 0.01002 0.00663 0.00397 0.00144 0.00000 0.00000 0.00000 0.00000 0.00000 0.00000 0.00000 0.00000 0.00000 0.00000 0.00000 0.00000 0.00000 0.00000 0.00000 0.00000 0.00000 0.00000 0.00000 0.00000 0.00000 0.00000 0.00000 0.00000 0.00000 0.00000 0.00000 0.00000 0.00000 0.00000 0.00000 0.00000 0.00000 0.00000 0.00000
0.02257 0.02127 0.02075 0.02040 0.02135 0.02035 0.01889 0.01916 0.02030 0.02018 0.01880 0.01948 0.01973 0.01981 0.01945 0.01939 0.01709 0.01455 0.01307 0.01176 0.00947 0.00690 0.00515 0.00335 0.00110 0.00000 0.00000 0.00000 0.00000 0.00000 0.00000 0.00000 0.00000 0.00000 0.00000 0.00000 0.00000 0.00000 0.00000 0.00000 0.00000 0.00000 0.00000 0.00000 0.00000 0.00000 0.00000 0.00000 0.00000 0.00000 0.00000 0.00000 0.00000 0.00000 0.00000 0.00000 0.00000 0.00000 0.00000 0.00000
0.01311 0.01397 0.01376 0.01319 0.01300 0.01411 0.01434 0.01396 0.01328 0.01353 0.01445 0.01415 0.01351 0.01352 0.01466 0.01373 0.01150 0.01030 0.00968 0.00829 0.00627 0.00491 0.00384 0.00236 0.00073 0.00000 0.00000 0.00000 0.00000 0.00000 0.00000 0.00000 0.00000 0.00000 0.00000 0.00000 0.00000 0.00000 0.00000 0.00000 0.00000 0.00000 0.00000 0.00000 0.00000 0.00000 0.00000 0.00000 0.00000 0.00000 0.00000 0.00000 0.00000 0.00000 0.00000 0.00000 0.00000 0.00000 0.00000 0.00000
0.00904 0.00874 0.00891 0.00848 0.00809 0.00795 0.00859 0.00832 0.00758 0.00784 0.00820 0.00837 0.00786 0.00818 0.00815 0.00778 0.00701 0.00646 0.00549 0.00442 0.00382 0.00316 0.00222 0.00125 0.00044 0.00000 0.00000 0.00000 0.00000 0.00000 0.00000 0.00000 0.00000 0.00000 0.00000 0.00000 0.00000 0.00000 0.00000 0.00000 0.00000 0.00000 0.00000 0.00000 0.00000 0.00000 0.00000 0.00000 0.00000 0.00000 0.00000 0.00000 0.00000 0.00000 0.00000 0.00000 0.00000 0.00000 0.00000 0.00000
0.00250 0.00247 0.00242 0.00273 0.00272 0.00262 0.00251 0.00261 0.00273 0.00275 0.00257 0.00255 0.00277 0.00275 0.00258 0.00247 0.00242 0.00212 0.00170 0.00146 0.00131 0.00104 0.00068 0.00041 0.00015 0.00000 0.00000 0.00000 0.00000 0.00000 0.00000 0.00000 0.00000 0.00000 0.00000 0.00000 0.00000 0.00000 0.00000 0.00000 0.00000 0.00000 0.00000 0.00000 0.00000 0.00000 0.00000 0.00000 0.00000 0.00000 0.00000 0.00000 0.00000 0.00000 0.00000 0.00000 0.00000 0.00000 0.00000 0.00000
0.00000 0.00000 0.00000 0.00000 0.00000 0.00000 0.00000 0.00000 0.00000 0.00000 0.00000 0.00000 0.00000 0.00000 0.00000 0.00013 0.00039 0.00065 0.00094 0.00126 0.00152 0.00169 0.00207 0.00250 0.00275 0.00259 0.00241 0.00230 0.00200 0.00164 0.00131 0.00106 0.00082 0.00049 0.00015 0.00000 0.00000 0.00000 0.00000 0.00000 0.00000 0.00000 0.00000 0.00000 0.00000 0.00000 0.00000 0.00000 0.00000 0.00000 0.00000 0.00000 0.00000 0.00000 0.00000 0.00000 0.00000 0.00000 0.00000 0.00000
0.00000 0.00000 0.00000 0.00000 0.00000 0.00000 0.00000 0.00000 0.00000 0.00000 0.00000 0.00000 0.00000 0.00000 0.00000 0.00040 0.00112 0.00188 0.00285 0.00372 0.00416 0.00502 0.00636 0.00727 0.00752 0.00764 0.00756 0.00671 0.00556 0.00468 0.00391 0.00330 0.00240 0.00135 0.00046 0.00000 0.00000 0.00000 0.00000 0.00000 0.00000 0.00000 0.00000 0.00000 0.00000 0.00000 0.00000 0.00000 0.00000 0.00000 0.00000 0.00000 0.00000 0.00000 0.00000 0.00000 0.00000 0.00000 0.00000 0.00000
0.00000 0.00000 0.00000 0.00000 0.00000 0.00000 0.00000 0.00000 0.00000 0.00000 0.00000 0.00000 0.00000 0.00000 0.00000 0.00065 0.00186 0.00317 0.00443 0.00561 0.00727 0.00880 0.00989 0.01070 0.01290 0.01360 0.01196 0.01008 0.00902 0.00789 0.00679 0.00531 0.00359 0.00221 0.00080 0.00000 0.00000 0.00000 0.00000 0.00000 0.00000 0.00000 0.00000 0.00000 0.00000 0.00000 0.00000 0.00000 0.00000 0.00000 0.00000 0.00000 0.00000 0.00000 0.00000 0.00000 0.00000 0.00000 0.00000 0.00000
0.00000 0.00000 0.00000 0.00000 0.00000 0.00000 0.00000 0.00000 0.00000 0.00000 0.00000 0.00000 0.00000 0.00000 0.00000 0.00080 0.00260 0.00450 0.00592 0.00759 0.00997 0.01185 0.01276 0.01499 0.01832 0.01813 0.01539 0.01425 0.01281 0.01104 0.00921 0.00683 0.00489 0.00322 0.00108 0.00000 0.00000 0.00000 0.00000 0.00000 0.00000 0.00000 0.00000 0.00000 0.00000 0.00000 0.00000 0.00000 0.00000 0.00000 0.00000 0.00000 0.00000 0.00000 0.00000 0.00000 0.00000 0.00000 0.00000 0.00000
0.00000 0.00000 0.00000 0.00000 0.00000 0.00000 0.00000 0.00000 0.00000 0.00000 0.00000 0.00000 0.00000 0.00000 0.00000 0.00103 0.00315 0.00562 0.00774 0.00981 0.01177 0.01360 0.01814 0.02035 0.02148 0.02112 0.02079 0.01890 0.01618 0.01348 0.01089 0.00854 0.00668 0.00394 0.00125 0.00000 0.00000 0.00000 0.00000 0.00000 0.00000 0.00000 0.00000 0.00000 0.00000 0.00000 0.00000 0.00000 0.00000 0.00000 0.00000 0.00000 0.00000 0.00000 0.00000 0.00000 0.00000 0.00000 0.00000 0.00000
0.00000 0.00000 0.00000 0.00000 0.00000 0.00000 0.00000 0.00000 0.00000 0.00000 0.00000 0.00000 0.00000 0.00000 0.00000 0.00132 0.00387 0.00602 0.00887 0.01194 0.01426 0.01740 0.02097 0.02297 0.02522 0.02695 0.02527 0.02153 0.01852 0.01642 0.01314 0.01079 0.00776 0.00446 0.00151 0.00000 0.00000 0.00000 0.00000 0.00000 0.00000 0.00000 0.00000 0.00000 0.00000 0.00000 0.00000 0.00000 0.00000 0.00000 0.00000 0.00000 0.00000 0.00000 0.00000 0.00000 0.00000 0.00000 0.00000 0.00000
0.00000 0.00000 0.00000 0.00000 0.00000 0.00000 0.00000 0.00000 0.00000 0.00000 0.00000 0.00000 0.00000 0.00000 0.00000 0.00155 0.00428 0.00700 0.01006 0.01378 0.01722 0.02063 0.02270 0.02542 0.03045 0.03180 0.02826 0.02368 0.02139 0.01936 0.01600 0.01205 0.00839 0.00531 0.00186 0.00000 0.00000 0.00000 0.00000 0.00000 0.00000 0.00000 0.00000 0.00000 0.00000 0.00000 0.00000 0.00000 0.00000 0.00000 0.00000 0.00000 0.00000 0.00000 0.00000 0.00000 0.00000 0.00000 0.00000 0.00000
0.00000 0.00000 0.00000 0.00000 0.00000 0.00000 0.00000 0.00000 0.00000 0.00000 0.00000 0.00000 0.00000 0.00000 0.00000 0.00146 0.00472 0.00850 0.01202 0.01467 0.01914 0.02277 0.02512 0.02971 0.03508 0.03489 0.03051 0.02778 0.02516 0.02110 0.01735 0.01356 0.00993 0.00615 0.00200 0.00000 0.00000 0.00000 0.00000 0.00000 0.00000 0.00000 0.00000 0.00000 0.00000 0.00000 0.00000 0.00000 0.00000 0.00000 0.00000 0.00000 0.00000 0.00000 0.00000 0.00000 0.00000 0.00000 0.00000 0.00000
0.00000 0.00000 0.00000 0.00000 0.00000 0.00000 0.00000 0.00000 0.00000 0.00000 0.00000 0.00000 0.00000 0.00000 0.00000 0.00166 0.00544 0.00944 0.01256 0.01648 0.02085 0.02368 0.02824 0.03409 0.03855 0.03638 0.03311 0.03153 0.02748 0.02256 0.01863 0.01552 0.01128 0.00643 0.00210 0.00000 0.00000 0.00000 0.00000 0.00000 0.00000 0.00000 0.00000 0.00000 0.00000 0.00000 0.00000 0.00000 0.00000 0.00000 0.00000 0.00000 0.00000 0.00000 0.00000 0.00000 0.00000 0.00000 0.00000 0.00000
0.00000 0.00000 0.00000 0.00000 0.00000 0.00000 0.00000 0.00000 0.00000 0.00000 0.00000 0.00000 0.00000 0.00000 0.00000 0.00202 0.00593 0.00915 0.01398 0.01877 0.02182 0.02574 0.03249 0.03702 0.03953 0.03988 0.03778 0.03381 0.02944 0.02500 0.02099 0.01638 0.01168 0.00713 0.00248 0.00000 0.00000 0.00000 0.00000 0.00000 0.00000 0.00000 0.00000 0.00000 0.00000 0.00000 0.00000 0.00000 0.00000 0.00000 0.00000 0.00000 0.00000 0.00000 0.00000 0.00000 0.00000 0.00000 0.00000 0.00000
0.00117 0.00131 0.00149 0.00168 0.00181 0.00170 0.00163 0.00147 0.00117 0.00095 0.00088 0.00070 0.00044 0.00028 0.00010 0.00182 0.00541 0.00994 0.01403 0.01696 0.02075 0.02657 0.03160 0.03340 0.03740 0.04040 0.03737 0.03182 0.02717 0.02474 0.02048 0.01549 0.01131 0.00721 0.00239 0.00000 0.00000 0.00000 0.00000 0.00000 0.00000 0.00000 0.00000 0.00000 0.00000 0.00000 0.00000 0.00000 0.00000 0.00000 0.00000 0.00000 0.00000 0.00000 0.00000 0.00000 0.00000 0.00000 0.00000 0.00000
0.00319 0.00361 0.00420 0.00482 0.00538 0.00516 0.00461 0.00397 0.00354 0.00319 0.00244 0.00176 0.00145 0.00091 0.00027 0.00151 0.00526 0.00875 0.01113 0.01432 0.01963 0.02350 0.02528 0.02866 0.03461 0.03559 0.03146 0.02734 0.02449 0.02123 0.01764 0.01413 0.01015 0.00600 0.00200 0.00000 0.00000 0.00000 0.00000 0.00000 0.00000 0.00000 0.00000 0.00000 0.00000 0.00000 0.00000 0.00000 0.00000 0.00000 0.00000 0.00000 0.00000 0.00000 0.00000 0.00000 0.00000 0.00000 0.00000 0.00000
0.00527 0.00599 0.00678 0.00738 0.00861 0.00860 0.00728 0.00618 0.00591 0.00510 0.00365 0.00306 0.00242 0.00132 0.00042 0.00147 0.00443 0.00673 0.00939 0.01330 0.01685 0.01852 0.02103 0.02589 0.03039 0.02917 0.02520 0.02395 0.02176 0.01782 0.01463 0.01205 0.00850 0.00501 0.00177 0.00000 0.00000 0.00000 0.00000 0.00000 0.00000 0.00000 0.00000 0.00000 0.00000 0.00000 0.00000 0.00000 0.00000 0.00000 0.00000 0.00000 0.00000 0.00000 0.00000 0.00000 0.00000 0.00000 0.00000 0.00000
0.00726 0.00829 0.00951 0.01001 0.01142 0.01152 0.01022 0.00894 0.00749 0.00626 0.00580 0.00454 0.00284 0.00171 0.00066 0.00123 0.00328 0.00551 0.00882 0.01143 0.01268 0.01505 0.01923 0.02252 0.02434 0.02347 0.02221 0.02061 0.01793 0.01509 0.01245 0.00980 0.00718 0.00458 0.00150 0.00000 0.00000 0.00000 0.00000 0.00000 0.00000 0.00000 0.00000 0.00000 0.00000 0.00000 0.00000 0.00000 0.00000 0.00000 0.00000 0.00000 0.00000 0.00000 0.00000 0.00000 0.00000 0.00000 0.00000 0.00000
0.00825 0.00999 0.01188 0.01278 0.01332 0.01386 0.01289 0.01113 0.00909 0.00840 0.00701 0.00488 0.00343 0.00244 0.00081 0.00089 0.00265 0.00497 0.00720 0.00851 0.01017 0.01311 0.01608 0.01756 0.01852 0.02002 0.01936 0.01647 0.01372 0.01238 0.01044 0.00796 0.00585 0.00367 0.00118 0.00000 0.00000 0.00000 0.00000 0.00000 0.00000 0.00000 0.00000 0.00000 0.00000 0.00000 0.00000 0.00000 0.00000 0.00000 0.00000 0.00000 0.00000 0.00000 0.00000 0.00000 0.00000 0.00000 0.00000 0.00000
0.01095 0.01195 0.01401 0.01578 0.01702 0.01643 0.01480 0.01317 0.01176 0.01006 0.00749 0.00569 0.00480 0.00285 0.00083 0.00069 0.00237 0.00401 0.00494 0.00647 0.00890 0.01087 0.01193 0.01299 0.01560 0.01678 0.01482 0.01250 0.01111 0.00985 0.00833 0.00651 0.00463 0.00275 0.00094 0.00000 0.00000 0.00000 0.00000 0.00000 0.00000 0.00000 0.00000 0.00000 0.00000 0.00000 0.00000 0.00000 0.00000 0.00000 0.00000 0.00000 0.00000 0.00000 0.00000 0.00000 0.00000 0.00000 0.00000 0.00000
0.01130 0.01311 0.01454 0.01719 0.01992 0.01855 0.01607 0.01540 0.01336 0.01057 0.00817 0.00761 0.00545 0.00280 0.00092 0.00058 0.00178 0.00270 0.00364 0.00519 0.00679 0.00783 0.00829 0.01015 0.01242 0.01224 0.01011 0.00955 0.00896 0.00742 0.00586 0.00482 0.00347 0.00207 0.00073 0.00000 0.00000 0.00000 0.00000 0.00000 0.00000 0.00000 0.00000 0.00000 0.00000 0.00000 0.00000 0.00000 0.00000 0.00000 0.00000 0.00000 0.00000 0.00000 0.00000 0.00000 0.00000 0.00000 0.00000 0.00000
0.01348 0.01525 0.01744 0.01948 0.02133 0.02159 0.01936 0.01672 0.01382 0.01207 0.01075 0.00858 0.00513 0.00314 0.00120 0.00040 0.00106 0.00181 0.00281 0.00380 0.00435 0.00486 0.00616 0.00754 0.00834 0.00771 0.00717 0.00691 0.00611 0.00493 0.00406 0.00325 0.00247 0.00153 0.00050 0.00000 0.00000 0.00000 0.00000 0.00000 0.00000 0.00000 0.00000 0.00000 0.00000 0.00000 0.00000 0.00000 0.00000 0.00000 0.00000 0.00000 0.00000 0.00000 0.00000 0.00000 0.00000 0.00000 0.00000 0.00000
0.01403 0.01588 0.01838 0.01987 0.02216 0.02366 0.02105 0.01711 0.01485 0.01442 0.01163 0.00770 0.00549 0.00403 0.00134 0.00020 0.00059 0.00111 0.00173 0.00214 0.00229 0.00293 0.00382 0.00432 0.00420 0.00456 0.00454 0.00401 0.00313 0.00285 0.00249 0.00194 0.00138 0.00085 0.00028 0.00000 0.00000 0.00000 0.00000 0.00000 0.00000 0.00000 0.00000 0.00000 0.00000 0.00000 0.00000 0.00000 0.00000 0.00000 0.00000 0.00000 0.00000 0.00000 0.00000 0.00000 0.00000 0.00000 0.00000 0.00000
0.01510 0.01790 0.01976 0.02186 0.02516 0.02547 0.02116 0.01902 0.01779 0.01554 0.01052 0.00872 0.00677 0.00413 0.00130 0.00007 0.00021 0.00037 0.00053 0.00063 0.00079 0.00103 0.00119 0.00124 0.00142 0.00156 0.00145 0.00118 0.00102 0.00093 0.00082 0.00062 0.00043 0.00026 0.00009 0.00000 0.00000 0.00000 0.00000 0.00000 0.00000 0.00000 0.00000 0.00000 0.00000 0.00000 0.00000 0.00000 0.00000 0.00000 0.00000 0.00000 0.00000 0.00000 0.00000 0.00000 0.00000 0.00000 0.00000 0.00000
0.01411 0.01684 0.01981 0.02255 0.02492 0.02276 0.02058 0.02065 0.01754 0.01267 0.01054 0.00993 0.00688 0.00359 0.00117 0.00000 0.00000 0.00000 0.00000 0.00000 0.00000 0.00000 0.00000 0.00000 0.00000 0.00000 0.00000 0.00000 0.00000 0.00000 0.00000 0.00000 0.00000 0.00000 0.00000 0.00000 0.00000 0.00000 0.00000 0.00000 0.00000 0.00000 0.00000 0.00000 0.00000 0.00000 0.00000 0.00000 0.00000 0.00000 0.00000 0.00000 0.00000 0.00000 0.00000 0.00000 0.00000 0.00000 0.00000 0.00000
0.01326 0.01550 0.01918 0.02231 0.02262 0.02205 0.02197 0.02057 0.01456 0.01233 0.01151 0.00955 0.00594 0.00360 0.00122 0.00000 0.00000 0.00000 0.00000 0.00000 0.00000 0.00000 0.00000 0.00000 0.00000 0.00000 0.00000 0.00000 0.00000 0.00000 0.00000 0.00000 0.00000 0.00000 0.00000 0.00000 0.00000 0.00000 0.00000 0.00000 0.00000 0.00000 0.00000 0.00000 0.00000 0.00000 0.00000 0.00000 0.00000 0.00000 0.00000 0.00000 0.00000 0.00000 0.00000 0.00000 0.00000 0.00000 0.00000 0.00000
0.01342 0.01523 0.01688 0.01831 0.02145 0.02311 0.02004 0.01534 0.01374 0.01398 0.01116 0.00699 0.00503 0.00388 0.00132 0.00000 0.00000 0.00000 0.00000 0.00000 0.00000 0.00000 0.00000 0.00000 0.00000 0.00000 0.00000 0.00000 0.00000 0.00000 0.00000 0.00000 0.00000 0.00000 0.00000 0.00000 0.00000 0.00000 0.00000 0.00000 0.00000 0.00000 0.00000 0.00000 0.00000 0.00000 0.00000 0.00000 0.00000 0.00000 0.00000 0.00000 0.00000 0.00000 0.00000 0.00000 0.00000 0.00000 0.00000 0.00000
0.01306 0.01491 0.01543 0.01657 0.02208 0.02318 0.01723 0.01411 0.01510 0.01410 0.00906 0.00712 0.00545 0.00354 0.00124 0.00000 0.00000 0.00000 0.00000 0.00000 0.00000 0.00000 0.00000 0.00000 0.00000 0.00000 0.00000 0.00000 0.00000 0.00000 0.00000 0.00000 0.00000 0.00000 0.00000 0.00000 0.00000 0.00000 0.00000 0.00000 0.00000 0.00000 0.00000 0.00000 0.00000 0.00000 0.00000 0.00000 0.00000 0.00000 0.00000 0.00000 0.00000 0.00000 0.00000 0.00000 0.00000 0.00000 0.00000 0.00000
0.01084 0.01337 0.01612 0.01827 0.01908 0.01710 0.01640 0.01686 0.01420 0.00939 0.00818 0.00807 0.00571 0.00292 0.00094 0.00000 0.00000 0.00000 0.00000 0.00000 0.00000 0.00000 0.00000 0.00000 0.00000 0.00000 0.00000 0.00000 0.00000 0.00000 0.00000 0.00000 0.00000 0.00000 0.00000 0.00000 0.00000 0.00000 0.00000 0.00000 0.00000 0.00000 0.00000 0.00000 0.00000 0.00000 0.00000 0.00000 0.00000 0.00000 0.00000 0.00000 0.00000 0.00000 0.00000 0.00000 0.00000 0.00000 0.00000 0.00000
0.00960 0.01135 0.01552 0.01801 0.01662 0.01500 0.01768 0.01710 0.01126 0.00902 0.00889 0.00780 0.00489 0.00287 0.00091 0.00000 0.00000 0.00000 0.00000 0.00000 0.00000 0.00000 0.00000 0.00000 0.00000 0.00000 0.00000 0.00000 0.00000 0.00000 0.00000 0.00000 0.00000 0.00000 0.00000 0.00000 0.00000 0.00000 0.00000 0.00000 0.00000 0.00000 0.00000 0.00000 0.00000 0.00000 0.00000 0.00000 0.00000 0.00000 0.00000 0.00000 0.00000 0.00000 0.00000 0.00000 0.00000 0.00000 0.00000 0.00000
0.01040 0.01150 0.01191 0.01385 0.01710 0.01858 0.01568 0.01115 0.01040 0.01126 0.00923 0.00519 0.00368 0.00321 0.00109 0.00000 0.00000 0.00000 0.00000 0.00000 0.00000 0.00000 0.00000 0.00000 0.00000 0.00000 0.00000 0.00000 0.00000 0.00000 0.00000 0.00000 0.00000 0.00000 0.00000 0.00000 0.00000 0.00000 0.00000 0.00000 0.00000 0.00000 0.00000 0.00000 0.00000 0.00000 0.00000 0.00000 0.00000 0.00000 0.00000 0.00000 0.00000 0.00000 0.00000 0.00000 0.00000 0.00000 0.00000 0.00000
0.00893 0.01023 0.01008 0.01121 0.01756 0.01823 0.01264 0.00934 0.01151 0.01117 0.00706 0.00530 0.00410 0.00284 0.00100 0.00000 0.00000 0.00000 0.00000 0.00000 0.00000 0.00000 0.00000 0.00000 0.00000 0.00000 0.00000 0.00000 0.00000 0.00000 0.00000 0.00000 0.00000 0.00000 0.00000 0.00000 0.00000 0.00000 0.00000 0.00000 0.00000 0.00000 0.00000 0.00000 0.00000 0.00000 0.00000 0.00000 0.00000 0.00000 0.00000 0.00000 0.00000 0.00000 0.00000 0.00000 0.00000 0.00000 0.00000 0.00000
0.00753 0.01022 0.01270 0.01393 0.01360 0.01240 0.01241 0.01323 0.01147 0.00651 0.00581 0.00649 0.00463 0.00220 0.00066 0.00000 0.00000 0.00000 0.00000 0.00000 0.00000 0.00000 0.00000 0.00000 0.00000 0.00000 0.00000 0.00000 0.00000 0.00000 0.00000 0.00000 0.00000 0.00000 0.00000 0.00000 0.00000 0.00000 0.00000 0.00000 0.00000 0.00000 0.00000 0.00000 0.00000 0.00000 0.00000 0.00000 0.00000 0.00000 0.00000 0.00000 0.00000 0.00000 0.00000 0.00000 0.00000 0.00000 0.00000 0.00000
0.00662 0.00855 0.01226 0.01377 0.01132 0.00894 0.01326 0.01297 0.00829 0.00632 0.00657 0.00597 0.00382 0.00216 0.00066 0.00000 0.00000 0.00000 0.00000 0.00000 0.00000 0.00000 0.00000 0.00000 0.00000 0.00000 0.00000 0.00000 0.00000 0.00000 0.00000 0.00000 0.00000 0.00000 0.00000 0.00000 0.00000 0.00000 0.00000 0.00000 0.00000 0.00000 0.00000 0.00000 0.00000 0.00000 0.00000 0.00000 0.00000 0.00000 0.00000 0.00000 0.00000 0.00000 0.00000 0.00000 0.00000 0.00000 0.00000 0.00000
0.00709 0.00786 0.00785 0.00976 0.01256 0.01317 0.01167 0.00714 0.00677 0.00822 0.00703 0.00346 0.00238 0.00247 0.00087 0.00000 0.00000 0.00000 0.00000 0.00000 0.00000 0.00000 0.00000 0.00000 0.00000 0.00000 0.00000 0.00000 0.00000 0.00000 0.00000 0.00000 0.00000 0.00000 0.00000 0.00000 0.00000 0.00000 0.00000 0.00000 0.00000 0.00000 0.00000 0.00000 0.00000 0.00000 0.00000 0.00000 0.00000 0.00000 0.00000 0.00000 0.00000 0.00000 0.00000 0.00000 0.00000 0.00000 0.00000 0.00000
0.00568 0.00599 0.00533 0.00589 0.01080 0.01102 0.00731 0.00489 0.00711 0.00699 0.00454 0.00326 0.00251 0.00189 0.00067 0.00000 0.00000 0.00000 0.00000 0.00000 0.00000 0.00000 0.00000 0.00000 0.00000 0.00000 0.00000 0.00000 0.00000 0.00000 0.00000 0.00000 0.00000 0.00000 0.00000 0.00000 0.00000 0.00000 0.00000 0.00000 0.00000 0.00000 0.00000 0.00000 0.00000 0.00000 0.00000 0.00000 0.00000 0.00000 0.00000 0.00000 0.00000 0.00000 0.00000 0.00000 0.00000 0.00000 0.00000 0.00000
0.00401 0.00539 0.00689 0.00732 0.00777 0.00618 0.00610 0.00722 0.00695 0.00326 0.00267 0.00387 0.00298 0.00120 0.00035 0.00000 0.00000 0.00000 0.00000 0.00000 0.00000 0.00000 0.00000 0.00000 0.00000 0.00000 0.00000 0.00000 0.00000 0.00000 0.00000 0.00000 0.00000 0.00000 0.00000 0.00000 0.00000 0.00000 0.00000 0.00000 0.00000 0.00000 0.00000 0.00000 0.00000 0.00000 0.00000 0.00000 0.00000 0.00000 0.00000 0.00000 0.00000 0.00000 0.00000 0.00000 0.00000 0.00000 0.00000 0.00000
0.00179 0.00302 0.00520 0.00618 0.00436 0.00306 0.00599 0.00622 0.00394 0.00275 0.00321 0.00299 0.00197 0.00112 0.00034 0.00000 0.00000 0.00000 0.00000 0.00000 0.00000 0.00000 0.00000 0.00000 0.00000 0.00000 0.00000 0.00000 0.00000 0.00000 0.00000 0.00000 0.00000 0.00000 0.00000 0.00000 0.00000 0.00000 0.00000 0.00000 0.00000 0.00000 0.00000 0.00000 0.00000 0.00000 0.00000 0.00000 0.00000 0.00000 0.00000 0.00000 0.00000 0.00000 0.00000 0.00000 0.00000 0.00000 0.00000 0.00000
0.00278 0.00314 0.00324 0.00344 0.00430 0.00523 0.00502 0.00277 0.00220 0.00377 0.00356 0.00159 0.00086 0.00112 0.00044 0.00000 0.00000 0.00000 0.00000 0.00000 0.00000 0.00000 0.00000 0.00000 0.00000 0.00000 0.00000 0.00000 0.00000 0.00000 0.00000 0.00000 0.00000 0.00000 0.00000 0.00000 0.00000 0.00000 0.00000 0.00000 0.00000 0.00000 0.00000 0.00000 0.00000 0.00000 0.00000 0.00000 0.00000 0.00000 0.00000 0.00000 0.00000 0.00000 0.00000 0.00000 0.00000 0.00000 0.00000 0.00000
0.00152 0.00196 0.00106 0.00101 0.00358 0.00434 0.00287 0.00187 0.00281 0.00294 0.00203 0.00152 0.00114 0.00079 0.00028 0.00000 0.00000 0.00000 0.00000 0.00000 0.00000 0.00000 0.00000 0.00000 0.00000 0.00000 0.00000 0.00000 0.00000 0.00000 0.00000 0.00000 0.00000 0.00000 0.00000 0.00000 0.00000 0.00000 0.00000 0.00000 0.00000 0.00000 0.00000 0.00000 0.00000 0.00000 0.00000 0.00000 0.00000 0.00000 0.00000 0.00000 0.00000 0.00000 0.00000 0.00000 0.00000 0.00000 0.00000 0.00000
0.00114 0.00150 0.00188 0.00216 0.00242 0.00202 0.00158 0.00262 0.00259 0.00145 0.00079 0.00146 0.00128 0.00052 0.00012 0.00000 0.00000 0.00000 0.00000 0.00000 0.00000 0.00000 0.00000 0.00000 0.00000 0.00000 0.00000 0.00000 0.00000 0.00000 0.00000 0.00000 0.00000 0.00000 0.00000 0.00000 0.00000 0.00000 0.00000 0.00000 0.00000 0.00000 0.00000 0.00000 0.00000 0.00000 0.00000 0.00000 0.00000 0.00000 0.00000 0.00000 0.00000 0.00000 0.00000 0.00000 0.00000 0.00000 0.00000 0.00000
0.00000 0.00028 0.00107 0.00156 0.00140 0.00073 0.00152 0.00192 0.00151 0.00121 0.00103 0.00091 0.00069 0.00046 0.00014 0.00000 0.00000 0.00000 0.00000 0.00000 0.00000 0.00000 0.00000 0.00000 0.00000 0.00000 0.00000 0.00000 0.00000 0.00000 0.00000 0.00000 0.00000 0.00000 0.00000 0.00000 0.00000 0.00000 0.00000 0.00000 0.00000 0.00000 0.00000 0.00000 0.00000 0.00000 0.00000 0.00000 0.00000 0.00000 0.00000 0.00000 0.00000 0.00000 0.00000 0.00000 0.00000 0.00000 0.00000 0.00000
0.00036 0.00039 0.00044 0.00080 0.00091 0.00096 0.00097 0.00085 0.00062 0.00086 0.00086 0.00052 0.00029 0.00027 0.00011 0.00000 0.00000 0.00000 0.00000 0.00000 0.00000 0.00000 0.00000 0.00000 0.00000 0.00000 0.00000 0.00000 0.00000 0.00000 0.00000 0.00000 0.00000 0.00000 0.00000 0.00000 0.00000 0.00000 0.00000 0.00000 0.00000 0.00000 0.00000 0.00000 0.00000 0.00000 0.00000 0.00000 0.00000 0.00000 0.00000 0.00000 0.00000 0.00000 0.00000 0.00000 0.00000 0.00000 0.00000 0.00000
0.00011 0.00016 0.00011 0.00008 0.00024 0.00041 0.00038 0.00028 0.00024 0.00026 0.00025 0.00021 0.00013 0.00008 0.00003 0.00000 0.00000 0.00000 0.00000 0.00000 0.00000 0.00000 0.00000 0.00000 0.00000 0.00000 0.00000 0.00000 0.00000 0.00000 0.00000 0.00000 0.00000 0.00000 0.00000 0.00000 0.00000 0.00000 0.00000 0.00000 0.00000 0.00000 0.00000 0.00000 0.00000 0.00000 0.00000 0.00000 0.00000 0.00000 0.00000 0.00000 0.00000 0.00000 0.00000 0.00000 0.00000 0.00000 0.00000 0.00000
0.00008 0.00019 0.00022 0.00013 0.00018 0.00035 0.00037 0.00031 0.00031 0.00026 0.00023 0.00021 0.00018 0.00009 0.00003 0.00000 0.00000 0.00000 0.00000 0.00000 0.00000 0.00000 0.00000 0.00000 0.00000 0.00000 0.00000 0.00000 0.00000 0.00000 0.00000 0.00000 0.00000 0.00000 0.00000 0.00000 0.00000 0.00000 0.00000 0.00000 0.00000 0.00000 0.00000 0.00000 0.00000 0.00000 0.00000 0.00000 0.00000 0.00000 0.00000 0.00000 0.00000 0.00000 0.00000 0.00000 0.00000 0.00000 0.00000 0.00000
0.00010 0.00018 0.00040 0.00076 0.00095 0.00080 0.00086 0.00099 0.00118 0.00086 0.00074 0.00055 0.00052 0.00031 0.00010 0.00000 0.00000 0.00000 0.00000 0.00000 0.00000 0.00000 0.00000 0.00000 0.00000 0.00000 0.00000 0.00000 0.00000 0.00000 0.00000 0.00000 0.00000 0.00000 0.00000 0.00000 0.00000 0.00000 0.00000 0.00000 0.00000 0.00000 0.00000 0.00000 0.00000 0.00000 0.00000 0.00000 0.00000 0.00000 0.00000 0.00000 0.00000 0.00000 0.00000 0.00000 0.00000 0.00000 0.00000 0.00000
0.00060 0.00033 0.00041 0.00144 0.00202 0.00125 0.00165 0.00171 0.00205 0.00159 0.00155 0.00097 0.00091 0.00054 0.00020 0.00000 0.00000 0.00000 0.00000 0.00000 0.00000 0.00000 0.00000 0.00000 0.00000 0.00000 0.00000 0.00000 0.00000 0.00000 0.00000 0.00000 0.00000 0.00000 0.00000 0.00000 0.00000 0.00000 0.00000 0.00000 0.00000 0.00000 0.00000 0.00000 0.00000 0.00000 0.00000 0.00000 0.00000 0.00000 0.00000 0.00000 0.00000 0.00000 0.00000 0.00000 0.00000 0.00000 0.00000 0.00000
0.00059 0.00083 0.00103 0.00143 0.00222 0.00226 0.00331 0.00229 0.00289 0.00208 0.00275 0.00148 0.00127 0.00072 0.00027 0.00000 0.00000 0.00000 0.00000 0.00000 0.00000 0.00000 0.00000 0.00000 0.00000 0.00000 0.00000 0.00000 0.00000 0.00000 0.00000 0.00000 0.00000 0.00000 0.00000 0.00000 0.00000 0.00000 0.00000 0.00000 0.00000 0.00000 0.00000 0.00000 0.00000 0.00000 0.00000 0.00000 0.00000 0.00000 0.00000 0.00000 0.00000 0.00000 0.00000 0.00000 0.00000 0.00000 0.00000 0.00000
0.00110 0.00182 0.00235 0.00144 0.00308 0.00373 0.00536 0.00293 0.00449 0.00268 0.00415 0.00230 0.00176 0.00094 0.00039 0.00000 0.00000 0.00000 0.00000 0.00000 0.00000 0.00000 0.00000 0.00000 0.00000 0.00000 0.00000 0.00000 0.00000 0.00000 0.00000 0.00000 0.00000 0.00000 0.00000 0.00000 0.00000 0.00000 0.00000 0.00000 0.00000 0.00000 0.00000 0.00000 0.00000 0.00000 0.00000 0.00000 0.00000 0.00000 0.00000 0.00000 0.00000 0.00000 0.00000 0.00000 0.00000 0.00000 0.00000 0.00000
