0.00000 0.00000 0.00000 0.00000 0.00000 0.00000 0.00000 0.00000 0.00000 0.00000 0.00000 0.00000 0.00000 0.00000 0.00000 0.00000 0.00000 0.00000 0.00000 0.00000 0.00000 0.00000 0.00000 0.00000 0.00000 0.00000 0.00000 0.00000 0.00000 0.00000 0.00000 0.00000 0.00000 0.00000 0.00000 0.00000 0.00000 0.00000 0.00000 0.00000 0.00000 0.00000 0.00000 0.00000 0.00000 0.00000 0.00000 0.00000 0.00000 0.00000 0.00000 0.00000 0.00000 0.00000 0.00000 0.00000 0.00000 0.00000 0.00000 0.00000 0.00000 0.00000 0.00000 0.00000 0.00000 0.00000 0.00000 0.00000 0.00000 0.00000
0.00000 0.00000 0.00000 0.00000 0.00000 0.00000 0.00000 0.00000 0.00000 0.00000 0.00000 0.00000 0.00000 0.00000 0.00000 0.00000 0.00000 0.00000 0.00000 0.00000 0.00000 0.00000 0.00000 0.00000 0.00000 0.00000 0.00000 0.00000 0.00000 0.00000 0.00000 0.00000 0.00000 0.00000 0.00000 0.00000 0.00000 0.00000 0.00000 0.00000 0.00000 0.00000 0.00000 0.00000 0.00000 0.00000 0.00000 0.00000 0.00000 0.00000 0.00000 0.00000 0.00000 0.00000 0.00000 0.00000 0.00000 0.00000 0.00000 0.00000 0.00000 0.00000 0.00000 0.00000 0.00000 0.00000 0.00000 0.00000 0.00000 0.00000
0.00000 0.00000 0.00000 0.00000 0.00000 0.00000 0.00000 0.00000 0.00000 0.00000 0.00000 0.00000 0.00000 0.00000 0.00000 0.00000 0.00000 0.00000 0.00000 0.00000 0.00000 0.00000 0.00000 0.00000 0.00000 0.00000 0.00000 0.00000 0.00000 0.00000 0.00000 0.00000 0.00000 0.00000 0.00000 0.00000 0.00000 0.00000 0.00000 0.00000 0.00000 0.00000 0.00000 0.00000 0.00000 0.00000 0.00000 0.00000 0.00000 0.00000 0.00000 0.00000 0.00000 0.00000 0.00000 0.00000 0.00000 0.00000 0.00000 0.00000 0.00000 0.00000 0.00000 0.00000 0.00000 0.00000 0.00000 0.00000 0.00000 0.00000
0.00000 0.00000 0.00000 0.00000 0.00000 0.00000 0.00000 0.00000 0.00000 0.00000 0.00000 0.00000 0.00000 0.00000 0.00000 0.00000 0.00000 0.00000 0.00000 0.00000 0.00000 0.00000 0.00000 0.00000 0.00000 0.00000 0.00000 0.00000 0.00000 0.00000 0.00000 0.00000 0.00000 0.00000 0.00000 0.00000 0.00000 0.00000 0.00000 0.00000 0.00000 0.00000 0.00000 0.00000 0.00000 0.00000 0.00000 0.00000 0.00000 0.00000 0.00000 0.00000 0.00000 0.00000 0.00000 0.00000 0.00000 0.00000 0.00000 0.00000 0.00000 0.00000 0.00000 0.00000 0.00000 0.00000 0.00000 0.00000 0.00000 0.00000
0.00000 0.00000 0.00000 0.00000 0.00000 0.00000 0.00000 0.00000 0.00000 0.00000 0.00000 0.00000 0.00000 0.00000 0.00000 0.00000 0.00000 0.00000 0.00000 0.00000 0.00000 0.00000 0.00000 0.00000 0.00000 0.00000 0.00000 0.00000 0.00000 0.00000 0.00000 0.00000 0.00000 0.00000 0.00000 0.00000 0.00000 0.00000 0.00000 0.00000 0.00000 0.00000 0.00000 0.00000 0.00000 0.00000 0.00000 0.00000 0.00000 0.00000 0.00000 0.00000 0.00000 0.00000 0.00000 0.00000 0.00000 0.00000 0.00000 0.00000 0.00000 0.00000 0.00000 0.00000 0.00000 0.00000 0.00000 0.00000 0.00000 0.00000
0.00000 0.00000 0.00000 0.00000 0.00000 0.00000 0.00000 0.00000 0.00000 0.00000 0.00000 0.00000 0.00000 0.00000 0.00000 0.00000 0.00000 0.00000 0.00000 0.00000 0.00000 0.00000 0.00000 0.00000 0.00000 0.00000 0.00000 0.00000 0.00000 0.00000 0.00000 0.00000 0.00000 0.00000 0.00000 0.00000 0.00000 0.00000 0.00000 0.00000 0.00000 0.00000 0.00000 0.00000 0.00000 0.00000 0.00000 0.00000 0.00000 0.00000 0.00000 0.00000 0.00000 0.00000 0.00000 0.00000 0.00000 0.00000 0.00000 0.00000 0.00000 0.00000 0.00000 0.00000 0.00000 0.00000 0.00000 0.00000 0.00000 0.00000
0.00000 0.00000 0.00000 0.00000 0.00000 0.00000 0.00000 0.00000 0.00000 0.00000 0.00000 0.00000 0.00000 0.00000 0.00000 0.00000 0.00000 0.00000 0.00000 0.00000 0.00000 0.00000 0.00000 0.00000 0.00000 0.00000 0.00000 0.00000 0.00000 0.00000 0.00000 0.00000 0.00000 0.00000 0.00000 0.00000 0.00000 0.00000 0.00000 0.00000 0.00000 0.00000 0.00000 0.00000 0.00000 0.00000 0.00000 0.00000 0.00000 0.00000 0.00000 0.00000 0.00000 0.00000 0.00000 0.00000 0.00000 0.00000 0.00000 0.00000 0.00000 0.00000 0.00000 0.00000 0.00000 0.00000 0.00000 0.00000 0.00000 0.00000
0.00000 0.00000 0.00000 0.00000 0.00000 0.00000 0.00000 0.00000 0.00000 0.00000 0.00000 0.00000 0.00000 0.00000 0.00000 0.00000 0.00000 0.00000 0.00000 0.00000 0.00000 0.00000 0.00000 0.00000 0.00000 0.00000 0.00000 0.00000 0.00000 0.00000 0.00000 0.00000 0.00000 0.00000 0.00000 0.00000 0.00000 0.00000 0.00000 0.00000 0.00000 0.00000 0.00000 0.00000 0.00000 0.00000 0.00000 0.00000 0.00000 0.00000 0.00000 0.00000 0.00000 0.00000 0.00000 0.00000 0.00000 0.00000 0.00000 0.00000 0.00000 0.00000 0.00000 0.00000 0.00000 0.00000 0.00000 0.00000 0.00000 0.00000
0.00000 0.00000 0.00000 0.00000 0.00000 0.00000 0.00000 0.00000 0.00000 0.00000 0.00000 0.00000 0.00000 0.00000 0.00000 0.00000 0.00000 0.00000 0.00000 0.00000 0.00000 0.00000 0.00000 0.00000 0.00000 0.00000 0.00000 0.00000 0.00000 0.00000 0.00000 0.00000 0.00000 0.00000 0.00000 0.00000 0.00000 0.00000 0.00000 0.00000 0.00000 0.00000 0.00000 0.00000 0.00000 0.00000 0.00000 0.00000 0.00000 0.00000 0.00000 0.00000 0.00000 0.00000 0.00000 0.00000 0.00000 0.00000 0.00000 0.00000 0.00000 0.00000 0.00000 0.00000 0.00000 0.00000 0.00000 0.00000 0.00000 0.00000
0.00000 0.00000 0.00000 0.00000 0.00000 0.00000 0.00000 0.00000 0.00000 0.00000 0.00000 0.00000 0.00000 0.00000 0.00000 0.00000 0.00000 0.00000 0.00000 0.00000 0.00000 0.00000 0.00000 0.00000 0.00000 0.00000 0.00000 0.00000 0.00000 0.00000 0.00000 0.00000 0.00000 0.00000 0.00000 0.00000 0.00000 0.00000 0.00000 0.00000 0.00000 0.00000 0.00000 0.00000 0.00000 0.00000 0.00000 0.00000 0.00000 0.00000 0.00000 0.00000 0.00000 0.00000 0.00000 0.00000 0.00000 0.00000 0.00000 0.00000 0.00000 0.00000 0.00000 0.00000 0.00000 0.00000 0.00000 0.00000 0.00000 0.00000
0.00000 0.00000 0.00000 0.00000 0.00000 0.00000 0.00000 0.00000 0.00000 0.00000 0.00000 0.00000 0.00000 0.00000 0.00000 0.00000 0.00000 0.00000 0.00000 0.00000 0.00000 0.00000 0.00000 0.00000 0.00000 0.00000 0.00000 0.00000 0.00000 0.00000 0.00000 0.00000 0.00000 0.00000 0.00000 0.00000 0.00000 0.00000 0.00000 0.00000 0.00000 0.00000 0.00000 0.00000 0.00000 0.00000 0.00000 0.00000 0.00000 0.00000 0.00000 0.00000 0.00000 0.00000 0.00000 0.00000 0.00000 0.00000 0.00000 0.00000 0.00000 0.00000 0.00000 0.00000 0.00000 0.00000 0.00000 0.00000 0.00000 0.00000
0.00000 0.00000 0.00000 0.00000 0.00000 0.00000 0.00000 0.00000 0.00000 0.00000 0.00000 0.00000 0.00000 0.00000 0.00000 0.00000 0.00000 0.00000 0.00000 0.00000 0.00000 0.00000 0.00000 0.00000 0.00000 0.00000 0.00000 0.00000 0.00000 0.00000 0.00000 0.00000 0.00000 0.00000 0.00000 0.00000 0.00000 0.00000 0.00000 0.00000 0.00000 0.00000 0.00000 0.00000 0.00000 0.00000 0.00000 0.00000 0.00000 0.00000 0.00000 0.00000 0.00000 0.00000 0.00000 0.00000 0.00000 0.00000 0.00000 0.00000 0.00000 0.00000 0.00000 0.00000 0.00000 0.00000 0.00000 0.00000 0.00000 0.00000
0.00000 0.00000 0.00000 0.00000 0.00000 0.00000 0.00000 0.00000 0.00000 0.00000 0.00000 0.00000 0.00000 0.00000 0.00000 0.00000 0.00000 0.00000 0.00000 0.00000 0.00000 0.00000 0.00000 0.00000 0.00000 0.00000 0.00000 0.00000 0.00000 0.00000 0.00000 0.00000 0.00000 0.00000 0.00000 0.00000 0.00000 0.00000 0.00000 0.00000 0.00000 0.00000 0.00000 0.00000 0.00000 0.00000 0.00000 0.00000 0.00000 0.00000 0.00000 0.00000 0.00000 0.00000 0.00000 0.00000 0.00000 0.00000 0.00000 0.00000 0.00000 0.00000 0.00000 0.00000 0.00000 0.00000 0.00000 0.00000 0.00000 0.00000
0.00000 0.00000 0.00000 0.00000 0.00000 0.00000 0.00000 0.00000 0.00000 0.00000 0.00000 0.00000 0.00000 0.00000 0.00000 0.00000 0.00000 0.00000 0.00000 0.00000 0.00000 0.00000 0.00000 0.00000 0.00000 0.00000 0.00000 0.00000 0.00000 0.00000 0.00000 0.00000 0.00000 0.00000 0.00000 0.00000 0.00000 0.00000 0.00000 0.00000 0.00000 0.00000 0.00000 0.00000 0.00000 0.00000 0.00000 0.00000 0.00000 0.00000 0.00000 0.00000 0.00000 0.00000 0.00000 0.00000 0.00000 0.00000 0.00000 0.00000 0.00000 0.00000 0.00000 0.00000 0.00000 0.00000 0.00000 0.00000 0.00000 0.00000
0.00000 0.00000 0.00000 0.00000 0.00000 0.00000 0.00000 0.00000 0.00000 0.00000 0.00000 0.00000 0.00000 0.00000 0.00000 0.00000 0.00000 0.00000 0.00000 0.00000 0.00000 0.00000 0.00000 0.00000 0.00000 0.00000 0.00000 0.00000 0.00000 0.00000 0.00000 0.00000 0.00000 0.00000 0.00000 0.00000 0.00000 0.00000 0.00000 0.00000 0.00000 0.00000 0.00000 0.00000 0.00000 0.00000 0.00000 0.00000 0.00000 0.00000 0.00000 0.00000 0.00000 0.00000 0.00000 0.00000 0.00000 0.00000 0.00000 0.00000 0.00000 0.00000 0.00000 0.00000 0.00000 0.00000 0.00000 0.00000 0.00000 0.00000
0.00000 0.00000 0.00000 0.00000 0.00000 0.00000 0.00000 0.00000 0.00000 0.00000 0.00000 0.00000 0.00000 0.00000 0.00000 0.00018 0.00055 0.00093 0.00130 0.00168 0.00206 0.00252 0.00295 0.00329 0.00366 0.00403 0.00410 0.00394 0.00399 0.00424 0.00425 0.00406 0.00409 0.00423 0.00438 0.00416 0.00360 0.00316 0.00282 0.00244 0.00200 0.00156 0.00111 0.00066 0.00023 0.00000 0.00000 0.00000 0.00000 0.00000 0.00000 0.00000 0.00000 0.00000 0.00000 0.00000 0.00000 0.00000 0.00000 0.00000 0.00000 0.00000 0.00000 0.00000 0.00000 0.00000 0.00000 0.00000 0.00000 0.00000
0.00000 0.00000 0.00000 0.00000 0.00000 0.00000 0.00000 0.00000 0.00000 0.00000 0.00000 0.00000 0.00000 0.00000 0.00000 0.00054 0.00168 0.00276 0.00370 0.00490 0.00636 0.00760 0.00835 0.00956 0.01145 0.01221 0.01159 0.01161 0.01229 0.01261 0.01226 0.01201 0.01197 0.01305 0.01330 0.01169 0.01061 0.01005 0.00884 0.00692 0.00564 0.00480 0.00345 0.00198 0.00066 0.00000 0.00000 0.00000 0.00000 0.00000 0.00000 0.00000 0.00000 0.00000 0.00000 0.00000 0.00000 0.00000 0.00000 0.00000 0.00000 0.00000 0.00000 0.00000 0.00000 0.00000 0.00000 0.00000 0.00000 0.00000
0.00000 0.00000 0.00000 0.00000 0.00000 0.00000 0.00000 0.00000 0.00000 0.00000 0.00000 0.00000 0.00000 0.00000 0.00000 0.00089 0.00266 0.00447 0.00629 0.00836 0.01042 0.01202 0.01384 0.01654 0.01876 0.01902 0.01908 0.02050 0.02048 0.01915 0.01970 0.02098 0.02116 0.02098 0.02031 0.01959 0.01840 0.01634 0.01369 0.01167 0.00981 0.00754 0.00543 0.00338 0.00112 0.00000 0.00000 0.00000 0.00000 0.00000 0.00000 0.00000 0.00000 0.00000 0.00000 0.00000 0.00000 0.00000 0.00000 0.00000 0.00000 0.00000 0.00000 0.00000 0.00000 0.00000 0.00000 0.00000 0.00000 0.00000
0.00000 0.00000 0.00000 0.00000 0.00000 0.00000 0.00000 0.00000 0.00000 0.00000 0.00000 0.00000 0.00000 0.00000 0.00000 0.00123 0.00360 0.00614 0.00896 0.01168 0.01368 0.01631 0.02025 0.02315 0.02450 0.02596 0.02801 0.02825 0.02699 0.02681 0.02768 0.02919 0.02926 0.02775 0.02792 0.02869 0.02597 0.02127 0.01859 0.01709 0.01407 0.01023 0.00732 0.00476 0.00158 0.00000 0.00000 0.00000 0.00000 0.00000 0.00000 0.00000 0.00000 0.00000 0.00000 0.00000 0.00000 0.00000 0.00000 0.00000 0.00000 0.00000 0.00000 0.00000 0.00000 0.00000 0.00000 0.00000 0.00000 0.00000
0.00000 0.00000 0.00000 0.00000 0.00000 0.00000 0.00000 0.00000 0.00000 0.00000 0.00000 0.00000 0.00000 0.00000 0.00000 0.00154 0.00465 0.00792 0.01142 0.01430 0.01753 0.02177 0.02563 0.02785 0.03108 0.03513 0.03534 0.03353 0.03398 0.03631 0.03653 0.03531 0.03517 0.03616 0.03770 0.03597 0.03089 0.02760 0.02511 0.02121 0.01688 0.01339 0.00989 0.00568 0.00190 0.00000 0.00000 0.00000 0.00000 0.00000 0.00000 0.00000 0.00000 0.00000 0.00000 0.00000 0.00000 0.00000 0.00000 0.00000 0.00000 0.00000 0.00000 0.00000 0.00000 0.00000 0.00000 0.00000 0.00000 0.00000
0.00000 0.00000 0.00000 0.00000 0.00000 0.00000 0.00000 0.00000 0.00000 0.00000 0.00000 0.00000 0.00000 0.00000 0.00000 0.00186 0.00570 0.00967 0.01311 0.01704 0.02197 0.02633 0.02910 0.03304 0.03994 0.04232 0.04035 0.04046 0.04297 0.04372 0.04282 0.04190 0.04252 0.04521 0.04560 0.04121 0.03709 0.03513 0.03067 0.02450 0.02000 0.01688 0.01208 0.00689 0.00231 0.00000 0.00000 0.00000 0.00000 0.00000 0.00000 0.00000 0.00000 0.00000 0.00000 0.00000 0.00000 0.00000 0.00000 0.00000 0.00000 0.00000 0.00000 0.00000 0.00000 0.00000 0.00000 0.00000 0.00000 0.00000
0.00000 0.00000 0.00000 0.00000 0.00000 0.00000 0.00000 0.00000 0.00000 0.00000 0.00000 0.00000 0.00000 0.00000 0.00000 0.00215 0.00663 0.01107 0.01520 0.02048 0.02587 0.02949 0.03370 0.04098 0.04642 0.04661 0.04678 0.05019 0.05035 0.04852 0.04863 0.05048 0.05202 0.05212 0.05042 0.04857 0.04568 0.04056 0.03382 0.02900 0.02487 0.01919 0.01333 0.00820 0.00283 0.00000 0.00000 0.00000 0.00000 0.00000 0.00000 0.00000 0.00000 0.00000 0.00000 0.00000 0.00000 0.00000 0.00000 0.00000 0.00000 0.00000 0.00000 0.00000 0.00000 0.00000 0.00000 0.00000 0.00000 0.00000
0.00000 0.00000 0.00000 0.00000 0.00000 0.00000 0.00000 0.00000 0.00000 0.00000 0.00000 0.00000 0.00000 0.00000 0.00000 0.00245 0.00743 0.01241 0.01801 0.02365 0.02788 0.03284 0.04096 0.04674 0.04968 0.05249 0.05638 0.05682 0.05491 0.05461 0.05668 0.05871 0.05860 0.05673 0.05727 0.05784 0.05218 0.04405 0.03832 0.03469 0.02857 0.02113 0.01500 0.00967 0.00327 0.00000 0.00000 0.00000 0.00000 0.00000 0.00000 0.00000 0.00000 0.00000 0.00000 0.00000 0.00000 0.00000 0.00000 0.00000 0.00000 0.00000 0.00000 0.00000 0.00000 0.00000 0.00000 0.00000 0.00000 0.00000
0.00000 0.00000 0.00000 0.00000 0.00000 0.00000 0.00000 0.00000 0.00000 0.00000 0.00000 0.00000 0.00000 0.00000 0.00000 0.00275 0.00807 0.01397 0.02048 0.02551 0.03062 0.03866 0.04570 0.04950 0.05519 0.06227 0.06282 0.06047 0.06058 0.06375 0.06481 0.06433 0.06308 0.06436 0.06706 0.06413 0.05561 0.04957 0.04502 0.03836 0.03027 0.02390 0.01778 0.01068 0.00344 0.00000 0.00000 0.00000 0.00000 0.00000 0.00000 0.00000 0.00000 0.00000 0.00000 0.00000 0.00000 0.00000 0.00000 0.00000 0.00000 0.00000 0.00000 0.00000 0.00000 0.00000 0.00000 0.00000 0.00000 0.00000
0.00000 0.00000 0.00000 0.00000 0.00000 0.00000 0.00000 0.00000 0.00000 0.00000 0.00000 0.00000 0.00000 0.00000 0.00000 0.00299 0.00915 0.01568 0.02148 0.02754 0.03564 0.04304 0.04748 0.05369 0.06473 0.06863 0.06562 0.06578 0.06961 0.07062 0.06956 0.06867 0.07022 0.07304 0.07350 0.06800 0.06123 0.05685 0.04975 0.04068 0.03339 0.02743 0.01974 0.01137 0.00378 0.00000 0.00000 0.00000 0.00000 0.00000 0.00000 0.00000 0.00000 0.00000 0.00000 0.00000 0.00000 0.00000 0.00000 0.00000 0.00000 0.00000 0.00000 0.00000 0.00000 0.00000 0.00000 0.00000 0.00000 0.00000
0.00000 0.00000 0.00000 0.00000 0.00000 0.00000 0.00000 0.00000 0.00000 0.00000 0.00000 0.00000 0.00000 0.00000 0.00000 0.00292 0.00918 0.01522 0.02033 0.02800 0.03535 0.04045 0.04623 0.05594 0.06332 0.06419 0.06412 0.06832 0.06873 0.06744 0.06705 0.06923 0.07118 0.07150 0.06996 0.06707 0.06270 0.05589 0.04698 0.04008 0.03429 0.02690 0.01849 0.01127 0.00392 0.00021 0.00060 0.00101 0.00148 0.00191 0.00228 0.00272 0.00324 0.00367 0.00403 0.00409 0.00371 0.00328 0.00273 0.00234 0.00194 0.00147 0.00103 0.00063 0.00021 0.00020 0.00060 0.00099 0.00140 0.00181
0.00000 0.00000 0.00000 0.00000 0.00000 0.00000 0.00000 0.00000 0.00000 0.00000 0.00000 0.00000 0.00000 0.00000 0.00000 0.00267 0.00787 0.01292 0.01886 0.02535 0.02969 0.03510 0.04308 0.04972 0.05288 0.05584 0.05981 0.06040 0.05833 0.05842 0.06086 0.06215 0.06204 0.06124 0.06182 0.06123 0.05550 0.04766 0.04136 0.03690 0.03050 0.02284 0.01637 0.01039 0.00349 0.00059 0.00178 0.00311 0.00438 0.00551 0.00679 0.00821 0.00967 0.01074 0.01186 0.01214 0.01103 0.00956 0.00817 0.00689 0.00574 0.00445 0.00302 0.00182 0.00063 0.00061 0.00176 0.00290 0.00413 0.00522
0.00000 0.00000 0.00000 0.00000 0.00000 0.00000 0.00000 0.00000 0.00000 0.00000 0.00000 0.00000 0.00000 0.00000 0.00000 0.00228 0.00650 0.01136 0.01673 0.02111 0.02538 0.03169 0.03705 0.04075 0.04580 0.05117 0.05138 0.05018 0.05021 0.05275 0.05311 0.05316 0.05291 0.05355 0.05528 0.05336 0.04674 0.04131 0.03740 0.03208 0.02542 0.01991 0.01488 0.00901 0.00289 0.00098 0.00305 0.00513 0.00696 0.00903 0.01146 0.01372 0.01532 0.01753 0.02009 0.02007 0.01764 0.01574 0.01365 0.01144 0.00917 0.00727 0.00521 0.00300 0.00098 0.00100 0.00303 0.00489 0.00674 0.00850
0.00000 0.00000 0.00000 0.00000 0.00000 0.00000 0.00000 0.00000 0.00000 0.00000 0.00000 0.00000 0.00000 0.00000 0.00000 0.00185 0.00571 0.01011 0.01371 0.01769 0.02239 0.02742 0.03025 0.03474 0.04119 0.04381 0.04215 0.04249 0.04496 0.04503 0.04454 0.04497 0.04574 0.04658 0.04733 0.04461 0.03978 0.03652 0.03222 0.02660 0.02171 0.01775 0.01279 0.00742 0.00249 0.00140 0.00422 0.00685 0.00967 0.01290 0.01584 0.01833 0.02128 0.02470 0.02798 0.02735 0.02465 0.02187 0.01872 0.01589 0.01278 0.00988 0.00728 0.00430 0.00136 0.00135 0.00419 0.00692 0.00927 0.01158
0.00000 0.00000 0.00000 0.00000 0.00000 0.00000 0.00000 0.00000 0.00000 0.00000 0.00000 0.00000 0.00000 0.00000 0.00000 0.00154 0.00489 0.00816 0.01117 0.01488 0.01856 0.02174 0.02531 0.03026 0.03335 0.03468 0.03555 0.03707 0.03643 0.03657 0.03716 0.03785 0.03803 0.03888 0.03882 0.03677 0.03394 0.03067 0.02608 0.02202 0.01872 0.01477 0.01028 0.00620 0.00214 0.00177 0.00518 0.00869 0.01264 0.01637 0.01952 0.02328 0.02778 0.03157 0.03439 0.03477 0.03173 0.02779 0.02355 0.01999 0.01680 0.01269 0.00872 0.00547 0.00182 0.00172 0.00508 0.00863 0.01215 0.01524
0.00000 0.00000 0.00000 0.00000 0.00000 0.00000 0.00000 0.00000 0.00000 0.00000 0.00000 0.00000 0.00000 0.00000 0.00000 0.00131 0.00382 0.00635 0.00914 0.01226 0.01450 0.01747 0.02115 0.02400 0.02601 0.02866 0.02980 0.02919 0.02889 0.03030 0.03058 0.03010 0.03076 0.03130 0.03119 0.03019 0.02772 0.02428 0.02084 0.01835 0.01527 0.01161 0.00827 0.00520 0.00174 0.00208 0.00626 0.01087 0.01527 0.01920 0.02367 0.02884 0.03342 0.03712 0.04177 0.04248 0.03802 0.03367 0.02855 0.02396 0.02026 0.01593 0.01051 0.00629 0.00220 0.00219 0.00611 0.01006 0.01481 0.01978
0.00000 0.00000 0.00000 0.00000 0.00000 0.00000 0.00000 0.00000 0.00000 0.00000 0.00000 0.00000 0.00000 0.00000 0.00000 0.00097 0.00282 0.00488 0.00709 0.00896 0.01117 0.01376 0.01555 0.01761 0.02070 0.02255 0.02133 0.02175 0.02319 0.02321 0.02246 0.02316 0.02370 0.02360 0.02388 0.02344 0.02087 0.01823 0.01632 0.01416 0.01139 0.00883 0.00653 0.00396 0.00130 0.00241 0.00750 0.01259 0.01734 0.02235 0.02824 0.03351 0.03799 0.04325 0.04970 0.04951 0.04370 0.03938 0.03409 0.02765 0.02268 0.01860 0.01305 0.00733 0.00241 0.00255 0.00758 0.01186 0.01643 0.02114
0.00000 0.00000 0.00000 0.00000 0.00000 0.00000 0.00000 0.00000 0.00000 0.00000 0.00000 0.00000 0.00000 0.00000 0.00000 0.00066 0.00205 0.00353 0.00476 0.00634 0.00801 0.00953 0.01073 0.01291 0.01490 0.01503 0.01500 0.01644 0.01640 0.01555 0.01590 0.01689 0.01668 0.01648 0.01704 0.01642 0.01449 0.01311 0.01167 0.00978 0.00793 0.00641 0.00463 0.00273 0.00091 0.00283 0.00855 0.01400 0.01978 0.02618 0.03209 0.03720 0.04340 0.05041 0.05651 0.05587 0.04977 0.04410 0.03919 0.03323 0.02584 0.01979 0.01491 0.00894 0.00274 0.00271 0.00858 0.01444 0.01927 0.02488
0.00000 0.00000 0.00000 0.00000 0.00000 0.00000 0.00000 0.00000 0.00000 0.00000 0.00000 0.00000 0.00000 0.00000 0.00000 0.00040 0.00124 0.00197 0.00281 0.00384 0.00463 0.00538 0.00659 0.00775 0.00818 0.00872 0.00947 0.00954 0.00895 0.00922 0.00977 0.00974 0.00955 0.00992 0.01004 0.00941 0.00863 0.00790 0.00675 0.00565 0.00479 0.00379 0.00268 0.00160 0.00055 0.00315 0.00935 0.01558 0.02247 0.02908 0.03510 0.04155 0.04936 0.05613 0.06190 0.06227 0.05643 0.04914 0.04230 0.03719 0.02992 0.02205 0.01563 0.00996 0.00327 0.00302 0.00896 0.01584 0.02193 0.02664
0.00000 0.00000 0.00000 0.00000 0.00000 0.00000 0.00000 0.00000 0.00000 0.00000 0.00000 0.00000 0.00000 0.00000 0.00000 0.00013 0.00038 0.00066 0.00097 0.00123 0.00145 0.00185 0.00219 0.00239 0.00266 0.00310 0.00311 0.00292 0.00295 0.00321 0.00322 0.00307 0.00316 0.00331 0.00326 0.00310 0.00288 0.00255 0.00217 0.00190 0.00159 0.00123 0.00087 0.00054 0.00018 0.00341 0.01035 0.01763 0.02471 0.03138 0.03894 0.04714 0.05435 0.06065 0.06805 0.06930 0.06301 0.05567 0.04654 0.03909 0.03344 0.02609 0.01725 0.01023 0.00358 0.00357 0.00987 0.01624 0.02413 0.03158
0.00000 0.00000 0.00000 0.00000 0.00000 0.00000 0.00000 0.00000 0.00000 0.00000 0.00000 0.00000 0.00000 0.00000 0.00000 0.00000 0.00000 0.00000 0.00000 0.00000 0.00000 0.00000 0.00000 0.00000 0.00000 0.00000 0.00000 0.00000 0.00000 0.00000 0.00000 0.00000 0.00000 0.00000 0.00000 0.00017 0.00049 0.00081 0.00118 0.00155 0.00187 0.00218 0.00262 0.00301 0.00335 0.00685 0.01390 0.02097 0.02759 0.03451 0.04269 0.04983 0.05567 0.06363 0.07254 0.07186 0.06398 0.05824 0.05084 0.04214 0.03480 0.02940 0.02179 0.01356 0.00677 0.00720 0.01399 0.01914 0.02545 0.03323
0.00000 0.00000 0.00000 0.00000 0.00000 0.00000 0.00000 0.00000 0.00000 0.00000 0.00000 0.00000 0.00000 0.00000 0.00000 0.00000 0.00000 0.00000 0.00000 0.00000 0.00000 0.00000 0.00000 0.00000 0.00000 0.00000 0.00000 0.00000 0.00000 0.00000 0.00000 0.00000 0.00000 0.00000 0.00000 0.00048 0.00142 0.00243 0.00350 0.00450 0.00543 0.00662 0.00774 0.00879 0.00990 0.01356 0.01960 0.02548 0.03232 0.03921 0.04492 0.05016 0.05757 0.06532 0.07187 0.07172 0.06391 0.05789 0.05361 0.04735 0.03832 0.03165 0.02713 0.02068 0.01314 0.01296 0.01952 0.02508 0.02911 0.03326
0.00000 0.00000 0.00000 0.00000 0.00000 0.00000 0.00000 0.00000 0.00000 0.00000 0.00000 0.00000 0.00000 0.00000 0.00000 0.00000 0.00000 0.00000 0.00000 0.00000 0.00000 0.00000 0.00000 0.00000 0.00000 0.00000 0.00000 0.00000 0.00000 0.00000 0.00000 0.00000 0.00000 0.00000 0.00000 0.00077 0.00238 0.00407 0.00562 0.00713 0.00910 0.01096 0.01263 0.01416 0.01623 0.02001 0.02516 0.03037 0.03643 0.04198 0.04636 0.05288 0.06027 0.06452 0.06854 0.07078 0.06599 0.05864 0.05326 0.04957 0.04333 0.03587 0.03016 0.02660 0.02074 0.01899 0.02352 0.03052 0.03554 0.03895
0.00000 0.00000 0.00000 0.00000 0.00000 0.00000 0.00000 0.00000 0.00000 0.00000 0.00000 0.00000 0.00000 0.00000 0.00000 0.00000 0.00000 0.00000 0.00000 0.00000 0.00000 0.00000 0.00000 0.00000 0.00000 0.00000 0.00000 0.00000 0.00000 0.00000 0.00000 0.00000 0.00000 0.00000 0.00000 0.00106 0.00323 0.00550 0.00766 0.01004 0.01236 0.01500 0.01747 0.01969 0.02212 0.02580 0.03139 0.03625 0.03970 0.04378 0.05072 0.05736 0.05976 0.06412 0.06917 0.06950 0.06634 0.06287 0.05470 0.04949 0.04719 0.04260 0.03496 0.02998 0.02690 0.02643 0.02830 0.03164 0.03633 0.03867
0.00000 0.00000 0.00000 0.00000 0.00000 0.00000 0.00000 0.00000 0.00000 0.00000 0.00000 0.00000 0.00000 0.00000 0.00000 0.00000 0.00000 0.00000 0.00000 0.00000 0.00000 0.00000 0.00000 0.00000 0.00000 0.00000 0.00000 0.00000 0.00000 0.00000 0.00000 0.00000 0.00000 0.00000 0.00000 0.00135 0.00403 0.00697 0.00990 0.01266 0.01573 0.01871 0.02171 0.02524 0.02880 0.03186 0.03561 0.03999 0.04365 0.04839 0.05312 0.05604 0.05974 0.06538 0.06982 0.06820 0.06552 0.06240 0.05782 0.05202 0.04791 0.04640 0.04179 0.03521 0.03103 0.03301 0.03637 0.03643 0.03977 0.04524
0.00000 0.00000 0.00000 0.00000 0.00000 0.00000 0.00000 0.00000 0.00000 0.00000 0.00000 0.00000 0.00000 0.00000 0.00000 0.00000 0.00000 0.00000 0.00000 0.00000 0.00000 0.00000 0.00000 0.00000 0.00000 0.00000 0.00000 0.00000 0.00000 0.00000 0.00000 0.00000 0.00000 0.00000 0.00000 0.00161 0.00516 0.00829 0.01146 0.01551 0.01998 0.02206 0.02557 0.03069 0.03539 0.03725 0.04011 0.04260 0.04977 0.05403 0.05338 0.05670 0.06229 0.06584 0.06843 0.06994 0.06484 0.06122 0.06015 0.05734 0.05096 0.04692 0.04648 0.04267 0.03655 0.03568 0.03984 0.04096 0.04084 0.04080
0.00000 0.00000 0.00000 0.00000 0.00000 0.00000 0.00000 0.00000 0.00000 0.00000 0.00000 0.00000 0.00000 0.00000 0.00000 0.00000 0.00000 0.00000 0.00000 0.00000 0.00000 0.00000 0.00000 0.00000 0.00000 0.00000 0.00000 0.00000 0.00000 0.00000 0.00000 0.00000 0.00000 0.00000 0.00000 0.00198 0.00584 0.00931 0.01346 0.01871 0.02183 0.02572 0.03147 0.03557 0.03776 0.04278 0.04722 0.04953 0.05149 0.05297 0.05654 0.06111 0.06260 0.06333 0.06784 0.06865 0.06557 0.06178 0.06012 0.05921 0.05582 0.05083 0.04779 0.04842 0.04519 0.04149 0.04277 0.04762 0.04966 0.05062
0.00000 0.00000 0.00000 0.00000 0.00000 0.00000 0.00000 0.00000 0.00000 0.00000 0.00000 0.00000 0.00000 0.00000 0.00000 0.00000 0.00000 0.00000 0.00000 0.00000 0.00000 0.00000 0.00000 0.00000 0.00000 0.00000 0.00000 0.00000 0.00000 0.00000 0.00000 0.00000 0.00000 0.00000 0.00000 0.00215 0.00622 0.01085 0.01623 0.01984 0.02398 0.03105 0.03644 0.03829 0.04321 0.04875 0.05313 0.05397 0.05261 0.05488 0.06112 0.06237 0.06168 0.06482 0.06705 0.06702 0.06604 0.06519 0.06095 0.05880 0.05937 0.05729 0.05196 0.04934 0.05007 0.04827 0.04608 0.04568 0.04730 0.04499
0.00000 0.00000 0.00000 0.00000 0.00000 0.00000 0.00000 0.00000 0.00000 0.00000 0.00000 0.00000 0.00000 0.00000 0.00000 0.00000 0.00000 0.00000 0.00000 0.00000 0.00000 0.00000 0.00000 0.00000 0.00000 0.00000 0.00000 0.00000 0.00000 0.00000 0.00000 0.00000 0.00000 0.00000 0.00000 0.00226 0.00684 0.01276 0.01726 0.02181 0.02817 0.03430 0.03717 0.04351 0.05147 0.05525 0.05382 0.05522 0.05826 0.06112 0.06146 0.06055 0.06328 0.06617 0.06667 0.06505 0.06524 0.06547 0.06375 0.06065 0.05928 0.06108 0.05915 0.05433 0.05215 0.05549 0.05598 0.05287 0.05300 0.05469
0.00000 0.00000 0.00000 0.00000 0.00000 0.00000 0.00000 0.00000 0.00000 0.00000 0.00000 0.00000 0.00000 0.00000 0.00000 0.00000 0.00000 0.00000 0.00000 0.00000 0.00000 0.00000 0.00000 0.00000 0.00000 0.00000 0.00000 0.00000 0.00000 0.00000 0.00000 0.00000 0.00000 0.00000 0.00000 0.00258 0.00815 0.01297 0.01829 0.02544 0.03179 0.03483 0.04084 0.05029 0.05753 0.05806 0.05706 0.05909 0.06359 0.06361 0.06079 0.06196 0.06523 0.06559 0.06543 0.06637 0.06501 0.06494 0.06573 0.06554 0.06188 0.06087 0.06329 0.06110 0.05694 0.05501 0.05679 0.05360 0.05013 0.04649
0.00000 0.00000 0.00000 0.00000 0.00000 0.00000 0.00000 0.00000 0.00000 0.00000 0.00000 0.00000 0.00000 0.00000 0.00000 0.00000 0.00000 0.00000 0.00000 0.00000 0.00000 0.00000 0.00000 0.00000 0.00000 0.00000 0.00000 0.00000 0.00000 0.00000 0.00000 0.00000 0.00000 0.00000 0.00000 0.00279 0.00807 0.01324 0.01980 0.02661 0.03067 0.03648 0.04524 0.05176 0.05464 0.05892 0.06090 0.06255 0.06177 0.05948 0.06068 0.06281 0.06255 0.06063 0.06095 0.06267 0.06311 0.06139 0.06204 0.06411 0.06401 0.06097 0.06022 0.06388 0.06333 0.05894 0.05677 0.05926 0.05927 0.05842
0.00000 0.00000 0.00000 0.00000 0.00000 0.00000 0.00000 0.00000 0.00000 0.00000 0.00000 0.00000 0.00000 0.00000 0.00000 0.00000 0.00000 0.00000 0.00000 0.00000 0.00000 0.00000 0.00000 0.00000 0.00000 0.00000 0.00000 0.00000 0.00000 0.00000 0.00000 0.00000 0.00000 0.00000 0.00000 0.00256 0.00779 0.01411 0.01969 0.02363 0.02990 0.03874 0.04495 0.04781 0.05370 0.05914 0.06115 0.06002 0.05595 0.05581 0.05845 0.05783 0.05544 0.05447 0.05490 0.05542 0.05644 0.05803 0.05691 0.05800 0.06042 0.06055 0.05791 0.05756 0.06073 0.05756 0.05325 0.04958 0.04905 0.04457
0.00000 0.00000 0.00000 0.00000 0.00000 0.00000 0.00000 0.00000 0.00000 0.00000 0.00000 0.00000 0.00000 0.00000 0.00000 0.00000 0.00000 0.00000 0.00000 0.00000 0.00000 0.00000 0.00000 0.00000 0.00000 0.00000 0.00000 0.00000 0.00000 0.00000 0.00000 0.00000 0.00000 0.00000 0.00000 0.00247 0.00806 0.01371 0.01849 0.02376 0.03092 0.03724 0.04161 0.04758 0.05574 0.05919 0.05765 0.05468 0.05398 0.05482 0.05443 0.05126 0.04875 0.05001 0.04925 0.04771 0.04936 0.05208 0.05375 0.05323 0.05446 0.05804 0.05917 0.05686 0.05663 0.05941 0.05791 0.05361 0.05082 0.04932
0.00000 0.00000 0.00000 0.00000 0.00000 0.00000 0.00000 0.00000 0.00000 0.00000 0.00000 0.00000 0.00000 0.00000 0.00000 0.00000 0.00000 0.00000 0.00000 0.00000 0.00000 0.00000 0.00000 0.00000 0.00000 0.00000 0.00000 0.00000 0.00000 0.00000 0.00000 0.00000 0.00000 0.00000 0.00000 0.00264 0.00769 0.01229 0.01820 0.02509 0.03048 0.03422 0.04053 0.04902 0.05623 0.05748 0.05329 0.05265 0.05362 0.05249 0.04814 0.04561 0.04599 0.04441 0.04171 0.04226 0.04379 0.04627 0.04911 0.05148 0.05083 0.05260 0.05676 0.05654 0.05562 0.05320 0.05226 0.04661 0.04260 0.03661
0.00000 0.00000 0.00000 0.00000 0.00000 0.00000 0.00000 0.00000 0.00000 0.00000 0.00000 0.00000 0.00000 0.00000 0.00000 0.00000 0.00000 0.00000 0.00000 0.00000 0.00000 0.00000 0.00000 0.00000 0.00000 0.00000 0.00000 0.00000 0.00000 0.00000 0.00000 0.00000 0.00000 0.00000 0.00000 0.00251 0.00731 0.01241 0.01826 0.02419 0.02949 0.03437 0.04121 0.04780 0.05451 0.05527 0.05251 0.05231 0.05146 0.04746 0.04222 0.04321 0.04249 0.03810 0.03422 0.03599 0.03939 0.04088 0.04354 0.04740 0.05026 0.05021 0.05246 0.05639 0.05869 0.05481 0.05061 0.04860 0.04667 0.04381
0.00000 0.00000 0.00000 0.00000 0.00000 0.00000 0.00000 0.00000 0.00000 0.00000 0.00000 0.00000 0.00000 0.00000 0.00000 0.00000 0.00000 0.00000 0.00000 0.00000 0.00000 0.00000 0.00000 0.00000 0.00000 0.00000 0.00000 0.00000 0.00000 0.00000 0.00000 0.00000 0.00000 0.00000 0.00000 0.00234 0.00747 0.01337 0.01786 0.02205 0.02860 0.03609 0.04191 0.04692 0.05108 0.05398 0.05422 0.05163 0.04607 0.04311 0.04229 0.03984 0.03560 0.03298 0.02955 0.02944 0.03339 0.03755 0.03932 0.04221 0.04711 0.04958 0.05046 0.05206 0.05621 0.05278 0.04794 0.04200 0.03959 0.03392
0.00000 0.00000 0.00000 0.00000 0.00000 0.00000 0.00000 0.00000 0.00000 0.00000 0.00000 0.00000 0.00000 0.00000 0.00000 0.00000 0.00000 0.00000 0.00000 0.00000 0.00000 0.00000 0.00000 0.00000 0.00000 0.00000 0.00000 0.00000 0.00000 0.00000 0.00000 0.00000 0.00000 0.00000 0.00000 0.00241 0.00742 0.01260 0.01792 0.02268 0.02818 0.03459 0.04158 0.04660 0.05087 0.05439 0.05323 0.04912 0.04281 0.04179 0.04012 0.03523 0.02926 0.02775 0.02467 0.02373 0.02761 0.03221 0.03641 0.03909 0.04324 0.04731 0.05083 0.05155 0.05485 0.05434 0.05008 0.04307 0.03841 0.03322
0.00000 0.00000 0.00000 0.00000 0.00000 0.00000 0.00000 0.00000 0.00000 0.00000 0.00000 0.00000 0.00000 0.00000 0.00000 0.00000 0.00000 0.00000 0.00000 0.00000 0.00000 0.00000 0.00000 0.00000 0.00000 0.00000 0.00000 0.00000 0.00000 0.00000 0.00000 0.00000 0.00000 0.00000 0.00000 0.00255 0.00720 0.01163 0.01773 0.02430 0.02850 0.03348 0.03916 0.04696 0.05427 0.05479 0.04876 0.04609 0.04413 0.04003 0.03472 0.03128 0.02698 0.02207 0.01778 0.01836 0.02263 0.02669 0.03220 0.03703 0.04029 0.04357 0.04890 0.05125 0.05372 0.05084 0.04665 0.03888 0.03481 0.02868
0.00000 0.00000 0.00000 0.00000 0.00000 0.00000 0.00000 0.00000 0.00000 0.00000 0.00000 0.00000 0.00000 0.00000 0.00000 0.00000 0.00000 0.00000 0.00000 0.00000 0.00000 0.00000 0.00000 0.00000 0.00000 0.00000 0.00000 0.00000 0.00000 0.00000 0.00000 0.00000 0.00000 0.00000 0.00000 0.00239 0.00743 0.01219 0.01706 0.02294 0.02959 0.03448 0.03843 0.04582 0.05386 0.05581 0.04829 0.04544 0.04273 0.03778 0.03132 0.02764 0.02324 0.01731 0.01199 0.01228 0.01760 0.02265 0.02825 0.03338 0.03821 0.04180 0.04750 0.05143 0.05506 0.05108 0.04673 0.03952 0.03467 0.02715
0.00000 0.00000 0.00000 0.00000 0.00000 0.00000 0.00000 0.00000 0.00000 0.00000 0.00000 0.00000 0.00000 0.00000 0.00000 0.00000 0.00000 0.00000 0.00000 0.00000 0.00000 0.00000 0.00000 0.00000 0.00000 0.00000 0.00000 0.00000 0.00000 0.00000 0.00000 0.00000 0.00000 0.00000 0.00000 0.00227 0.00743 0.01333 0.01716 0.02215 0.02851 0.03584 0.04078 0.04623 0.05110 0.05449 0.05084 0.04499 0.03877 0.03462 0.02951 0.02380 0.01774 0.01233 0.00619 0.00606 0.01228 0.01861 0.02428 0.02932 0.03576 0.04092 0.04557 0.04871 0.05403 0.05053 0.04463 0.03625 0.03141 0.02422
0.00000 0.00000 0.00000 0.00000 0.00000 0.00000 0.00000 0.00000 0.00000 0.00000 0.00000 0.00000 0.00000 0.00000 0.00000 0.00000 0.00000 0.00000 0.00000 0.00000 0.00000 0.00000 0.00000 0.00000 0.00000 0.00000 0.00000 0.00000 0.00000 0.00000 0.00000 0.00000 0.00000 0.00000 0.00000 0.00245 0.00718 0.01260 0.01861 0.02325 0.02751 0.03427 0.04233 0.04887 0.05132 0.05393 0.05173 0.04730 0.03962 0.03538 0.03035 0.02452 0.01835 0.01254 0.00621 0.00622 0.01263 0.01877 0.02422 0.02974 0.03655 0.04152 0.04598 0.04896 0.05579 0.05250 0.04572 0.03632 0.03289 0.02443
0.00000 0.00000 0.00000 0.00000 0.00000 0.00000 0.00000 0.00000 0.00000 0.00000 0.00000 0.00000 0.00000 0.00000 0.00000 0.00000 0.00000 0.00000 0.00000 0.00000 0.00000 0.00000 0.00000 0.00000 0.00000 0.00000 0.00000 0.00000 0.00000 0.00000 0.00000 0.00000 0.00000 0.00000 0.00000 0.00257 0.00733 0.01223 0.01842 0.02494 0.02825 0.03455 0.04025 0.04962 0.05495 0.05524 0.05036 0.04827 0.04343 0.03885 0.03301 0.02873 0.02367 0.01799 0.01246 0.01281 0.01830 0.02308 0.02884 0.03439 0.03941 0.04268 0.04800 0.05131 0.05529 0.05074 0.04574 0.03722 0.03346 0.02583
0.00000 0.00000 0.00000 0.00000 0.00000 0.00000 0.00000 0.00000 0.00000 0.00000 0.00000 0.00000 0.00000 0.00000 0.00000 0.00000 0.00000 0.00000 0.00000 0.00000 0.00000 0.00000 0.00000 0.00000 0.00000 0.00000 0.00000 0.00000 0.00000 0.00000 0.00000 0.00000 0.00000 0.00000 0.00000 0.00259 0.00781 0.01275 0.01778 0.02446 0.03064 0.03583 0.04012 0.04839 0.05751 0.05944 0.05214 0.05029 0.04776 0.04383 0.03757 0.03391 0.02828 0.02422 0.01985 0.01954 0.02287 0.02817 0.03440 0.03857 0.04166 0.04498 0.05168 0.05380 0.05610 0.05167 0.04962 0.03976 0.03671 0.02687
0.00000 0.00000 0.00000 0.00000 0.00000 0.00000 0.00000 0.00000 0.00000 0.00000 0.00000 0.00000 0.00000 0.00000 0.00000 0.00000 0.00000 0.00000 0.00000 0.00000 0.00000 0.00000 0.00000 0.00000 0.00000 0.00000 0.00000 0.00000 0.00000 0.00000 0.00000 0.00000 0.00000 0.00000 0.00000 0.00251 0.00809 0.01348 0.01782 0.02392 0.03097 0.03779 0.04100 0.04885 0.05575 0.06146 0.05435 0.05282 0.04893 0.04671 0.04160 0.03888 0.03328 0.03016 0.02654 0.02525 0.02916 0.03447 0.03905 0.04156 0.04501 0.04867 0.05299 0.05356 0.05639 0.05309 0.04989 0.03997 0.03765 0.02900
0.00000 0.00000 0.00000 0.00000 0.00000 0.00000 0.00000 0.00000 0.00000 0.00000 0.00000 0.00000 0.00000 0.00000 0.00000 0.00000 0.00000 0.00000 0.00000 0.00000 0.00000 0.00000 0.00000 0.00000 0.00000 0.00000 0.00000 0.00000 0.00000 0.00000 0.00000 0.00000 0.00000 0.00000 0.00000 0.00247 0.00812 0.01381 0.01822 0.02394 0.03110 0.03789 0.04245 0.05005 0.05588 0.06254 0.05808 0.05661 0.05100 0.05071 0.04671 0.04506 0.03968 0.03696 0.03223 0.03198 0.03721 0.04021 0.04225 0.04499 0.05014 0.05212 0.05418 0.05515 0.05990 0.05569 0.05263 0.04166 0.04200 0.03086
