0.04771 0.04836 0.05092 0.05217 0.05599 0.05282 0.05041 0.04721 0.04631 0.04234 0.04114 0.03712 0.03687 0.03366 0.03371 0.02789 0.02755 0.02336 0.02234 0.01689 0.01523 0.01156 0.00901 0.00501 0.00176 0.00000 0.00000 0.00000 0.00000 0.00000 0.00000 0.00000 0.00000 0.00000 0.00000 0.00219 0.00606 0.01057 0.01529 0.01979 0.02235 0.02674 0.03168 0.03637 0.03955 0.04139 0.04905 0.05017 0.05679 0.05530 0.06458 0.06622 0.07237 0.07495 0.08201 0.08123 0.07519 0.07388 0.06985 0.06386 0.06063 0.05780 0.05126 0.04680 0.04043 0.03911 0.03303 0.03043 0.02349 0.02329 0.01731 0.01493 0.00931 0.00629 0.00198 0.00214 0.00597 0.01056 0.01439 0.01970
0.05290 0.05220 0.05542 0.05571 0.05862 0.05442 0.05565 0.05217 0.05036 0.04652 0.04783 0.04486 0.04260 0.04000 0.04137 0.03701 0.03332 0.02899 0.02750 0.02224 0.01825 0.01426 0.01092 0.00640 0.00216 0.00000 0.00000 0.00000 0.00000 0.00000 0.00000 0.00000 0.00000 0.00000 0.00000 0.00257 0.00744 0.01262 0.01786 0.02334 0.02790 0.03273 0.03801 0.04418 0.04914 0.05060 0.05659 0.05853 0.06250 0.06244 0.07062 0.07093 0.07449 0.07732 0.08449 0.08263 0.07439 0.07051 0.06745 0.06296 0.05525 0.04998 0.04491 0.04066 0.03300 0.02956 0.02603 0.02423 0.01912 0.01786 0.01406 0.01167 0.00761 0.00493 0.00162 0.00169 0.00484 0.00837 0.01185 0.01582
0.05595 0.05527 0.05835 0.05723 0.05804 0.05549 0.05840 0.05442 0.05208 0.04913 0.05215 0.04965 0.04760 0.04487 0.04775 0.04411 0.03907 0.03349 0.03208 0.02672 0.02133 0.01629 0.01264 0.00765 0.00259 0.00000 0.00000 0.00000 0.00000 0.00000 0.00000 0.00000 0.00000 0.00000 0.00000 0.00289 0.00903 0.01518 0.02023 0.02612 0.03362 0.03947 0.04310 0.04950 0.05774 0.06275 0.06299 0.06324 0.06766 0.07021 0.07493 0.07312 0.07679 0.07967 0.08443 0.08248 0.07470 0.06800 0.06507 0.05961 0.05075 0.04370 0.03849 0.03346 0.02545 0.02050 0.01806 0.01758 0.01452 0.01262 0.00960 0.00824 0.00564 0.00359 0.00112 0.00118 0.00342 0.00607 0.00833 0.01104
0.06065 0.06016 0.06195 0.05830 0.06056 0.06092 0.06107 0.05644 0.05822 0.05692 0.05624 0.05466 0.05665 0.05432 0.05344 0.05126 0.04819 0.04083 0.03564 0.03111 0.02642 0.01948 0.01423 0.00889 0.00305 0.00000 0.00000 0.00000 0.00000 0.00000 0.00000 0.00000 0.00000 0.00000 0.00000 0.00319 0.01053 0.01743 0.02328 0.02995 0.03821 0.04627 0.05089 0.05733 0.06598 0.07256 0.07151 0.07051 0.07529 0.07657 0.07766 0.07764 0.08235 0.08318 0.08375 0.08125 0.07610 0.06889 0.06041 0.05368 0.04692 0.03938 0.03153 0.02497 0.01719 0.01264 0.01096 0.01040 0.00886 0.00767 0.00584 0.00494 0.00352 0.00218 0.00068 0.00070 0.00218 0.00373 0.00507 0.00664
0.06873 0.06555 0.06492 0.06260 0.06593 0.06327 0.06020 0.05828 0.06339 0.06176 0.05812 0.05719 0.06311 0.06255 0.05895 0.05576 0.05529 0.04864 0.03979 0.03372 0.03030 0.02364 0.01597 0.00960 0.00335 0.00000 0.00000 0.00000 0.00000 0.00000 0.00000 0.00000 0.00000 0.00000 0.00000 0.00378 0.01120 0.01896 0.02721 0.03478 0.04157 0.04955 0.05921 0.06734 0.07272 0.07692 0.07945 0.08183 0.08201 0.07956 0.08103 0.08277 0.08635 0.08450 0.08358 0.08121 0.07599 0.06835 0.05638 0.04865 0.04273 0.03456 0.02507 0.01643 0.00862 0.00435 0.00385 0.00333 0.00283 0.00257 0.00205 0.00164 0.00112 0.00070 0.00023 0.00024 0.00071 0.00120 0.00165 0.00219
0.06543 0.06234 0.06279 0.06542 0.06667 0.06119 0.06184 0.06326 0.06389 0.06132 0.06256 0.06185 0.06194 0.06274 0.06386 0.05905 0.05313 0.04899 0.04290 0.03507 0.02911 0.02402 0.01712 0.00975 0.00334 0.00000 0.00000 0.00000 0.00000 0.00000 0.00000 0.00000 0.00000 0.00000 0.00000 0.00396 0.01108 0.01834 0.02833 0.03654 0.04203 0.04972 0.05974 0.07029 0.07445 0.07728 0.07997 0.08235 0.08238 0.08072 0.08264 0.08403 0.08505 0.08464 0.08605 0.08265 0.07459 0.06648 0.05861 0.04975 0.04183 0.03420 0.02568 0.01663 0.00850 0.00436 0.00386 0.00332 0.00280 0.00258 0.00209 0.00164 0.00111 0.00071 0.00024 0.00025 0.00070 0.00117 0.00169 0.00224
0.06854 0.06703 0.06830 0.06623 0.06463 0.06349 0.06618 0.06367 0.05805 0.05695 0.06163 0.06046 0.05517 0.05454 0.05956 0.05648 0.04677 0.04167 0.04015 0.03403 0.02588 0.02014 0.01564 0.00959 0.00308 0.00000 0.00000 0.00000 0.00000 0.00000 0.00000 0.00000 0.00000 0.00000 0.00000 0.00342 0.01027 0.01737 0.02438 0.03136 0.03879 0.04580 0.05234 0.05973 0.06840 0.07319 0.07376 0.07378 0.07608 0.07879 0.08146 0.08083 0.08126 0.08395 0.08885 0.08438 0.07378 0.06829 0.06312 0.05557 0.04554 0.03841 0.03264 0.02508 0.01714 0.01245 0.01135 0.01036 0.00893 0.00746 0.00603 0.00489 0.00343 0.00212 0.00069 0.00070 0.00207 0.00361 0.00506 0.00655
0.06074 0.06312 0.06476 0.06130 0.06271 0.06656 0.06556 0.05982 0.05859 0.05808 0.05740 0.05548 0.05412 0.05198 0.05087 0.04917 0.04408 0.03801 0.03342 0.02989 0.02408 0.01811 0.01327 0.00849 0.00281 0.00000 0.00000 0.00000 0.00000 0.00000 0.00000 0.00000 0.00000 0.00000 0.00000 0.00291 0.00954 0.01592 0.02097 0.02674 0.03534 0.04231 0.04633 0.05186 0.05988 0.06609 0.06746 0.06790 0.07026 0.07382 0.07818 0.07832 0.07980 0.08319 0.08692 0.08402 0.07714 0.07064 0.06494 0.05894 0.05210 0.04414 0.03835 0.03303 0.02605 0.02046 0.01843 0.01742 0.01498 0.01231 0.00986 0.00827 0.00593 0.00355 0.00114 0.00118 0.00364 0.00621 0.00840 0.01066
0.06293 0.06308 0.06481 0.06604 0.06908 0.06730 0.06033 0.05864 0.05946 0.05729 0.04992 0.04828 0.05142 0.04939 0.04289 0.04016 0.04010 0.03595 0.02831 0.02415 0.02205 0.01707 0.01150 0.00683 0.00244 0.00000 0.00000 0.00000 0.00000 0.00000 0.00000 0.00000 0.00000 0.00000 0.00000 0.00266 0.00805 0.01322 0.01847 0.02438 0.03002 0.03530 0.04077 0.04637 0.05223 0.05636 0.05952 0.06311 0.06714 0.06913 0.07128 0.07545 0.08099 0.08273 0.08344 0.08391 0.08108 0.07445 0.06562 0.06148 0.05812 0.05161 0.04447 0.03896 0.03435 0.03021 0.02684 0.02322 0.02034 0.01772 0.01446 0.01119 0.00794 0.00486 0.00160 0.00165 0.00494 0.00821 0.01139 0.01489
0.05429 0.05644 0.05943 0.06505 0.06800 0.06319 0.06004 0.05973 0.05748 0.05280 0.04945 0.04694 0.04482 0.04224 0.03887 0.03532 0.03220 0.02932 0.02505 0.02090 0.01759 0.01431 0.01002 0.00586 0.00199 0.00000 0.00000 0.00000 0.00000 0.00000 0.00000 0.00000 0.00000 0.00000 0.00000 0.00232 0.00655 0.01083 0.01627 0.02110 0.02478 0.02901 0.03469 0.04015 0.04411 0.04784 0.05153 0.05628 0.06239 0.06474 0.06682 0.07207 0.07905 0.08135 0.08381 0.08412 0.08102 0.07626 0.07066 0.06513 0.06112 0.05779 0.05253 0.04583 0.04154 0.03927 0.03486 0.02951 0.02540 0.02311 0.01899 0.01421 0.00998 0.00637 0.00215 0.00214 0.00626 0.01050 0.01494 0.01970
0.05874 0.06106 0.06309 0.06487 0.06618 0.06616 0.06353 0.05942 0.05093 0.04821 0.04865 0.04488 0.03742 0.03451 0.03422 0.03089 0.02541 0.02269 0.02180 0.01853 0.01397 0.01089 0.00861 0.00515 0.00166 0.00000 0.00000 0.00000 0.00000 0.00000 0.00000 0.00000 0.00000 0.00000 0.00000 0.00182 0.00543 0.00935 0.01322 0.01666 0.02031 0.02431 0.02873 0.03252 0.03570 0.04016 0.04601 0.05058 0.05422 0.05928 0.06592 0.07038 0.07330 0.07889 0.08601 0.08578 0.07922 0.07723 0.07530 0.07046 0.06446 0.06169 0.05941 0.05509 0.05047 0.04578 0.04163 0.03742 0.03243 0.02694 0.02209 0.01759 0.01256 0.00761 0.00252 0.00253 0.00750 0.01285 0.01824 0.02346
0.05029 0.05438 0.05871 0.06032 0.06489 0.06694 0.06230 0.05531 0.05042 0.04773 0.04395 0.03896 0.03425 0.03020 0.02643 0.02321 0.02032 0.01810 0.01620 0.01393 0.01111 0.00868 0.00638 0.00392 0.00130 0.00000 0.00000 0.00000 0.00000 0.00000 0.00000 0.00000 0.00000 0.00000 0.00000 0.00137 0.00426 0.00732 0.01005 0.01266 0.01585 0.01921 0.02197 0.02463 0.02778 0.03230 0.03828 0.04364 0.04815 0.05439 0.06225 0.06691 0.07054 0.07709 0.08535 0.08605 0.08149 0.07849 0.07685 0.07456 0.07104 0.06666 0.06425 0.06328 0.05945 0.05350 0.04775 0.04469 0.03859 0.03127 0.02533 0.02125 0.01526 0.00882 0.00292 0.00303 0.00928 0.01552 0.02144 0.02719
0.05002 0.05426 0.05945 0.06410 0.06887 0.06714 0.05851 0.05404 0.05154 0.04592 0.03747 0.03354 0.03060 0.02547 0.01875 0.01577 0.01556 0.01379 0.01098 0.00943 0.00845 0.00660 0.00441 0.00264 0.00095 0.00000 0.00000 0.00000 0.00000 0.00000 0.00000 0.00000 0.00000 0.00000 0.00000 0.00100 0.00307 0.00508 0.00706 0.00920 0.01155 0.01360 0.01541 0.01760 0.02029 0.02458 0.03019 0.03669 0.04429 0.05094 0.05572 0.06213 0.07079 0.07763 0.08168 0.08448 0.08433 0.08181 0.07752 0.07693 0.07620 0.07364 0.07009 0.06828 0.06733 0.06357 0.05659 0.04906 0.04297 0.03720 0.03057 0.02357 0.01670 0.01015 0.00339 0.00345 0.01038 0.01705 0.02359 0.03072
0.04322 0.04950 0.05551 0.06200 0.06773 0.06412 0.05840 0.05434 0.04838 0.04118 0.03529 0.03026 0.02492 0.01899 0.01292 0.00972 0.00907 0.00800 0.00666 0.00578 0.00496 0.00384 0.00267 0.00164 0.00056 0.00000 0.00000 0.00000 0.00000 0.00000 0.00000 0.00000 0.00000 0.00000 0.00000 0.00062 0.00184 0.00294 0.00417 0.00562 0.00688 0.00789 0.00920 0.01068 0.01189 0.01599 0.02316 0.03035 0.03811 0.04530 0.05135 0.05901 0.06870 0.07541 0.08045 0.08425 0.08497 0.08389 0.08124 0.07954 0.07966 0.07961 0.07715 0.07477 0.07370 0.07254 0.06400 0.05483 0.04720 0.04270 0.03486 0.02583 0.01835 0.01172 0.00397 0.00383 0.01137 0.01944 0.02768 0.03590
0.04542 0.05138 0.05633 0.06122 0.06619 0.06596 0.06048 0.05258 0.04338 0.03785 0.03334 0.02629 0.01869 0.01283 0.00701 0.00336 0.00283 0.00258 0.00240 0.00202 0.00154 0.00123 0.00094 0.00057 0.00018 0.00000 0.00000 0.00000 0.00000 0.00000 0.00000 0.00000 0.00000 0.00000 0.00000 0.00020 0.00060 0.00100 0.00144 0.00185 0.00221 0.00262 0.00315 0.00358 0.00387 0.00801 0.01644 0.02450 0.03149 0.03957 0.04921 0.05793 0.06395 0.07156 0.08185 0.08656 0.08393 0.08373 0.08494 0.08518 0.08250 0.08222 0.08370 0.08481 0.08248 0.07682 0.07009 0.06331 0.05468 0.04536 0.03718 0.02962 0.02124 0.01281 0.00423 0.00421 0.01262 0.02148 0.03048 0.03883
0.03846 0.04443 0.05082 0.05611 0.06269 0.06377 0.05637 0.04744 0.04111 0.03577 0.02931 0.02226 0.01580 0.00967 0.00333 0.00017 0.00051 0.00086 0.00127 0.00163 0.00189 0.00231 0.00281 0.00309 0.00341 0.00375 0.00375 0.00366 0.00376 0.00389 0.00385 0.00376 0.00382 0.00400 0.00401 0.00366 0.00329 0.00307 0.00267 0.00217 0.00179 0.00145 0.00103 0.00061 0.00021 0.00395 0.01177 0.01966 0.02768 0.03554 0.04404 0.05211 0.05944 0.06738 0.07705 0.08136 0.08011 0.08097 0.08341 0.08381 0.08235 0.08302 0.08517 0.08685 0.08540 0.08007 0.07191 0.06704 0.05705 0.04645 0.03765 0.03157 0.02278 0.01293 0.00429 0.00453 0.01388 0.02247 0.03117 0.03982
0.03562 0.04104 0.04745 0.05290 0.05802 0.05633 0.04857 0.04294 0.03850 0.03182 0.02472 0.01982 0.01486 0.00873 0.00279 0.00051 0.00161 0.00265 0.00355 0.00471 0.00604 0.00718 0.00795 0.00893 0.01042 0.01145 0.01123 0.01083 0.01113 0.01176 0.01154 0.01119 0.01155 0.01197 0.01168 0.01098 0.01017 0.00907 0.00769 0.00650 0.00553 0.00432 0.00300 0.00181 0.00062 0.00354 0.01031 0.01734 0.02509 0.03223 0.03839 0.04535 0.05385 0.06154 0.06719 0.07082 0.07384 0.07654 0.07553 0.07609 0.07942 0.08361 0.08130 0.08050 0.08488 0.08359 0.07337 0.06271 0.05538 0.04838 0.03941 0.03029 0.02154 0.01306 0.00438 0.00447 0.01336 0.02164 0.03007 0.03916
0.02957 0.03523 0.04080 0.04641 0.05077 0.04846 0.04340 0.03914 0.03339 0.02723 0.02236 0.01780 0.01289 0.00763 0.00250 0.00084 0.00266 0.00444 0.00588 0.00767 0.01019 0.01183 0.01290 0.01536 0.01788 0.01799 0.01809 0.01890 0.01887 0.01834 0.01860 0.01952 0.01953 0.01868 0.01881 0.01904 0.01709 0.01440 0.01253 0.01117 0.00916 0.00689 0.00497 0.00307 0.00101 0.00301 0.00920 0.01541 0.02139 0.02768 0.03417 0.03995 0.04648 0.05325 0.05907 0.06274 0.06624 0.06859 0.06891 0.07141 0.07613 0.07797 0.07733 0.07970 0.08325 0.08234 0.07188 0.06177 0.05359 0.04825 0.03942 0.02907 0.02053 0.01326 0.00450 0.00429 0.01278 0.02222 0.03173 0.04061
0.02844 0.03252 0.03611 0.03966 0.04351 0.04308 0.03866 0.03326 0.02764 0.02381 0.02019 0.01525 0.01053 0.00660 0.00229 0.00119 0.00351 0.00607 0.00867 0.01121 0.01347 0.01583 0.01856 0.02225 0.02453 0.02443 0.02508 0.02695 0.02652 0.02518 0.02598 0.02753 0.02693 0.02608 0.02708 0.02635 0.02304 0.02020 0.01814 0.01552 0.01235 0.00955 0.00712 0.00430 0.00138 0.00258 0.00807 0.01339 0.01815 0.02365 0.02988 0.03504 0.03962 0.04482 0.05139 0.05627 0.05779 0.06004 0.06453 0.06935 0.06972 0.07091 0.07655 0.08245 0.08237 0.07650 0.07116 0.06473 0.05536 0.04526 0.03771 0.03017 0.02146 0.01303 0.00430 0.00423 0.01277 0.02213 0.03103 0.03866
0.02288 0.02634 0.02970 0.03283 0.03675 0.03728 0.03231 0.02733 0.02389 0.02066 0.01670 0.01274 0.00909 0.00550 0.00190 0.00157 0.00450 0.00744 0.01135 0.01462 0.01671 0.02030 0.02500 0.02764 0.02987 0.03279 0.03359 0.03254 0.03259 0.03393 0.03424 0.03313 0.03316 0.03489 0.03528 0.03220 0.02875 0.02679 0.02339 0.01903 0.01563 0.01268 0.00905 0.00528 0.00179 0.00223 0.00660 0.01097 0.01564 0.02002 0.02428 0.02913 0.03389 0.03778 0.04243 0.04715 0.05064 0.05381 0.05871 0.06262 0.06494 0.06839 0.07404 0.07900 0.08029 0.07649 0.06950 0.06409 0.05458 0.04456 0.03610 0.03020 0.02166 0.01242 0.00413 0.00437 0.01328 0.02148 0.02995 0.03898
0.01879 0.02174 0.02525 0.02815 0.03058 0.02975 0.02576 0.02272 0.02006 0.01654 0.01307 0.01051 0.00770 0.00448 0.00148 0.00188 0.00569 0.00945 0.01334 0.01708 0.02077 0.02590 0.02985 0.03232 0.03654 0.04112 0.04101 0.03857 0.03937 0.04211 0.04174 0.03999 0.04105 0.04273 0.04207 0.03931 0.03611 0.03244 0.02764 0.02323 0.01957 0.01541 0.01075 0.00641 0.00222 0.00182 0.00527 0.00891 0.01298 0.01642 0.01961 0.02343 0.02771 0.03122 0.03440 0.03847 0.04363 0.04863 0.05204 0.05608 0.06187 0.06798 0.07056 0.07307 0.07987 0.08039 0.07048 0.05962 0.05315 0.04617 0.03768 0.02895 0.02069 0.01243 0.00419 0.00436 0.01290 0.02062 0.02898 0.03807
0.01405 0.01665 0.01949 0.02193 0.02332 0.02251 0.02033 0.01826 0.01518 0.01252 0.01040 0.00821 0.00586 0.00355 0.00116 0.00209 0.00678 0.01150 0.01514 0.01963 0.02575 0.03043 0.03334 0.03882 0.04501 0.04669 0.04595 0.04724 0.04817 0.04730 0.04697 0.04871 0.04955 0.04833 0.04804 0.04743 0.04309 0.03692 0.03189 0.02799 0.02310 0.01750 0.01254 0.00775 0.00257 0.00137 0.00415 0.00695 0.00966 0.01256 0.01550 0.01805 0.02069 0.02393 0.02695 0.03051 0.03571 0.04154 0.04668 0.05115 0.05727 0.06398 0.06776 0.07150 0.07801 0.07965 0.06967 0.05919 0.05158 0.04584 0.03772 0.02800 0.01994 0.01268 0.00422 0.00412 0.01247 0.02142 0.03048 0.03893
0.01065 0.01229 0.01385 0.01520 0.01673 0.01659 0.01463 0.01266 0.01067 0.00911 0.00749 0.00573 0.00415 0.00251 0.00083 0.00251 0.00776 0.01274 0.01754 0.02381 0.02954 0.03317 0.03809 0.04658 0.05274 0.05160 0.05129 0.05600 0.05618 0.05306 0.05397 0.05748 0.05659 0.05510 0.05619 0.05476 0.04858 0.04251 0.03747 0.03213 0.02605 0.02011 0.01467 0.00891 0.00291 0.00097 0.00301 0.00498 0.00667 0.00883 0.01125 0.01295 0.01473 0.01685 0.01913 0.02306 0.02865 0.03468 0.04138 0.04780 0.05278 0.05803 0.06531 0.07273 0.07789 0.07440 0.06782 0.06138 0.05298 0.04362 0.03594 0.02833 0.02052 0.01260 0.00410 0.00404 0.01223 0.02166 0.02982 0.03666
0.00645 0.00733 0.00805 0.00893 0.01016 0.01014 0.00850 0.00729 0.00652 0.00562 0.00440 0.00338 0.00246 0.00147 0.00050 0.00292 0.00847 0.01386 0.02070 0.02707 0.03143 0.03772 0.04540 0.05164 0.05582 0.05967 0.06141 0.06117 0.06029 0.06163 0.06332 0.06207 0.06104 0.06344 0.06466 0.05994 0.05338 0.04873 0.04272 0.03525 0.02888 0.02315 0.01661 0.00975 0.00326 0.00058 0.00176 0.00294 0.00412 0.00519 0.00638 0.00773 0.00899 0.00997 0.01103 0.01521 0.02222 0.02842 0.03498 0.04263 0.04942 0.05434 0.06188 0.07203 0.07695 0.07304 0.06618 0.06068 0.05341 0.04273 0.03443 0.02846 0.02048 0.01191 0.00402 0.00415 0.01253 0.02049 0.02883 0.03779
0.00205 0.00239 0.00275 0.00308 0.00336 0.00328 0.00287 0.00251 0.00214 0.00180 0.00149 0.00115 0.00078 0.00049 0.00017 0.00314 0.00922 0.01636 0.02367 0.02835 0.03480 0.04430 0.05197 0.05404 0.06001 0.06933 0.07049 0.06544 0.06601 0.07103 0.07107 0.06739 0.06849 0.07182 0.07140 0.06673 0.06019 0.05420 0.04689 0.03941 0.03249 0.02568 0.01828 0.01081 0.00366 0.00020 0.00057 0.00096 0.00140 0.00177 0.00208 0.00253 0.00297 0.00333 0.00367 0.00763 0.01528 0.02263 0.02963 0.03725 0.04515 0.05291 0.06046 0.06632 0.07371 0.07545 0.06765 0.05842 0.05032 0.04325 0.03595 0.02825 0.01959 0.01175 0.00403 0.00418 0.01212 0.01947 0.02765 0.03586
0.00000 0.00000 0.00000 0.00000 0.00000 0.00000 0.00000 0.00000 0.00000 0.00000 0.00000 0.00000 0.00000 0.00000 0.00000 0.00310 0.00946 0.01626 0.02230 0.02851 0.03592 0.04311 0.04853 0.05519 0.06343 0.06736 0.06615 0.06668 0.06855 0.06828 0.06701 0.06867 0.07075 0.06912 0.06826 0.06737 0.06167 0.05344 0.04667 0.04139 0.03491 0.02733 0.02054 0.01418 0.00735 0.00363 0.00323 0.00281 0.00249 0.00218 0.00175 0.00133 0.00095 0.00058 0.00020 0.00367 0.01080 0.01836 0.02616 0.03282 0.03984 0.04911 0.05607 0.05966 0.06871 0.07123 0.06386 0.05402 0.04660 0.04090 0.03421 0.02552 0.01825 0.01130 0.00379 0.00374 0.01134 0.01919 0.02713 0.03497
0.00000 0.00000 0.00000 0.00000 0.00000 0.00000 0.00000 0.00000 0.00000 0.00000 0.00000 0.00000 0.00000 0.00000 0.00000 0.00287 0.00878 0.01369 0.01902 0.02681 0.03310 0.03617 0.04158 0.05169 0.05872 0.05676 0.05705 0.06179 0.06252 0.05861 0.05897 0.06276 0.06298 0.06095 0.06118 0.06053 0.05553 0.04989 0.04458 0.04018 0.03520 0.02951 0.02419 0.01949 0.01415 0.01067 0.00962 0.00869 0.00744 0.00624 0.00516 0.00402 0.00286 0.00173 0.00058 0.00325 0.00964 0.01634 0.02304 0.02933 0.03596 0.04218 0.04821 0.05544 0.06308 0.06142 0.05410 0.04863 0.04276 0.03620 0.02879 0.02237 0.01666 0.01007 0.00325 0.00323 0.01007 0.01696 0.02280 0.02861
0.00000 0.00000 0.00000 0.00000 0.00000 0.00000 0.00000 0.00000 0.00000 0.00000 0.00000 0.00000 0.00000 0.00000 0.00000 0.00244 0.00750 0.01237 0.01729 0.02276 0.02790 0.03282 0.03817 0.04397 0.04889 0.05135 0.05226 0.05264 0.05209 0.05258 0.05396 0.05338 0.05273 0.05418 0.05544 0.05222 0.04834 0.04631 0.04315 0.03827 0.03454 0.03194 0.02845 0.02417 0.02029 0.01782 0.01610 0.01425 0.01225 0.01018 0.00840 0.00665 0.00479 0.00284 0.00093 0.00281 0.00867 0.01433 0.01947 0.02536 0.03169 0.03660 0.04156 0.04848 0.05455 0.05295 0.04697 0.04244 0.03737 0.03076 0.02495 0.01990 0.01440 0.00851 0.00284 0.00289 0.00871 0.01454 0.02060 0.02673
0.00000 0.00000 0.00000 0.00000 0.00000 0.00000 0.00000 0.00000 0.00000 0.00000 0.00000 0.00000 0.00000 0.00000 0.00000 0.00203 0.00611 0.01111 0.01575 0.01873 0.02295 0.02924 0.03440 0.03606 0.04010 0.04594 0.04659 0.04363 0.04359 0.04661 0.04694 0.04518 0.04530 0.04711 0.04723 0.04565 0.04328 0.04190 0.04024 0.03779 0.03506 0.03362 0.03187 0.02905 0.02668 0.02499 0.02260 0.01920 0.01652 0.01447 0.01229 0.00913 0.00650 0.00391 0.00130 0.00245 0.00738 0.01208 0.01690 0.02197 0.02673 0.03134 0.03682 0.04111 0.04496 0.04557 0.04162 0.03621 0.03069 0.02622 0.02202 0.01710 0.01189 0.00715 0.00250 0.00249 0.00717 0.01181 0.01718 0.02169
0.00000 0.00000 0.00000 0.00000 0.00000 0.00000 0.00000 0.00000 0.00000 0.00000 0.00000 0.00000 0.00000 0.00000 0.00000 0.00178 0.00523 0.00894 0.01287 0.01634 0.01978 0.02381 0.02794 0.03148 0.03508 0.03730 0.03758 0.03772 0.03809 0.03795 0.03790 0.03866 0.03935 0.03853 0.03832 0.03930 0.03911 0.03725 0.03651 0.03715 0.03661 0.03496 0.03401 0.03431 0.03386 0.03132 0.02781 0.02486 0.02145 0.01826 0.01508 0.01172 0.00816 0.00492 0.00169 0.00206 0.00597 0.00999 0.01440 0.01852 0.02179 0.02597 0.03068 0.03449 0.03735 0.03800 0.03455 0.02994 0.02557 0.02203 0.01832 0.01395 0.00992 0.00606 0.00205 0.00204 0.00613 0.01025 0.01442 0.01881
0.00000 0.00000 0.00000 0.00000 0.00000 0.00000 0.00000 0.00000 0.00000 0.00000 0.00000 0.00000 0.00000 0.00000 0.00000 0.00149 0.00450 0.00702 0.00978 0.01363 0.01689 0.01874 0.02143 0.02616 0.02980 0.02957 0.02928 0.03134 0.03146 0.03032 0.03044 0.03175 0.03172 0.03132 0.03122 0.03227 0.03325 0.03398 0.03421 0.03532 0.03680 0.03730 0.03740 0.03874 0.04017 0.03755 0.03325 0.03038 0.02702 0.02178 0.01721 0.01401 0.01026 0.00604 0.00201 0.00162 0.00490 0.00827 0.01151 0.01453 0.01796 0.02135 0.02416 0.02725 0.03111 0.03078 0.02688 0.02395 0.02116 0.01772 0.01418 0.01118 0.00825 0.00489 0.00159 0.00161 0.00501 0.00834 0.01134 0.01415
0.00000 0.00000 0.00000 0.00000 0.00000 0.00000 0.00000 0.00000 0.00000 0.00000 0.00000 0.00000 0.00000 0.00000 0.00000 0.00110 0.00347 0.00563 0.00770 0.01015 0.01282 0.01499 0.01701 0.01948 0.02229 0.02359 0.02331 0.02328 0.02362 0.02402 0.02414 0.02375 0.02380 0.02459 0.02482 0.02506 0.02721 0.03049 0.03274 0.03374 0.03591 0.03943 0.04164 0.04283 0.04452 0.04473 0.03982 0.03471 0.03051 0.02609 0.02066 0.01612 0.01188 0.00718 0.00229 0.00124 0.00382 0.00638 0.00863 0.01102 0.01388 0.01646 0.01831 0.02078 0.02366 0.02358 0.02049 0.01844 0.01614 0.01330 0.01088 0.00874 0.00626 0.00366 0.00123 0.00125 0.00381 0.00639 0.00890 0.01146
0.00000 0.00000 0.00000 0.00000 0.00000 0.00000 0.00000 0.00000 0.00000 0.00000 0.00000 0.00000 0.00000 0.00000 0.00000 0.00076 0.00228 0.00408 0.00584 0.00705 0.00852 0.01077 0.01265 0.01366 0.01507 0.01688 0.01698 0.01639 0.01639 0.01715 0.01709 0.01682 0.01683 0.01728 0.01736 0.01906 0.02234 0.02593 0.02994 0.03365 0.03653 0.03988 0.04461 0.04855 0.05066 0.05025 0.04599 0.03948 0.03364 0.02938 0.02451 0.01861 0.01318 0.00790 0.00266 0.00089 0.00267 0.00435 0.00615 0.00803 0.00965 0.01117 0.01314 0.01499 0.01629 0.01616 0.01484 0.01290 0.01094 0.00941 0.00789 0.00600 0.00419 0.00259 0.00089 0.00087 0.00255 0.00433 0.00613 0.00802
0.00000 0.00000 0.00000 0.00000 0.00000 0.00000 0.00000 0.00000 0.00000 0.00000 0.00000 0.00000 0.00000 0.00000 0.00000 0.00047 0.00135 0.00234 0.00344 0.00432 0.00515 0.00620 0.00739 0.00839 0.00915 0.00962 0.00990 0.01009 0.00994 0.00983 0.00995 0.01026 0.01028 0.00996 0.01004 0.01292 0.01787 0.02189 0.02673 0.03290 0.03771 0.04134 0.04590 0.05282 0.05744 0.05567 0.05059 0.04535 0.03805 0.03211 0.02723 0.02130 0.01458 0.00878 0.00300 0.00053 0.00155 0.00256 0.00367 0.00475 0.00566 0.00657 0.00774 0.00884 0.00961 0.00960 0.00864 0.00751 0.00646 0.00575 0.00460 0.00341 0.00250 0.00158 0.00052 0.00050 0.00154 0.00265 0.00374 0.00483
0.00000 0.00000 0.00000 0.00000 0.00000 0.00000 0.00000 0.00000 0.00000 0.00000 0.00000 0.00000 0.00000 0.00000 0.00000 0.00016 0.00048 0.00076 0.00105 0.00145 0.00181 0.00203 0.00232 0.00278 0.00315 0.00319 0.00317 0.00333 0.00333 0.00326 0.00325 0.00336 0.00338 0.00335 0.00333 0.00640 0.01262 0.01892 0.02482 0.03043 0.03752 0.04501 0.04960 0.05365 0.06291 0.06390 0.05513 0.04898 0.04313 0.03596 0.02913 0.02277 0.01641 0.00988 0.00328 0.00017 0.00051 0.00087 0.00120 0.00150 0.00186 0.00224 0.00253 0.00278 0.00318 0.00321 0.00281 0.00244 0.00217 0.00180 0.00146 0.00115 0.00084 0.00049 0.00016 0.00017 0.00051 0.00084 0.00118 0.00156
0.00000 0.00000 0.00000 0.00000 0.00000 0.00000 0.00000 0.00000 0.00000 0.00000 0.00000 0.00000 0.00000 0.00000 0.00000 0.00000 0.00000 0.00000 0.00000 0.00000 0.00000 0.00000 0.00000 0.00000 0.00000 0.00000 0.00000 0.00000 0.00000 0.00000 0.00000 0.00000 0.00000 0.00000 0.00000 0.00327 0.00982 0.01714 0.02406 0.02984 0.03651 0.04487 0.05128 0.05668 0.06527 0.06578 0.05672 0.05008 0.04503 0.03816 0.03000 0.02329 0.01720 0.01035 0.00334 0.00000 0.00000 0.00000 0.00000 0.00000 0.00000 0.00000 0.00000 0.00000 0.00000 0.00000 0.00000 0.00000 0.00000 0.00000 0.00000 0.00000 0.00000 0.00000 0.00000 0.00000 0.00000 0.00000 0.00000 0.00000
0.00000 0.00000 0.00000 0.00000 0.00000 0.00000 0.00000 0.00000 0.00000 0.00000 0.00000 0.00000 0.00000 0.00000 0.00000 0.00000 0.00000 0.00000 0.00000 0.00000 0.00000 0.00000 0.00000 0.00000 0.00000 0.00000 0.00000 0.00000 0.00000 0.00000 0.00000 0.00000 0.00000 0.00000 0.00000 0.00332 0.00985 0.01625 0.02325 0.03079 0.03679 0.04163 0.05015 0.05912 0.06355 0.06195 0.05717 0.05050 0.04330 0.03669 0.03018 0.02348 0.01670 0.00984 0.00332 0.00000 0.00000 0.00000 0.00000 0.00000 0.00000 0.00000 0.00000 0.00000 0.00000 0.00000 0.00000 0.00000 0.00000 0.00000 0.00000 0.00000 0.00000 0.00000 0.00000 0.00000 0.00000 0.00000 0.00000 0.00000
0.00000 0.00000 0.00000 0.00000 0.00000 0.00000 0.00000 0.00000 0.00000 0.00000 0.00000 0.00000 0.00000 0.00000 0.00000 0.00000 0.00000 0.00000 0.00000 0.00000 0.00000 0.00000 0.00000 0.00000 0.00000 0.00000 0.00000 0.00000 0.00000 0.00000 0.00000 0.00000 0.00000 0.00000 0.00000 0.00329 0.01006 0.01616 0.02245 0.03003 0.03665 0.04219 0.04977 0.05712 0.06196 0.06149 0.05744 0.05042 0.04186 0.03549 0.03010 0.02347 0.01617 0.00964 0.00329 0.00000 0.00000 0.00000 0.00000 0.00000 0.00000 0.00000 0.00000 0.00000 0.00000 0.00000 0.00000 0.00000 0.00000 0.00000 0.00000 0.00000 0.00000 0.00000 0.00000 0.00000 0.00000 0.00000 0.00000 0.00000
0.00000 0.00000 0.00000 0.00000 0.00000 0.00000 0.00000 0.00000 0.00000 0.00000 0.00000 0.00000 0.00000 0.00000 0.00000 0.00000 0.00000 0.00000 0.00000 0.00000 0.00000 0.00000 0.00000 0.00000 0.00000 0.00000 0.00000 0.00000 0.00000 0.00000 0.00000 0.00000 0.00000 0.00000 0.00000 0.00317 0.00971 0.01652 0.02272 0.02826 0.03538 0.04356 0.04915 0.05373 0.06135 0.06246 0.05532 0.04860 0.04209 0.03571 0.02913 0.02241 0.01609 0.00976 0.00322 0.00000 0.00000 0.00000 0.00000 0.00000 0.00000 0.00000 0.00000 0.00000 0.00000 0.00000 0.00000 0.00000 0.00000 0.00000 0.00000 0.00000 0.00000 0.00000 0.00000 0.00000 0.00000 0.00000 0.00000 0.00000
0.00000 0.00000 0.00000 0.00000 0.00000 0.00000 0.00000 0.00000 0.00000 0.00000 0.00000 0.00000 0.00000 0.00000 0.00000 0.00000 0.00000 0.00000 0.00000 0.00000 0.00000 0.00000 0.00000 0.00000 0.00000 0.00000 0.00000 0.00000 0.00000 0.00000 0.00000 0.00000 0.00000 0.00000 0.00000 0.00321 0.00926 0.01592 0.02281 0.02864 0.03501 0.04205 0.04776 0.05365 0.06223 0.06181 0.05315 0.04695 0.04243 0.03567 0.02811 0.02178 0.01602 0.00965 0.00314 0.00000 0.00000 0.00000 0.00000 0.00000 0.00000 0.00000 0.00000 0.00000 0.00000 0.00000 0.00000 0.00000 0.00000 0.00000 0.00000 0.00000 0.00000 0.00000 0.00000 0.00000 0.00000 0.00000 0.00000 0.00000
0.00000 0.00000 0.00000 0.00000 0.00000 0.00000 0.00000 0.00000 0.00000 0.00000 0.00000 0.00000 0.00000 0.00000 0.00000 0.00000 0.00000 0.00000 0.00000 0.00000 0.00000 0.00000 0.00000 0.00000 0.00000 0.00000 0.00000 0.00000 0.00000 0.00000 0.00000 0.00000 0.00000 0.00000 0.00000 0.00318 0.00932 0.01527 0.02173 0.02915 0.03521 0.04001 0.04646 0.05441 0.06066 0.05966 0.05289 0.04717 0.04096 0.03435 0.02799 0.02199 0.01560 0.00918 0.00308 0.00000 0.00000 0.00000 0.00000 0.00000 0.00000 0.00000 0.00000 0.00000 0.00000 0.00000 0.00000 0.00000 0.00000 0.00000 0.00000 0.00000 0.00000 0.00000 0.00000 0.00000 0.00000 0.00000 0.00000 0.00000
0.00000 0.00000 0.00000 0.00000 0.00000 0.00000 0.00000 0.00000 0.00000 0.00000 0.00000 0.00000 0.00000 0.00000 0.00000 0.00000 0.00000 0.00000 0.00000 0.00000 0.00000 0.00000 0.00000 0.00000 0.00000 0.00000 0.00000 0.00000 0.00000 0.00000 0.00000 0.00000 0.00000 0.00000 0.00000 0.00298 0.00955 0.01575 0.02124 0.02775 0.03434 0.04034 0.04721 0.05309 0.05788 0.05810 0.05386 0.04696 0.03922 0.03320 0.02809 0.02178 0.01511 0.00896 0.00305 0.00000 0.00000 0.00000 0.00000 0.00000 0.00000 0.00000 0.00000 0.00000 0.00000 0.00000 0.00000 0.00000 0.00000 0.00000 0.00000 0.00000 0.00000 0.00000 0.00000 0.00000 0.00000 0.00000 0.00000 0.00000
0.00000 0.00000 0.00000 0.00000 0.00000 0.00000 0.00000 0.00000 0.00000 0.00000 0.00000 0.00000 0.00000 0.00000 0.00000 0.00000 0.00000 0.00000 0.00000 0.00000 0.00000 0.00000 0.00000 0.00000 0.00000 0.00000 0.00000 0.00000 0.00000 0.00000 0.00000 0.00000 0.00000 0.00000 0.00000 0.00298 0.00905 0.01564 0.02179 0.02667 0.03282 0.04044 0.04689 0.05156 0.05662 0.05794 0.05243 0.04557 0.03891 0.03337 0.02724 0.02083 0.01491 0.00907 0.00298 0.00000 0.00000 0.00000 0.00000 0.00000 0.00000 0.00000 0.00000 0.00000 0.00000 0.00000 0.00000 0.00000 0.00000 0.00000 0.00000 0.00000 0.00000 0.00000 0.00000 0.00000 0.00000 0.00000 0.00000 0.00000
0.00000 0.00000 0.00000 0.00000 0.00000 0.00000 0.00000 0.00000 0.00000 0.00000 0.00000 0.00000 0.00000 0.00000 0.00000 0.00000 0.00000 0.00000 0.00000 0.00000 0.00000 0.00000 0.00000 0.00000 0.00000 0.00000 0.00000 0.00000 0.00000 0.00000 0.00000 0.00000 0.00000 0.00000 0.00000 0.00309 0.00866 0.01464 0.02175 0.02745 0.03288 0.03878 0.04460 0.05108 0.05812 0.05705 0.04963 0.04418 0.03940 0.03298 0.02624 0.02025 0.01481 0.00890 0.00291 0.00000 0.00000 0.00000 0.00000 0.00000 0.00000 0.00000 0.00000 0.00000 0.00000 0.00000 0.00000 0.00000 0.00000 0.00000 0.00000 0.00000 0.00000 0.00000 0.00000 0.00000 0.00000 0.00000 0.00000 0.00000
0.00000 0.00000 0.00000 0.00000 0.00000 0.00000 0.00000 0.00000 0.00000 0.00000 0.00000 0.00000 0.00000 0.00000 0.00000 0.00000 0.00000 0.00000 0.00000 0.00000 0.00000 0.00000 0.00000 0.00000 0.00000 0.00000 0.00000 0.00000 0.00000 0.00000 0.00000 0.00000 0.00000 0.00000 0.00000 0.00300 0.00903 0.01431 0.02020 0.02724 0.03344 0.03799 0.04299 0.05019 0.05735 0.05592 0.04873 0.04391 0.03835 0.03182 0.02585 0.02044 0.01441 0.00846 0.00285 0.00000 0.00000 0.00000 0.00000 0.00000 0.00000 0.00000 0.00000 0.00000 0.00000 0.00000 0.00000 0.00000 0.00000 0.00000 0.00000 0.00000 0.00000 0.00000 0.00000 0.00000 0.00000 0.00000 0.00000 0.00000
0.00000 0.00000 0.00000 0.00000 0.00000 0.00000 0.00000 0.00000 0.00000 0.00000 0.00000 0.00000 0.00000 0.00000 0.00000 0.00000 0.00000 0.00000 0.00000 0.00000 0.00000 0.00000 0.00000 0.00000 0.00000 0.00000 0.00000 0.00000 0.00000 0.00000 0.00000 0.00000 0.00000 0.00000 0.00000 0.00266 0.00864 0.01414 0.01835 0.02441 0.03113 0.03636 0.04183 0.04630 0.05104 0.05208 0.04746 0.04101 0.03473 0.02938 0.02456 0.01902 0.01335 0.00784 0.00266 0.00000 0.00000 0.00000 0.00000 0.00000 0.00000 0.00000 0.00000 0.00000 0.00000 0.00000 0.00000 0.00000 0.00000 0.00000 0.00000 0.00000 0.00000 0.00000 0.00000 0.00000 0.00000 0.00000 0.00000 0.00000
0.00000 0.00000 0.00000 0.00000 0.00000 0.00000 0.00000 0.00000 0.00000 0.00000 0.00000 0.00000 0.00000 0.00000 0.00000 0.00000 0.00000 0.00000 0.00000 0.00000 0.00000 0.00000 0.00000 0.00000 0.00000 0.00000 0.00000 0.00000 0.00000 0.00000 0.00000 0.00000 0.00000 0.00000 0.00000 0.00240 0.00711 0.01233 0.01753 0.02172 0.02587 0.03140 0.03745 0.04136 0.04433 0.04550 0.04186 0.03578 0.03045 0.02636 0.02139 0.01629 0.01169 0.00712 0.00232 0.00000 0.00000 0.00000 0.00000 0.00000 0.00000 0.00000 0.00000 0.00000 0.00000 0.00000 0.00000 0.00000 0.00000 0.00000 0.00000 0.00000 0.00000 0.00000 0.00000 0.00000 0.00000 0.00000 0.00000 0.00000
0.00000 0.00000 0.00000 0.00000 0.00000 0.00000 0.00000 0.00000 0.00000 0.00000 0.00000 0.00000 0.00000 0.00000 0.00000 0.00000 0.00000 0.00000 0.00000 0.00000 0.00000 0.00000 0.00000 0.00000 0.00000 0.00000 0.00000 0.00000 0.00000 0.00000 0.00000 0.00000 0.00000 0.00000 0.00000 0.00216 0.00607 0.01030 0.01531 0.01936 0.02303 0.02675 0.03097 0.03603 0.04068 0.03916 0.03448 0.03085 0.02710 0.02272 0.01831 0.01397 0.01015 0.00612 0.00201 0.00000 0.00000 0.00000 0.00000 0.00000 0.00000 0.00000 0.00000 0.00000 0.00000 0.00000 0.00000 0.00000 0.00000 0.00000 0.00000 0.00000 0.00000 0.00000 0.00000 0.00000 0.00000 0.00000 0.00000 0.00000
0.00000 0.00000 0.00000 0.00000 0.00000 0.00000 0.00000 0.00000 0.00000 0.00000 0.00000 0.00000 0.00000 0.00000 0.00000 0.00000 0.00000 0.00000 0.00000 0.00000 0.00000 0.00000 0.00000 0.00000 0.00000 0.00000 0.00000 0.00000 0.00000 0.00000 0.00000 0.00000 0.00000 0.00000 0.00000 0.00180 0.00558 0.00908 0.01216 0.01603 0.02038 0.02385 0.02578 0.02971 0.03517 0.03393 0.02906 0.02650 0.02322 0.01895 0.01551 0.01229 0.00856 0.00503 0.00171 0.00000 0.00000 0.00000 0.00000 0.00000 0.00000 0.00000 0.00000 0.00000 0.00000 0.00000 0.00000 0.00000 0.00000 0.00000 0.00000 0.00000 0.00000 0.00000 0.00000 0.00000 0.00000 0.00000 0.00000 0.00000
0.00000 0.00000 0.00000 0.00000 0.00000 0.00000 0.00000 0.00000 0.00000 0.00000 0.00000 0.00000 0.00000 0.00000 0.00000 0.00000 0.00000 0.00000 0.00000 0.00000 0.00000 0.00000 0.00000 0.00000 0.00000 0.00000 0.00000 0.00000 0.00000 0.00000 0.00000 0.00000 0.00000 0.00000 0.00000 0.00147 0.00458 0.00765 0.01031 0.01309 0.01633 0.01971 0.02285 0.02453 0.02700 0.02814 0.02544 0.02184 0.01871 0.01561 0.01292 0.01014 0.00716 0.00413 0.00140 0.00000 0.00000 0.00000 0.00000 0.00000 0.00000 0.00000 0.00000 0.00000 0.00000 0.00000 0.00000 0.00000 0.00000 0.00000 0.00000 0.00000 0.00000 0.00000 0.00000 0.00000 0.00000 0.00000 0.00000 0.00000
0.00000 0.00000 0.00000 0.00000 0.00000 0.00000 0.00000 0.00000 0.00000 0.00000 0.00000 0.00000 0.00000 0.00000 0.00000 0.00000 0.00000 0.00000 0.00000 0.00000 0.00000 0.00000 0.00000 0.00000 0.00000 0.00000 0.00000 0.00000 0.00000 0.00000 0.00000 0.00000 0.00000 0.00000 0.00000 0.00123 0.00350 0.00597 0.00873 0.01114 0.01269 0.01519 0.01861 0.02080 0.02151 0.02194 0.02126 0.01752 0.01478 0.01296 0.01040 0.00787 0.00575 0.00347 0.00111 0.00000 0.00000 0.00000 0.00000 0.00000 0.00000 0.00000 0.00000 0.00000 0.00000 0.00000 0.00000 0.00000 0.00000 0.00000 0.00000 0.00000 0.00000 0.00000 0.00000 0.00000 0.00000 0.00000 0.00000 0.00000
0.00000 0.00000 0.00000 0.00000 0.00000 0.00000 0.00000 0.00000 0.00000 0.00000 0.00000 0.00000 0.00000 0.00000 0.00000 0.00000 0.00000 0.00000 0.00000 0.00000 0.00000 0.00000 0.00000 0.00000 0.00000 0.00000 0.00000 0.00000 0.00000 0.00000 0.00000 0.00000 0.00000 0.00000 0.00000 0.00094 0.00275 0.00451 0.00647 0.00843 0.01024 0.01156 0.01331 0.01558 0.01787 0.01680 0.01481 0.01334 0.01152 0.00986 0.00797 0.00594 0.00428 0.00263 0.00086 0.00000 0.00000 0.00000 0.00000 0.00000 0.00000 0.00000 0.00000 0.00000 0.00000 0.00000 0.00000 0.00000 0.00000 0.00000 0.00000 0.00000 0.00000 0.00000 0.00000 0.00000 0.00000 0.00000 0.00000 0.00000
0.00000 0.00000 0.00000 0.00000 0.00000 0.00000 0.00000 0.00000 0.00000 0.00000 0.00000 0.00000 0.00000 0.00000 0.00000 0.00000 0.00000 0.00000 0.00000 0.00000 0.00000 0.00000 0.00000 0.00000 0.00000 0.00000 0.00000 0.00000 0.00000 0.00000 0.00000 0.00000 0.00000 0.00000 0.00000 0.00064 0.00202 0.00333 0.00439 0.00573 0.00733 0.00860 0.00918 0.01047 0.01260 0.01250 0.01005 0.00948 0.00820 0.00670 0.00558 0.00437 0.00299 0.00176 0.00061 0.00000 0.00000 0.00000 0.00000 0.00000 0.00000 0.00000 0.00000 0.00000 0.00000 0.00000 0.00000 0.00000 0.00000 0.00000 0.00000 0.00000 0.00000 0.00000 0.00000 0.00000 0.00000 0.00000 0.00000 0.00000
0.00000 0.00000 0.00000 0.00000 0.00000 0.00000 0.00000 0.00000 0.00000 0.00000 0.00000 0.00000 0.00000 0.00000 0.00000 0.00000 0.00000 0.00000 0.00000 0.00000 0.00000 0.00000 0.00000 0.00000 0.00000 0.00000 0.00000 0.00000 0.00000 0.00000 0.00000 0.00000 0.00000 0.00000 0.00000 0.00038 0.00116 0.00194 0.00268 0.00339 0.00416 0.00494 0.00575 0.00639 0.00696 0.00707 0.00635 0.00562 0.00484 0.00391 0.00319 0.00256 0.00181 0.00103 0.00034 0.00000 0.00000 0.00000 0.00000 0.00000 0.00000 0.00000 0.00000 0.00000 0.00000 0.00000 0.00000 0.00000 0.00000 0.00000 0.00000 0.00000 0.00000 0.00000 0.00000 0.00000 0.00000 0.00000 0.00000 0.00000
0.00000 0.00000 0.00000 0.00000 0.00000 0.00000 0.00000 0.00000 0.00000 0.00000 0.00000 0.00000 0.00000 0.00000 0.00000 0.00000 0.00000 0.00000 0.00000 0.00000 0.00000 0.00000 0.00000 0.00000 0.00000 0.00000 0.00000 0.00000 0.00000 0.00000 0.00000 0.00000 0.00000 0.00000 0.00000 0.00013 0.00037 0.00062 0.00091 0.00116 0.00135 0.00159 0.00192 0.00214 0.00228 0.00230 0.00208 0.00181 0.00157 0.00134 0.00105 0.00080 0.00060 0.00035 0.00011 0.00000 0.00000 0.00000 0.00000 0.00000 0.00000 0.00000 0.00000 0.00000 0.00000 0.00000 0.00000 0.00000 0.00000 0.00000 0.00000 0.00000 0.00000 0.00000 0.00000 0.00000 0.00000 0.00000 0.00000 0.00000
0.00000 0.00000 0.00000 0.00000 0.00000 0.00000 0.00000 0.00000 0.00000 0.00000 0.00000 0.00000 0.00000 0.00000 0.00000 0.00000 0.00000 0.00000 0.00000 0.00000 0.00000 0.00000 0.00000 0.00000 0.00000 0.00000 0.00000 0.00000 0.00000 0.00000 0.00000 0.00000 0.00000 0.00000 0.00000 0.00000 0.00000 0.00000 0.00000 0.00000 0.00000 0.00000 0.00000 0.00000 0.00000 0.00000 0.00000 0.00000 0.00000 0.00000 0.00000 0.00000 0.00000 0.00000 0.00000 0.00000 0.00000 0.00000 0.00000 0.00000 0.00000 0.00000 0.00000 0.00000 0.00000 0.00000 0.00000 0.00000 0.00000 0.00000 0.00000 0.00000 0.00000 0.00000 0.00000 0.00000 0.00000 0.00000 0.00000 0.00000
0.00000 0.00000 0.00000 0.00000 0.00000 0.00000 0.00000 0.00000 0.00000 0.00000 0.00000 0.00000 0.00000 0.00000 0.00000 0.00000 0.00000 0.00000 0.00000 0.00000 0.00000 0.00000 0.00000 0.00000 0.00000 0.00000 0.00000 0.00000 0.00000 0.00000 0.00000 0.00000 0.00000 0.00000 0.00000 0.00000 0.00000 0.00000 0.00000 0.00000 0.00000 0.00000 0.00000 0.00000 0.00000 0.00000 0.00000 0.00000 0.00000 0.00000 0.00000 0.00000 0.00000 0.00000 0.00000 0.00000 0.00000 0.00000 0.00000 0.00000 0.00000 0.00000 0.00000 0.00000 0.00000 0.00000 0.00000 0.00000 0.00000 0.00000 0.00000 0.00000 0.00000 0.00000 0.00000 0.00000 0.00000 0.00000 0.00000 0.00000
0.00000 0.00000 0.00000 0.00000 0.00000 0.00000 0.00000 0.00000 0.00000 0.00000 0.00000 0.00000 0.00000 0.00000 0.00000 0.00000 0.00000 0.00000 0.00000 0.00000 0.00000 0.00000 0.00000 0.00000 0.00000 0.00000 0.00000 0.00000 0.00000 0.00000 0.00000 0.00000 0.00000 0.00000 0.00000 0.00000 0.00000 0.00000 0.00000 0.00000 0.00000 0.00000 0.00000 0.00000 0.00000 0.00000 0.00000 0.00000 0.00000 0.00000 0.00000 0.00000 0.00000 0.00000 0.00000 0.00000 0.00000 0.00000 0.00000 0.00000 0.00000 0.00000 0.00000 0.00000 0.00000 0.00000 0.00000 0.00000 0.00000 0.00000 0.00000 0.00000 0.00000 0.00000 0.00000 0.00000 0.00000 0.00000 0.00000 0.00000
0.00000 0.00000 0.00000 0.00000 0.00000 0.00000 0.00000 0.00000 0.00000 0.00000 0.00000 0.00000 0.00000 0.00000 0.00000 0.00000 0.00000 0.00000 0.00000 0.00000 0.00000 0.00000 0.00000 0.00000 0.00000 0.00000 0.00000 0.00000 0.00000 0.00000 0.00000 0.00000 0.00000 0.00000 0.00000 0.00000 0.00000 0.00000 0.00000 0.00000 0.00000 0.00000 0.00000 0.00000 0.00000 0.00000 0.00000 0.00000 0.00000 0.00000 0.00000 0.00000 0.00000 0.00000 0.00000 0.00000 0.00000 0.00000 0.00000 0.00000 0.00000 0.00000 0.00000 0.00000 0.00000 0.00000 0.00000 0.00000 0.00000 0.00000 0.00000 0.00000 0.00000 0.00000 0.00000 0.00000 0.00000 0.00000 0.00000 0.00000
0.00000 0.00000 0.00000 0.00000 0.00000 0.00000 0.00000 0.00000 0.00000 0.00000 0.00000 0.00000 0.00000 0.00000 0.00000 0.00000 0.00000 0.00000 0.00000 0.00000 0.00000 0.00000 0.00000 0.00000 0.00000 0.00000 0.00000 0.00000 0.00000 0.00000 0.00000 0.00000 0.00000 0.00000 0.00000 0.00000 0.00000 0.00000 0.00000 0.00000 0.00000 0.00000 0.00000 0.00000 0.00000 0.00000 0.00000 0.00000 0.00000 0.00000 0.00000 0.00000 0.00000 0.00000 0.00000 0.00000 0.00000 0.00000 0.00000 0.00000 0.00000 0.00000 0.00000 0.00000 0.00000 0.00000 0.00000 0.00000 0.00000 0.00000 0.00000 0.00000 0.00000 0.00000 0.00000 0.00000 0.00000 0.00000 0.00000 0.00000
0.00000 0.00000 0.00000 0.00000 0.00000 0.00000 0.00000 0.00000 0.00000 0.00000 0.00000 0.00000 0.00000 0.00000 0.00000 0.00000 0.00000 0.00000 0.00000 0.00000 0.00000 0.00000 0.00000 0.00000 0.00000 0.00000 0.00000 0.00000 0.00000 0.00000 0.00000 0.00000 0.00000 0.00000 0.00000 0.00000 0.00000 0.00000 0.00000 0.00000 0.00000 0.00000 0.00000 0.00000 0.00000 0.00000 0.00000 0.00000 0.00000 0.00000 0.00000 0.00000 0.00000 0.00000 0.00000 0.00000 0.00000 0.00000 0.00000 0.00000 0.00000 0.00000 0.00000 0.00000 0.00000 0.00000 0.00000 0.00000 0.00000 0.00000 0.00000 0.00000 0.00000 0.00000 0.00000 0.00000 0.00000 0.00000 0.00000 0.00000
0.00000 0.00000 0.00000 0.00000 0.00000 0.00000 0.00000 0.00000 0.00000 0.00000 0.00000 0.00000 0.00000 0.00000 0.00000 0.00000 0.00000 0.00000 0.00000 0.00000 0.00000 0.00000 0.00000 0.00000 0.00000 0.00000 0.00000 0.00000 0.00000 0.00000 0.00000 0.00000 0.00000 0.00000 0.00000 0.00000 0.00000 0.00000 0.00000 0.00000 0.00000 0.00000 0.00000 0.00000 0.00000 0.00000 0.00000 0.00000 0.00000 0.00000 0.00000 0.00000 0.00000 0.00000 0.00000 0.00000 0.00000 0.00000 0.00000 0.00000 0.00000 0.00000 0.00000 0.00000 0.00000 0.00000 0.00000 0.00000 0.00000 0.00000 0.00000 0.00000 0.00000 0.00000 0.00000 0.00000 0.00000 0.00000 0.00000 0.00000
0.00000 0.00000 0.00000 0.00000 0.00000 0.00000 0.00000 0.00000 0.00000 0.00000 0.00000 0.00000 0.00000 0.00000 0.00000 0.00000 0.00000 0.00000 0.00000 0.00000 0.00000 0.00000 0.00000 0.00000 0.00000 0.00000 0.00000 0.00000 0.00000 0.00000 0.00000 0.00000 0.00000 0.00000 0.00000 0.00000 0.00000 0.00000 0.00000 0.00000 0.00000 0.00000 0.00000 0.00000 0.00000 0.00000 0.00000 0.00000 0.00000 0.00000 0.00000 0.00000 0.00000 0.00000 0.00000 0.00000 0.00000 0.00000 0.00000 0.00000 0.00000 0.00000 0.00000 0.00000 0.00000 0.00000 0.00000 0.00000 0.00000 0.00000 0.00000 0.00000 0.00000 0.00000 0.00000 0.00000 0.00000 0.00000 0.00000 0.00000
0.00000 0.00000 0.00000 0.00000 0.00000 0.00000 0.00000 0.00000 0.00000 0.00000 0.00000 0.00000 0.00000 0.00000 0.00000 0.00000 0.00000 0.00000 0.00000 0.00000 0.00000 0.00000 0.00000 0.00000 0.00000 0.00000 0.00000 0.00000 0.00000 0.00000 0.00000 0.00000 0.00000 0.00000 0.00000 0.00000 0.00000 0.00000 0.00000 0.00000 0.00000 0.00000 0.00000 0.00000 0.00000 0.00000 0.00000 0.00000 0.00000 0.00000 0.00000 0.00000 0.00000 0.00000 0.00000 0.00000 0.00000 0.00000 0.00000 0.00000 0.00000 0.00000 0.00000 0.00000 0.00000 0.00000 0.00000 0.00000 0.00000 0.00000 0.00000 0.00000 0.00000 0.00000 0.00000 0.00000 0.00000 0.00000 0.00000 0.00000
0.00000 0.00000 0.00000 0.00000 0.00000 0.00000 0.00000 0.00000 0.00000 0.00000 0.00000 0.00000 0.00000 0.00000 0.00000 0.00000 0.00000 0.00000 0.00000 0.00000 0.00000 0.00000 0.00000 0.00000 0.00000 0.00000 0.00000 0.00000 0.00000 0.00000 0.00000 0.00000 0.00000 0.00000 0.00000 0.00000 0.00000 0.00000 0.00000 0.00000 0.00000 0.00000 0.00000 0.00000 0.00000 0.00000 0.00000 0.00000 0.00000 0.00000 0.00000 0.00000 0.00000 0.00000 0.00000 0.00000 0.00000 0.00000 0.00000 0.00000 0.00000 0.00000 0.00000 0.00000 0.00000 0.00000 0.00000 0.00000 0.00000 0.00000 0.00000 0.00000 0.00000 0.00000 0.00000 0.00000 0.00000 0.00000 0.00000 0.00000
0.00000 0.00000 0.00000 0.00000 0.00000 0.00000 0.00000 0.00000 0.00000 0.00000 0.00000 0.00000 0.00000 0.00000 0.00000 0.00000 0.00000 0.00000 0.00000 0.00000 0.00000 0.00000 0.00000 0.00000 0.00000 0.00000 0.00000 0.00000 0.00000 0.00000 0.00000 0.00000 0.00000 0.00000 0.00000 0.00000 0.00000 0.00000 0.00000 0.00000 0.00000 0.00000 0.00000 0.00000 0.00000 0.00000 0.00000 0.00000 0.00000 0.00000 0.00000 0.00000 0.00000 0.00000 0.00000 0.00000 0.00000 0.00000 0.00000 0.00000 0.00000 0.00000 0.00000 0.00000 0.00000 0.00000 0.00000 0.00000 0.00000 0.00000 0.00000 0.00000 0.00000 0.00000 0.00000 0.00000 0.00000 0.00000 0.00000 0.00000
0.00000 0.00000 0.00000 0.00000 0.00000 0.00000 0.00000 0.00000 0.00000 0.00000 0.00000 0.00000 0.00000 0.00000 0.00000 0.00000 0.00000 0.00000 0.00000 0.00000 0.00000 0.00000 0.00000 0.00000 0.00000 0.00000 0.00000 0.00000 0.00000 0.00000 0.00000 0.00000 0.00000 0.00000 0.00000 0.00000 0.00000 0.00000 0.00000 0.00000 0.00000 0.00000 0.00000 0.00000 0.00000 0.00000 0.00000 0.00000 0.00000 0.00000 0.00000 0.00000 0.00000 0.00000 0.00000 0.00000 0.00000 0.00000 0.00000 0.00000 0.00000 0.00000 0.00000 0.00000 0.00000 0.00000 0.00000 0.00000 0.00000 0.00000 0.00000 0.00000 0.00000 0.00000 0.00000 0.00000 0.00000 0.00000 0.00000 0.00000
0.00000 0.00000 0.00000 0.00000 0.00000 0.00000 0.00000 0.00000 0.00000 0.00000 0.00000 0.00000 0.00000 0.00000 0.00000 0.00000 0.00000 0.00000 0.00000 0.00000 0.00000 0.00000 0.00000 0.00000 0.00000 0.00000 0.00000 0.00000 0.00000 0.00000 0.00000 0.00000 0.00000 0.00000 0.00000 0.00000 0.00000 0.00000 0.00000 0.00000 0.00000 0.00000 0.00000 0.00000 0.00000 0.00000 0.00000 0.00000 0.00000 0.00000 0.00000 0.00000 0.00000 0.00000 0.00000 0.00000 0.00000 0.00000 0.00000 0.00000 0.00000 0.00000 0.00000 0.00000 0.00000 0.00000 0.00000 0.00000 0.00000 0.00000 0.00000 0.00000 0.00000 0.00000 0.00000 0.00000 0.00000 0.00000 0.00000 0.00000
0.00000 0.00000 0.00000 0.00000 0.00000 0.00000 0.00000 0.00000 0.00000 0.00000 0.00000 0.00000 0.00000 0.00000 0.00000 0.00000 0.00000 0.00000 0.00000 0.00000 0.00000 0.00000 0.00000 0.00000 0.00000 0.00000 0.00000 0.00000 0.00000 0.00000 0.00000 0.00000 0.00000 0.00000 0.00000 0.00000 0.00000 0.00000 0.00000 0.00000 0.00000 0.00000 0.00000 0.00000 0.00000 0.00000 0.00000 0.00000 0.00000 0.00000 0.00000 0.00000 0.00000 0.00000 0.00000 0.00000 0.00000 0.00000 0.00000 0.00000 0.00000 0.00000 0.00000 0.00000 0.00000 0.00000 0.00000 0.00000 0.00000 0.00000 0.00000 0.00000 0.00000 0.00000 0.00000 0.00000 0.00000 0.00000 0.00000 0.00000
0.00000 0.00000 0.00000 0.00000 0.00000 0.00000 0.00000 0.00000 0.00000 0.00000 0.00000 0.00000 0.00000 0.00000 0.00000 0.00000 0.00000 0.00000 0.00000 0.00000 0.00000 0.00000 0.00000 0.00000 0.00000 0.00000 0.00000 0.00000 0.00000 0.00000 0.00000 0.00000 0.00000 0.00000 0.00000 0.00000 0.00000 0.00000 0.00000 0.00000 0.00000 0.00000 0.00000 0.00000 0.00000 0.00000 0.00000 0.00000 0.00000 0.00000 0.00000 0.00000 0.00000 0.00000 0.00000 0.00000 0.00000 0.00000 0.00000 0.00000 0.00000 0.00000 0.00000 0.00000 0.00000 0.00000 0.00000 0.00000 0.00000 0.00000 0.00000 0.00000 0.00000 0.00000 0.00000 0.00000 0.00000 0.00000 0.00000 0.00000
0.00000 0.00000 0.00000 0.00000 0.00000 0.00000 0.00000 0.00000 0.00000 0.00000 0.00000 0.00000 0.00000 0.00000 0.00000 0.00000 0.00000 0.00000 0.00000 0.00000 0.00000 0.00000 0.00000 0.00000 0.00000 0.00000 0.00000 0.00000 0.00000 0.00000 0.00000 0.00000 0.00000 0.00000 0.00000 0.00000 0.00000 0.00000 0.00000 0.00000 0.00000 0.00000 0.00000 0.00000 0.00000 0.00000 0.00000 0.00000 0.00000 0.00000 0.00000 0.00000 0.00000 0.00000 0.00000 0.00000 0.00000 0.00000 0.00000 0.00000 0.00000 0.00000 0.00000 0.00000 0.00000 0.00000 0.00000 0.00000 0.00000 0.00000 0.00000 0.00000 0.00000 0.00000 0.00000 0.00000 0.00000 0.00000 0.00000 0.00000
0.00000 0.00000 0.00000 0.00000 0.00000 0.00000 0.00000 0.00000 0.00000 0.00000 0.00000 0.00000 0.00000 0.00000 0.00000 0.00000 0.00000 0.00000 0.00000 0.00000 0.00000 0.00000 0.00000 0.00000 0.00000 0.00000 0.00000 0.00000 0.00000 0.00000 0.00000 0.00000 0.00000 0.00000 0.00000 0.00000 0.00000 0.00000 0.00000 0.00000 0.00000 0.00000 0.00000 0.00000 0.00000 0.00000 0.00000 0.00000 0.00000 0.00000 0.00000 0.00000 0.00000 0.00000 0.00000 0.00000 0.00000 0.00000 0.00000 0.00000 0.00000 0.00000 0.00000 0.00000 0.00000 0.00000 0.00000 0.00000 0.00000 0.00000 0.00000 0.00000 0.00000 0.00000 0.00000 0.00000 0.00000 0.00000 0.00000 0.00000
0.00000 0.00000 0.00000 0.00000 0.00000 0.00000 0.00000 0.00000 0.00000 0.00000 0.00000 0.00000 0.00000 0.00000 0.00000 0.00000 0.00000 0.00000 0.00000 0.00000 0.00000 0.00000 0.00000 0.00000 0.00000 0.00000 0.00000 0.00000 0.00000 0.00000 0.00000 0.00000 0.00000 0.00000 0.00000 0.00000 0.00000 0.00000 0.00000 0.00000 0.00000 0.00000 0.00000 0.00000 0.00000 0.00000 0.00000 0.00000 0.00000 0.00000 0.00000 0.00000 0.00000 0.00000 0.00000 0.00000 0.00000 0.00000 0.00000 0.00000 0.00000 0.00000 0.00000 0.00000 0.00000 0.00000 0.00000 0.00000 0.00000 0.00000 0.00000 0.00000 0.00000 0.00000 0.00000 0.00000 0.00000 0.00000 0.00000 0.00000
0.00000 0.00000 0.00000 0.00000 0.00000 0.00000 0.00000 0.00000 0.00000 0.00000 0.00000 0.00000 0.00000 0.00000 0.00000 0.00000 0.00000 0.00000 0.00000 0.00000 0.00000 0.00000 0.00000 0.00000 0.00000 0.00000 0.00000 0.00000 0.00000 0.00000 0.00000 0.00000 0.00000 0.00000 0.00000 0.00000 0.00000 0.00000 0.00000 0.00000 0.00000 0.00000 0.00000 0.00000 0.00000 0.00000 0.00000 0.00000 0.00000 0.00000 0.00000 0.00000 0.00000 0.00000 0.00000 0.00000 0.00000 0.00000 0.00000 0.00000 0.00000 0.00000 0.00000 0.00000 0.00000 0.00000 0.00000 0.00000 0.00000 0.00000 0.00000 0.00000 0.00000 0.00000 0.00000 0.00000 0.00000 0.00000 0.00000 0.00000
0.00000 0.00000 0.00000 0.00000 0.00000 0.00000 0.00000 0.00000 0.00000 0.00000 0.00000 0.00000 0.00000 0.00000 0.00000 0.00000 0.00000 0.00000 0.00000 0.00000 0.00000 0.00000 0.00000 0.00000 0.00000 0.00000 0.00000 0.00000 0.00000 0.00000 0.00000 0.00000 0.00000 0.00000 0.00000 0.00000 0.00000 0.00000 0.00000 0.00000 0.00000 0.00000 0.00000 0.00000 0.00000 0.00000 0.00000 0.00000 0.00000 0.00000 0.00000 0.00000 0.00000 0.00000 0.00000 0.00000 0.00000 0.00000 0.00000 0.00000 0.00000 0.00000 0.00000 0.00000 0.00000 0.00000 0.00000 0.00000 0.00000 0.00000 0.00000 0.00000 0.00000 0.00000 0.00000 0.00000 0.00000 0.00000 0.00000 0.00000
0.00000 0.00000 0.00000 0.00000 0.00000 0.00000 0.00000 0.00000 0.00000 0.00000 0.00000 0.00000 0.00000 0.00000 0.00000 0.00000 0.00000 0.00000 0.00000 0.00000 0.00000 0.00000 0.00000 0.00000 0.00000 0.00000 0.00000 0.00000 0.00000 0.00000 0.00000 0.00000 0.00000 0.00000 0.00000 0.00000 0.00000 0.00000 0.00000 0.00000 0.00000 0.00000 0.00000 0.00000 0.00000 0.00000 0.00000 0.00000 0.00000 0.00000 0.00000 0.00000 0.00000 0.00000 0.00000 0.00000 0.00000 0.00000 0.00000 0.00000 0.00000 0.00000 0.00000 0.00000 0.00000 0.00000 0.00000 0.00000 0.00000 0.00000 0.00000 0.00000 0.00000 0.00000 0.00000 0.00000 0.00000 0.00000 0.00000 0.00000
0.00000 0.00000 0.00000 0.00000 0.00000 0.00000 0.00000 0.00000 0.00000 0.00000 0.00000 0.00000 0.00000 0.00000 0.00000 0.00000 0.00000 0.00000 0.00000 0.00000 0.00000 0.00000 0.00000 0.00000 0.00000 0.00000 0.00000 0.00000 0.00000 0.00000 0.00000 0.00000 0.00000 0.00000 0.00000 0.00000 0.00000 0.00000 0.00000 0.00000 0.00000 0.00000 0.00000 0.00000 0.00000 0.00000 0.00000 0.00000 0.00000 0.00000 0.00000 0.00000 0.00000 0.00000 0.00000 0.00000 0.00000 0.00000 0.00000 0.00000 0.00000 0.00000 0.00000 0.00000 0.00000 0.00000 0.00000 0.00000 0.00000 0.00000 0.00000 0.00000 0.00000 0.00000 0.00000 0.00000 0.00000 0.00000 0.00000 0.00000
0.00000 0.00000 0.00000 0.00000 0.00000 0.00000 0.00000 0.00000 0.00000 0.00000 0.00000 0.00000 0.00000 0.00000 0.00000 0.00000 0.00000 0.00000 0.00000 0.00000 0.00000 0.00000 0.00000 0.00000 0.00000 0.00000 0.00000 0.00000 0.00000 0.00000 0.00000 0.00000 0.00000 0.00000 0.00000 0.00000 0.00000 0.00000 0.00000 0.00000 0.00000 0.00000 0.00000 0.00000 0.00000 0.00000 0.00000 0.00000 0.00000 0.00000 0.00000 0.00000 0.00000 0.00000 0.00000 0.00000 0.00000 0.00000 0.00000 0.00000 0.00000 0.00000 0.00000 0.00000 0.00000 0.00000 0.00000 0.00000 0.00000 0.00000 0.00000 0.00000 0.00000 0.00000 0.00000 0.00000 0.00000 0.00000 0.00000 0.00000
0.00000 0.00000 0.00000 0.00000 0.00000 0.00000 0.00000 0.00000 0.00000 0.00000 0.00000 0.00000 0.00000 0.00000 0.00000 0.00000 0.00000 0.00000 0.00000 0.00000 0.00000 0.00000 0.00000 0.00000 0.00000 0.00000 0.00000 0.00000 0.00000 0.00000 0.00000 0.00000 0.00000 0.00000 0.00000 0.00000 0.00000 0.00000 0.00000 0.00000 0.00000 0.00000 0.00000 0.00000 0.00000 0.00000 0.00000 0.00000 0.00000 0.00000 0.00000 0.00000 0.00000 0.00000 0.00000 0.00000 0.00000 0.00000 0.00000 0.00000 0.00000 0.00000 0.00000 0.00000 0.00000 0.00000 0.00000 0.00000 0.00000 0.00000 0.00000 0.00000 0.00000 0.00000 0.00000 0.00000 0.00000 0.00000 0.00000 0.00000
0.00000 0.00000 0.00000 0.00000 0.00000 0.00000 0.00000 0.00000 0.00000 0.00000 0.00000 0.00000 0.00000 0.00000 0.00000 0.00000 0.00000 0.00000 0.00000 0.00000 0.00000 0.00000 0.00000 0.00000 0.00000 0.00000 0.00000 0.00000 0.00000 0.00000 0.00000 0.00000 0.00000 0.00000 0.00000 0.00000 0.00000 0.00000 0.00000 0.00000 0.00000 0.00000 0.00000 0.00000 0.00000 0.00000 0.00000 0.00000 0.00000 0.00000 0.00000 0.00000 0.00000 0.00000 0.00000 0.00000 0.00000 0.00000 0.00000 0.00000 0.00000 0.00000 0.00000 0.00000 0.00000 0.00000 0.00000 0.00000 0.00000 0.00000 0.00000 0.00000 0.00000 0.00000 0.00000 0.00000 0.00000 0.00000 0.00000 0.00000
