0.00000 0.00000 0.00000 0.00000 0.00000 0.00000 0.00000 0.00000 0.00000 0.00000 0.00000 0.00000 0.00000 0.00000 0.00000 0.00000 0.00000 0.00000 0.00000 0.00000 0.00000 0.00000 0.00000 0.00000 0.00000 0.00000 0.00000 0.00000 0.00000 0.00000 0.00000 0.00000 0.00000 0.00000 0.00000 0.00000 0.00000 0.00000 0.00000 0.00000 0.00000 0.00000 0.00000 0.00000 0.00000 0.00000 0.00000 0.00000 0.00000 0.00000 0.00000 0.00000 0.00000 0.00000 0.00000 0.00000 0.00000 0.00000 0.00000 0.00000
0.00000 0.00000 0.00000 0.00000 0.00000 0.00000 0.00000 0.00000 0.00000 0.00000 0.00000 0.00000 0.00000 0.00000 0.00000 0.00000 0.00000 0.00000 0.00000 0.00000 0.00000 0.00000 0.00000 0.00000 0.00000 0.00000 0.00000 0.00000 0.00000 0.00000 0.00000 0.00000 0.00000 0.00000 0.00000 0.00000 0.00000 0.00000 0.00000 0.00000 0.00000 0.00000 0.00000 0.00000 0.00000 0.00000 0.00000 0.00000 0.00000 0.00000 0.00000 0.00000 0.00000 0.00000 0.00000 0.00000 0.00000 0.00000 0.00000 0.00000
0.00000 0.00000 0.00000 0.00000 0.00000 0.00000 0.00000 0.00000 0.00000 0.00000 0.00000 0.00000 0.00000 0.00000 0.00000 0.00000 0.00000 0.00000 0.00000 0.00000 0.00000 0.00000 0.00000 0.00000 0.00000 0.00000 0.00000 0.00000 0.00000 0.00000 0.00000 0.00000 0.00000 0.00000 0.00000 0.00000 0.00000 0.00000 0.00000 0.00000 0.00000 0.00000 0.00000 0.00000 0.00000 0.00000 0.00000 0.00000 0.00000 0.00000 0.00000 0.00000 0.00000 0.00000 0.00000 0.00000 0.00000 0.00000 0.00000 0.00000
0.00000 0.00000 0.00000 0.00000 0.00000 0.00000 0.00000 0.00000 0.00000 0.00000 0.00000 0.00000 0.00000 0.00000 0.00000 0.00000 0.00000 0.00000 0.00000 0.00000 0.00000 0.00000 0.00000 0.00000 0.00000 0.00000 0.00000 0.00000 0.00000 0.00000 0.00000 0.00000 0.00000 0.00000 0.00000 0.00000 0.00000 0.00000 0.00000 0.00000 0.00000 0.00000 0.00000 0.00000 0.00000 0.00000 0.00000 0.00000 0.00000 0.00000 0.00000 0.00000 0.00000 0.00000 0.00000 0.00000 0.00000 0.00000 0.00000 0.00000
0.00000 0.00000 0.00000 0.00000 0.00000 0.00000 0.00000 0.00000 0.00000 0.00000 0.00000 0.00000 0.00000 0.00000 0.00000 0.00000 0.00000 0.00000 0.00000 0.00000 0.00000 0.00000 0.00000 0.00000 0.00000 0.00000 0.00000 0.00000 0.00000 0.00000 0.00000 0.00000 0.00000 0.00000 0.00000 0.00000 0.00000 0.00000 0.00000 0.00000 0.00000 0.00000 0.00000 0.00000 0.00000 0.00000 0.00000 0.00000 0.00000 0.00000 0.00000 0.00000 0.00000 0.00000 0.00000 0.00000 0.00000 0.00000 0.00000 0.00000
0.00000 0.00000 0.00000 0.00000 0.00000 0.00000 0.00000 0.00000 0.00000 0.00000 0.00000 0.00000 0.00000 0.00000 0.00000 0.00000 0.00000 0.00000 0.00000 0.00000 0.00000 0.00000 0.00000 0.00000 0.00000 0.00000 0.00000 0.00000 0.00000 0.00000 0.00000 0.00000 0.00000 0.00000 0.00000 0.00000 0.00000 0.00000 0.00000 0.00000 0.00000 0.00000 0.00000 0.00000 0.00000 0.00000 0.00000 0.00000 0.00000 0.00000 0.00000 0.00000 0.00000 0.00000 0.00000 0.00000 0.00000 0.00000 0.00000 0.00000
0.00000 0.00000 0.00000 0.00000 0.00000 0.00000 0.00000 0.00000 0.00000 0.00000 0.00000 0.00000 0.00000 0.00000 0.00000 0.00000 0.00000 0.00000 0.00000 0.00000 0.00000 0.00000 0.00000 0.00000 0.00000 0.00000 0.00000 0.00000 0.00000 0.00000 0.00000 0.00000 0.00000 0.00000 0.00000 0.00000 0.00000 0.00000 0.00000 0.00000 0.00000 0.00000 0.00000 0.00000 0.00000 0.00000 0.00000 0.00000 0.00000 0.00000 0.00000 0.00000 0.00000 0.00000 0.00000 0.00000 0.00000 0.00000 0.00000 0.00000
0.00000 0.00000 0.00000 0.00000 0.00000 0.00000 0.00000 0.00000 0.00000 0.00000 0.00000 0.00000 0.00000 0.00000 0.00000 0.00000 0.00000 0.00000 0.00000 0.00000 0.00000 0.00000 0.00000 0.00000 0.00000 0.00000 0.00000 0.00000 0.00000 0.00000 0.00000 0.00000 0.00000 0.00000 0.00000 0.00000 0.00000 0.00000 0.00000 0.00000 0.00000 0.00000 0.00000 0.00000 0.00000 0.00000 0.00000 0.00000 0.00000 0.00000 0.00000 0.00000 0.00000 0.00000 0.00000 0.00000 0.00000 0.00000 0.00000 0.00000
0.00000 0.00000 0.00000 0.00000 0.00000 0.00000 0.00000 0.00000 0.00000 0.00000 0.00000 0.00000 0.00000 0.00000 0.00000 0.00000 0.00000 0.00000 0.00000 0.00000 0.00000 0.00000 0.00000 0.00000 0.00000 0.00000 0.00000 0.00000 0.00000 0.00000 0.00000 0.00000 0.00000 0.00000 0.00000 0.00000 0.00000 0.00000 0.00000 0.00000 0.00000 0.00000 0.00000 0.00000 0.00000 0.00000 0.00000 0.00000 0.00000 0.00000 0.00000 0.00000 0.00000 0.00000 0.00000 0.00000 0.00000 0.00000 0.00000 0.00000
0.00000 0.00000 0.00000 0.00000 0.00000 0.00000 0.00000 0.00000 0.00000 0.00000 0.00000 0.00000 0.00000 0.00000 0.00000 0.00000 0.00000 0.00000 0.00000 0.00000 0.00000 0.00000 0.00000 0.00000 0.00000 0.00000 0.00000 0.00000 0.00000 0.00000 0.00000 0.00000 0.00000 0.00000 0.00000 0.00000 0.00000 0.00000 0.00000 0.00000 0.00000 0.00000 0.00000 0.00000 0.00000 0.00000 0.00000 0.00000 0.00000 0.00000 0.00000 0.00000 0.00000 0.00000 0.00000 0.00000 0.00000 0.00000 0.00000 0.00000
0.00000 0.00000 0.00000 0.00000 0.00000 0.00000 0.00000 0.00000 0.00000 0.00000 0.00000 0.00000 0.00000 0.00000 0.00000 0.00000 0.00000 0.00000 0.00000 0.00000 0.00000 0.00000 0.00000 0.00000 0.00000 0.00000 0.00000 0.00000 0.00000 0.00000 0.00000 0.00000 0.00000 0.00000 0.00000 0.00000 0.00000 0.00000 0.00000 0.00000 0.00000 0.00000 0.00000 0.00000 0.00000 0.00000 0.00000 0.00000 0.00000 0.00000 0.00000 0.00000 0.00000 0.00000 0.00000 0.00000 0.00000 0.00000 0.00000 0.00000
0.00000 0.00000 0.00000 0.00000 0.00000 0.00000 0.00000 0.00000 0.00000 0.00000 0.00000 0.00000 0.00000 0.00000 0.00000 0.00000 0.00000 0.00000 0.00000 0.00000 0.00000 0.00000 0.00000 0.00000 0.00000 0.00000 0.00000 0.00000 0.00000 0.00000 0.00000 0.00000 0.00000 0.00000 0.00000 0.00000 0.00000 0.00000 0.00000 0.00000 0.00000 0.00000 0.00000 0.00000 0.00000 0.00000 0.00000 0.00000 0.00000 0.00000 0.00000 0.00000 0.00000 0.00000 0.00000 0.00000 0.00000 0.00000 0.00000 0.00000
0.00000 0.00000 0.00000 0.00000 0.00000 0.00000 0.00000 0.00000 0.00000 0.00000 0.00000 0.00000 0.00000 0.00000 0.00000 0.00000 0.00000 0.00000 0.00000 0.00000 0.00000 0.00000 0.00000 0.00000 0.00000 0.00000 0.00000 0.00000 0.00000 0.00000 0.00000 0.00000 0.00000 0.00000 0.00000 0.00000 0.00000 0.00000 0.00000 0.00000 0.00000 0.00000 0.00000 0.00000 0.00000 0.00000 0.00000 0.00000 0.00000 0.00000 0.00000 0.00000 0.00000 0.00000 0.00000 0.00000 0.00000 0.00000 0.00000 0.00000
0.00000 0.00000 0.00000 0.00000 0.00000 0.00000 0.00000 0.00000 0.00000 0.00000 0.00000 0.00000 0.00000 0.00000 0.00000 0.00000 0.00000 0.00000 0.00000 0.00000 0.00000 0.00000 0.00000 0.00000 0.00000 0.00000 0.00000 0.00000 0.00000 0.00000 0.00000 0.00000 0.00000 0.00000 0.00000 0.00000 0.00000 0.00000 0.00000 0.00000 0.00000 0.00000 0.00000 0.00000 0.00000 0.00000 0.00000 0.00000 0.00000 0.00000 0.00000 0.00000 0.00000 0.00000 0.00000 0.00000 0.00000 0.00000 0.00000 0.00000
0.00000 0.00000 0.00000 0.00000 0.00000 0.00000 0.00000 0.00000 0.00000 0.00000 0.00000 0.00000 0.00000 0.00000 0.00000 0.00000 0.00000 0.00000 0.00000 0.00000 0.00000 0.00000 0.00000 0.00000 0.00000 0.00000 0.00000 0.00000 0.00000 0.00000 0.00000 0.00000 0.00000 0.00000 0.00000 0.00000 0.00000 0.00000 0.00000 0.00000 0.00000 0.00000 0.00000 0.00000 0.00000 0.00000 0.00000 0.00000 0.00000 0.00000 0.00000 0.00000 0.00000 0.00000 0.00000 0.00000 0.00000 0.00000 0.00000 0.00000
0.00000 0.00000 0.00000 0.00000 0.00000 0.00000 0.00000 0.00000 0.00000 0.00000 0.00000 0.00000 0.00000 0.00000 0.00000 0.00024 0.00072 0.00117 0.00163 0.00210 0.00252 0.00286 0.00331 0.00378 0.00407 0.00391 0.00354 0.00314 0.00264 0.00213 0.00173 0.00138 0.00097 0.00055 0.00018 0.00000 0.00000 0.00000 0.00000 0.00000 0.00000 0.00000 0.00000 0.00000 0.00000 0.00000 0.00000 0.00000 0.00000 0.00000 0.00000 0.00000 0.00000 0.00000 0.00000 0.00000 0.00000 0.00000 0.00000 0.00000
0.00000 0.00000 0.00000 0.00000 0.00000 0.00000 0.00000 0.00000 0.00000 0.00000 0.00000 0.00000 0.00000 0.00000 0.00000 0.00074 0.00210 0.00341 0.00499 0.00634 0.00735 0.00843 0.00997 0.01132 0.01209 0.01161 0.01049 0.00933 0.00784 0.00642 0.00514 0.00393 0.00289 0.00171 0.00053 0.00000 0.00000 0.00000 0.00000 0.00000 0.00000 0.00000 0.00000 0.00000 0.00000 0.00000 0.00000 0.00000 0.00000 0.00000 0.00000 0.00000 0.00000 0.00000 0.00000 0.00000 0.00000 0.00000 0.00000 0.00000
0.00000 0.00000 0.00000 0.00000 0.00000 0.00000 0.00000 0.00000 0.00000 0.00000 0.00000 0.00000 0.00000 0.00000 0.00000 0.00118 0.00354 0.00590 0.00805 0.00999 0.01233 0.01464 0.01618 0.01766 0.02029 0.02025 0.01707 0.01464 0.01277 0.01099 0.00879 0.00645 0.00457 0.00280 0.00091 0.00000 0.00000 0.00000 0.00000 0.00000 0.00000 0.00000 0.00000 0.00000 0.00000 0.00000 0.00000 0.00000 0.00000 0.00000 0.00000 0.00000 0.00000 0.00000 0.00000 0.00000 0.00000 0.00000 0.00000 0.00000
0.00000 0.00000 0.00000 0.00000 0.00000 0.00000 0.00000 0.00000 0.00000 0.00000 0.00000 0.00000 0.00000 0.00000 0.00000 0.00161 0.00503 0.00828 0.01105 0.01374 0.01722 0.02034 0.02269 0.02471 0.02751 0.02773 0.02435 0.02045 0.01759 0.01492 0.01223 0.00943 0.00628 0.00367 0.00128 0.00000 0.00000 0.00000 0.00000 0.00000 0.00000 0.00000 0.00000 0.00000 0.00000 0.00000 0.00000 0.00000 0.00000 0.00000 0.00000 0.00000 0.00000 0.00000 0.00000 0.00000 0.00000 0.00000 0.00000 0.00000
0.00000 0.00000 0.00000 0.00000 0.00000 0.00000 0.00000 0.00000 0.00000 0.00000 0.00000 0.00000 0.00000 0.00000 0.00000 0.00214 0.00626 0.01009 0.01421 0.01848 0.02156 0.02452 0.02919 0.03298 0.03461 0.03367 0.03119 0.02727 0.02242 0.01839 0.01528 0.01197 0.00830 0.00469 0.00155 0.00000 0.00000 0.00000 0.00000 0.00000 0.00000 0.00000 0.00000 0.00000 0.00000 0.00000 0.00000 0.00000 0.00000 0.00000 0.00000 0.00000 0.00000 0.00000 0.00000 0.00000 0.00000 0.00000 0.00000 0.00000
0.00000 0.00000 0.00000 0.00000 0.00000 0.00000 0.00000 0.00000 0.00000 0.00000 0.00000 0.00000 0.00000 0.00000 0.00000 0.00263 0.00748 0.01208 0.01737 0.02220 0.02659 0.03025 0.03428 0.03892 0.04374 0.04212 0.03618 0.03166 0.02787 0.02331 0.01809 0.01369 0.01011 0.00599 0.00186 0.00000 0.00000 0.00000 0.00000 0.00000 0.00000 0.00000 0.00000 0.00000 0.00000 0.00000 0.00000 0.00000 0.00000 0.00000 0.00000 0.00000 0.00000 0.00000 0.00000 0.00000 0.00000 0.00000 0.00000 0.00000
0.00000 0.00000 0.00000 0.00000 0.00000 0.00000 0.00000 0.00000 0.00000 0.00000 0.00000 0.00000 0.00000 0.00000 0.00000 0.00295 0.00886 0.01495 0.02020 0.02473 0.03060 0.03692 0.04029 0.04404 0.05082 0.05041 0.04255 0.03623 0.03236 0.02738 0.02155 0.01602 0.01140 0.00698 0.00226 0.00000 0.00000 0.00000 0.00000 0.00000 0.00000 0.00000 0.00000 0.00000 0.00000 0.00000 0.00000 0.00000 0.00000 0.00000 0.00000 0.00000 0.00000 0.00000 0.00000 0.00000 0.00000 0.00000 0.00000 0.00000
0.00000 0.00000 0.00000 0.00000 0.00000 0.00000 0.00000 0.00000 0.00000 0.00000 0.00000 0.00000 0.00000 0.00000 0.00000 0.00332 0.01029 0.01700 0.02320 0.02896 0.03457 0.04044 0.04786 0.05286 0.05530 0.05491 0.05062 0.04366 0.03626 0.02965 0.02481 0.01924 0.01292 0.00749 0.00260 0.00000 0.00000 0.00000 0.00000 0.00000 0.00000 0.00000 0.00000 0.00000 0.00000 0.00000 0.00000 0.00000 0.00000 0.00000 0.00000 0.00000 0.00000 0.00000 0.00000 0.00000 0.00000 0.00000 0.00000 0.00000
0.00000 0.00000 0.00000 0.00000 0.00000 0.00000 0.00000 0.00000 0.00000 0.00000 0.00000 0.00000 0.00000 0.00000 0.00000 0.00392 0.01147 0.01817 0.02538 0.03384 0.04018 0.04456 0.05201 0.05941 0.06364 0.06083 0.05561 0.04963 0.04060 0.03333 0.02743 0.02163 0.01496 0.00837 0.00278 0.00000 0.00000 0.00000 0.00000 0.00000 0.00000 0.00000 0.00000 0.00000 0.00000 0.00000 0.00000 0.00000 0.00000 0.00000 0.00000 0.00000 0.00000 0.00000 0.00000 0.00000 0.00000 0.00000 0.00000 0.00000
0.00000 0.00000 0.00000 0.00000 0.00000 0.00000 0.00000 0.00000 0.00000 0.00000 0.00000 0.00000 0.00000 0.00000 0.00000 0.00437 0.01252 0.02032 0.02827 0.03595 0.04495 0.05253 0.05578 0.06238 0.07262 0.07118 0.06066 0.05123 0.04504 0.03812 0.03083 0.02258 0.01636 0.00984 0.00306 0.00000 0.00000 0.00000 0.00000 0.00000 0.00000 0.00000 0.00000 0.00000 0.00000 0.00000 0.00000 0.00000 0.00000 0.00000 0.00000 0.00000 0.00000 0.00000 0.00000 0.00000 0.00000 0.00000 0.00000 0.00000
0.00247 0.00293 0.00341 0.00398 0.00455 0.00455 0.00393 0.00345 0.00310 0.00261 0.00209 0.00161 0.00115 0.00069 0.00022 0.00413 0.01237 0.02111 0.02918 0.03463 0.04226 0.05143 0.05773 0.06133 0.06998 0.07091 0.05979 0.05190 0.04477 0.03791 0.03007 0.02234 0.01569 0.00974 0.00316 0.00015 0.00046 0.00078 0.00106 0.00130 0.00160 0.00176 0.00198 0.00238 0.00261 0.00241 0.00232 0.00257 0.00259 0.00233 0.00216 0.00249 0.00253 0.00229 0.00229 0.00253 0.00256 0.00245 0.00243 0.00255
0.00736 0.00908 0.01057 0.01156 0.01283 0.01359 0.01212 0.01017 0.00915 0.00791 0.00604 0.00463 0.00351 0.00209 0.00065 0.00362 0.01110 0.01839 0.02553 0.03229 0.03717 0.04326 0.05211 0.05803 0.06119 0.05899 0.05346 0.04630 0.04088 0.03401 0.02605 0.02011 0.01431 0.00817 0.00274 0.00049 0.00134 0.00215 0.00316 0.00397 0.00455 0.00530 0.00600 0.00665 0.00769 0.00766 0.00699 0.00718 0.00774 0.00721 0.00651 0.00732 0.00749 0.00657 0.00674 0.00761 0.00750 0.00702 0.00721 0.00779
0.01216 0.01495 0.01728 0.01934 0.02131 0.02170 0.02011 0.01768 0.01477 0.01250 0.01032 0.00796 0.00560 0.00329 0.00110 0.00335 0.00976 0.01533 0.02137 0.02859 0.03418 0.03744 0.04367 0.05073 0.05382 0.05255 0.04673 0.04108 0.03482 0.02855 0.02318 0.01791 0.01258 0.00705 0.00228 0.00080 0.00233 0.00352 0.00500 0.00640 0.00755 0.00911 0.01035 0.01043 0.01130 0.01299 0.01284 0.01157 0.01078 0.01198 0.01223 0.01136 0.01094 0.01192 0.01178 0.01124 0.01166 0.01260 0.01279 0.01284
0.01682 0.01992 0.02314 0.02760 0.03083 0.02978 0.02654 0.02465 0.02055 0.01687 0.01471 0.01130 0.00760 0.00448 0.00155 0.00287 0.00831 0.01327 0.01845 0.02371 0.02951 0.03423 0.03665 0.04071 0.04638 0.04607 0.04153 0.03601 0.02892 0.02393 0.02035 0.01545 0.01038 0.00619 0.00204 0.00103 0.00315 0.00531 0.00677 0.00855 0.01083 0.01205 0.01386 0.01532 0.01581 0.01682 0.01778 0.01676 0.01514 0.01592 0.01716 0.01529 0.01462 0.01662 0.01657 0.01529 0.01574 0.01785 0.01743 0.01663
0.02175 0.02547 0.02921 0.03451 0.03967 0.03960 0.03399 0.02952 0.02701 0.02271 0.01765 0.01378 0.00988 0.00607 0.00193 0.00227 0.00700 0.01179 0.01557 0.01921 0.02439 0.02884 0.03115 0.03408 0.03897 0.03888 0.03414 0.02902 0.02476 0.02070 0.01660 0.01246 0.00863 0.00527 0.00175 0.00131 0.00389 0.00661 0.00894 0.01106 0.01373 0.01491 0.01647 0.02011 0.02230 0.02061 0.01953 0.02100 0.02207 0.02062 0.01898 0.02029 0.01949 0.01930 0.02067 0.02152 0.02047 0.01972 0.02086 0.02231
0.02652 0.03162 0.03572 0.04088 0.04812 0.04796 0.04137 0.03623 0.03245 0.02791 0.02149 0.01637 0.01225 0.00717 0.00236 0.00188 0.00558 0.00953 0.01310 0.01588 0.01887 0.02295 0.02636 0.02809 0.03190 0.03168 0.02664 0.02316 0.02064 0.01707 0.01302 0.00985 0.00735 0.00415 0.00134 0.00173 0.00488 0.00739 0.01045 0.01346 0.01570 0.01922 0.02133 0.02233 0.02536 0.02654 0.02556 0.02517 0.02512 0.02512 0.02387 0.02511 0.02472 0.02380 0.02393 0.02598 0.02509 0.02420 0.02486 0.02702
0.03008 0.03742 0.04388 0.04916 0.05335 0.05346 0.05062 0.04521 0.03648 0.03063 0.02651 0.02067 0.01391 0.00809 0.00280 0.00152 0.00425 0.00688 0.01022 0.01291 0.01451 0.01673 0.02039 0.02278 0.02392 0.02319 0.02078 0.01826 0.01565 0.01269 0.01007 0.00788 0.00544 0.00318 0.00106 0.00192 0.00565 0.00892 0.01261 0.01530 0.01824 0.02190 0.02573 0.02711 0.02727 0.02958 0.03273 0.03101 0.02643 0.02764 0.03059 0.02784 0.02801 0.03016 0.02844 0.02626 0.02864 0.03066 0.03022 0.02988
0.03427 0.04183 0.05009 0.05670 0.06046 0.06165 0.05733 0.05056 0.04299 0.03582 0.02935 0.02250 0.01631 0.00989 0.00311 0.00102 0.00316 0.00504 0.00678 0.00901 0.01093 0.01200 0.01360 0.01602 0.01718 0.01633 0.01495 0.01302 0.01066 0.00884 0.00744 0.00553 0.00377 0.00234 0.00076 0.00212 0.00617 0.01043 0.01440 0.01880 0.02218 0.02322 0.02647 0.03170 0.03535 0.03514 0.03209 0.03307 0.03472 0.03455 0.03040 0.03069 0.03323 0.03446 0.03150 0.03035 0.03298 0.03603 0.03502 0.03389
0.04047 0.04718 0.05355 0.06232 0.07231 0.07234 0.06157 0.05425 0.04993 0.04231 0.03215 0.02475 0.01837 0.01116 0.00350 0.00059 0.00188 0.00311 0.00401 0.00504 0.00653 0.00755 0.00797 0.00882 0.01034 0.01021 0.00883 0.00738 0.00628 0.00541 0.00437 0.00323 0.00230 0.00135 0.00043 0.00238 0.00728 0.01162 0.01546 0.01985 0.02456 0.02790 0.02924 0.03308 0.04015 0.04010 0.03570 0.03481 0.03849 0.03767 0.03357 0.03570 0.03717 0.03457 0.03399 0.03687 0.03842 0.03821 0.03644 0.03703
0.04280 0.05133 0.05833 0.06791 0.07980 0.07953 0.06881 0.06094 0.05318 0.04506 0.03727 0.02877 0.01962 0.01156 0.00405 0.00021 0.00059 0.00099 0.00141 0.00170 0.00200 0.00247 0.00281 0.00293 0.00324 0.00337 0.00287 0.00243 0.00216 0.00177 0.00139 0.00106 0.00077 0.00044 0.00014 0.00270 0.00799 0.01303 0.01785 0.02094 0.02512 0.03132 0.03612 0.03895 0.03839 0.04155 0.04401 0.04316 0.03730 0.03776 0.04221 0.04096 0.03858 0.03738 0.03969 0.04205 0.04244 0.03868 0.03942 0.04283
0.04469 0.05486 0.06505 0.07328 0.07908 0.07893 0.07517 0.06700 0.05383 0.04495 0.03915 0.03048 0.02044 0.01195 0.00412 0.00021 0.00058 0.00095 0.00140 0.00176 0.00197 0.00228 0.00280 0.00310 0.00314 0.00323 0.00336 0.00335 0.00324 0.00311 0.00301 0.00306 0.00295 0.00287 0.00292 0.00544 0.01000 0.01443 0.02055 0.02509 0.02767 0.03122 0.03653 0.04032 0.04144 0.04106 0.04394 0.04323 0.03906 0.03798 0.04061 0.03858 0.03607 0.03938 0.04035 0.04042 0.03765 0.03879 0.04346 0.04507
0.04231 0.05237 0.06229 0.07165 0.07736 0.07912 0.07298 0.06436 0.05575 0.04646 0.03714 0.02850 0.02138 0.01272 0.00392 0.00058 0.00184 0.00294 0.00385 0.00511 0.00628 0.00692 0.00764 0.00905 0.00996 0.00975 0.00973 0.00998 0.00944 0.00913 0.00936 0.00933 0.00856 0.00856 0.00860 0.01073 0.01497 0.01807 0.02197 0.02764 0.03192 0.03277 0.03399 0.03694 0.04442 0.04578 0.03753 0.03692 0.04027 0.03905 0.03493 0.03374 0.03532 0.03545 0.03579 0.03384 0.03279 0.03730 0.03983 0.04104
0.04571 0.05366 0.06055 0.06921 0.08165 0.08282 0.06960 0.06114 0.05636 0.04779 0.03645 0.02806 0.02060 0.01252 0.00398 0.00096 0.00294 0.00494 0.00639 0.00806 0.01038 0.01193 0.01259 0.01408 0.01648 0.01695 0.01583 0.01559 0.01575 0.01553 0.01492 0.01469 0.01514 0.01397 0.01320 0.01543 0.01983 0.02329 0.02501 0.02787 0.03126 0.03499 0.03813 0.03767 0.04128 0.04247 0.03951 0.03563 0.03623 0.03520 0.03203 0.03226 0.03199 0.03010 0.02768 0.02910 0.03229 0.03451 0.03311 0.03336
0.04134 0.05048 0.05793 0.06826 0.07952 0.07978 0.07011 0.06175 0.05353 0.04513 0.03832 0.02922 0.01980 0.01159 0.00412 0.00140 0.00390 0.00645 0.00948 0.01152 0.01327 0.01621 0.01879 0.02012 0.02141 0.02272 0.02267 0.02169 0.02203 0.02164 0.02022 0.01978 0.02059 0.02005 0.01841 0.01951 0.02340 0.02704 0.03041 0.03019 0.03127 0.03499 0.03939 0.04229 0.03773 0.03788 0.04020 0.03845 0.03092 0.02944 0.03186 0.03030 0.02787 0.02569 0.02440 0.02613 0.02949 0.03061 0.03007 0.03193
0.04253 0.05188 0.06207 0.07139 0.07600 0.07536 0.07225 0.06448 0.05186 0.04361 0.03726 0.02910 0.01987 0.01158 0.00385 0.00179 0.00512 0.00821 0.01187 0.01502 0.01700 0.01992 0.02382 0.02588 0.02745 0.02898 0.02850 0.02751 0.02745 0.02734 0.02657 0.02511 0.02439 0.02524 0.02482 0.02412 0.02648 0.02916 0.03104 0.03352 0.03554 0.03518 0.03605 0.03947 0.04162 0.03729 0.03596 0.03491 0.03162 0.02849 0.02780 0.02592 0.02289 0.02239 0.02136 0.02207 0.02182 0.02293 0.02577 0.02835
0.04038 0.05005 0.05939 0.06791 0.07425 0.07598 0.06954 0.06141 0.05398 0.04474 0.03579 0.02713 0.02061 0.01225 0.00377 0.00200 0.00645 0.01040 0.01346 0.01769 0.02203 0.02469 0.02681 0.03068 0.03478 0.03601 0.03410 0.03326 0.03279 0.03312 0.03259 0.03197 0.02978 0.02903 0.02933 0.03040 0.03254 0.03211 0.03243 0.03511 0.03817 0.03915 0.03521 0.03666 0.04198 0.04135 0.03188 0.02924 0.03121 0.02909 0.02353 0.02127 0.02142 0.01968 0.01807 0.01763 0.01871 0.02205 0.02579 0.02971
0.04338 0.05165 0.05755 0.06591 0.07837 0.08073 0.06697 0.05861 0.05402 0.04549 0.03514 0.02685 0.01947 0.01195 0.00390 0.00238 0.00698 0.01218 0.01608 0.02013 0.02586 0.02906 0.03184 0.03606 0.03990 0.04010 0.04081 0.04004 0.03766 0.03654 0.03824 0.03718 0.03534 0.03363 0.03405 0.03421 0.03425 0.03562 0.03715 0.03608 0.03584 0.03818 0.04005 0.03693 0.03774 0.03801 0.03451 0.02889 0.02728 0.02546 0.02194 0.01954 0.01794 0.01594 0.01243 0.01269 0.01542 0.01937 0.01987 0.01972
0.04206 0.04898 0.05573 0.06604 0.07677 0.07607 0.06754 0.05933 0.05161 0.04315 0.03641 0.02806 0.01918 0.01107 0.00391 0.00289 0.00801 0.01323 0.01935 0.02347 0.02700 0.03317 0.03821 0.04193 0.04387 0.04502 0.04613 0.04601 0.04330 0.04140 0.04160 0.04186 0.03974 0.03936 0.03993 0.03877 0.03712 0.03819 0.04085 0.04056 0.03635 0.03681 0.04103 0.04153 0.03505 0.03311 0.03424 0.03116 0.02288 0.02018 0.02108 0.01835 0.01464 0.01180 0.00974 0.01019 0.01356 0.01694 0.01856 0.02191
0.03995 0.04960 0.05927 0.06940 0.07255 0.07275 0.06980 0.06221 0.04997 0.04167 0.03570 0.02794 0.01911 0.01104 0.00366 0.00323 0.00944 0.01463 0.02127 0.02691 0.03095 0.03608 0.04286 0.04596 0.05038 0.05263 0.05033 0.04925 0.04961 0.04776 0.04525 0.04560 0.04632 0.04333 0.04165 0.04240 0.04305 0.04052 0.03933 0.04075 0.04143 0.03792 0.03762 0.03879 0.03870 0.03302 0.03051 0.02814 0.02402 0.01947 0.01759 0.01522 0.01126 0.00870 0.00629 0.00689 0.00872 0.01058 0.01345 0.01732
0.04261 0.05055 0.05990 0.06520 0.07165 0.07348 0.06724 0.05878 0.05118 0.04290 0.03477 0.02623 0.01925 0.01165 0.00368 0.00336 0.01052 0.01696 0.02232 0.02970 0.03617 0.04054 0.04384 0.05074 0.05658 0.05827 0.05498 0.05472 0.05449 0.05458 0.05040 0.04971 0.05158 0.04987 0.04530 0.04457 0.04738 0.04578 0.04105 0.04022 0.04372 0.04271 0.03624 0.03527 0.03910 0.03685 0.02644 0.02295 0.02303 0.02006 0.01382 0.01089 0.00961 0.00644 0.00326 0.00321 0.00625 0.00994 0.01380 0.01870
0.04187 0.05101 0.05550 0.06386 0.07657 0.07811 0.06526 0.05709 0.05368 0.04581 0.03580 0.02811 0.02174 0.01476 0.00713 0.00687 0.01376 0.02078 0.02580 0.03126 0.03930 0.04379 0.04733 0.05258 0.05945 0.05936 0.05811 0.05707 0.05662 0.05565 0.05638 0.05121 0.04990 0.05141 0.05031 0.04615 0.04479 0.04559 0.04475 0.04124 0.04037 0.04050 0.03940 0.03548 0.03583 0.03421 0.02919 0.02278 0.02082 0.01800 0.01378 0.01003 0.00776 0.00501 0.00145 0.00141 0.00444 0.00867 0.01106 0.01268
0.04895 0.05216 0.05765 0.06761 0.07570 0.07334 0.06607 0.06030 0.05419 0.04685 0.04046 0.03420 0.02715 0.02001 0.01408 0.01420 0.01941 0.02509 0.03105 0.03540 0.03938 0.04551 0.05061 0.05398 0.05517 0.05937 0.05869 0.05630 0.05360 0.05341 0.05507 0.05373 0.04900 0.04794 0.05019 0.04834 0.04409 0.04237 0.04491 0.04340 0.03823 0.03696 0.04040 0.03900 0.03232 0.02987 0.02965 0.02609 0.01723 0.01459 0.01437 0.01123 0.00720 0.00417 0.00155 0.00160 0.00492 0.00834 0.01152 0.01541
0.04519 0.05354 0.06284 0.07036 0.07122 0.07033 0.07115 0.06541 0.05482 0.04793 0.04558 0.03956 0.03168 0.02570 0.02104 0.02096 0.02484 0.02934 0.03556 0.03990 0.04183 0.04596 0.05206 0.05483 0.05661 0.05805 0.05809 0.05625 0.05472 0.05236 0.05091 0.05248 0.05121 0.04708 0.04649 0.04694 0.04538 0.04276 0.04183 0.04116 0.03976 0.03714 0.03727 0.03671 0.03456 0.02953 0.02774 0.02448 0.01977 0.01457 0.01348 0.01103 0.00689 0.00385 0.00143 0.00164 0.00428 0.00660 0.00939 0.01431
0.05182 0.06036 0.06570 0.06678 0.07041 0.07395 0.06966 0.06323 0.05762 0.05357 0.04871 0.04231 0.03749 0.03315 0.02763 0.02667 0.03110 0.03536 0.03841 0.04223 0.04588 0.04888 0.05063 0.05449 0.05818 0.05773 0.05526 0.05599 0.05560 0.05258 0.05034 0.05049 0.05082 0.04891 0.04561 0.04396 0.04533 0.04382 0.04040 0.03852 0.04086 0.03922 0.03454 0.03315 0.03609 0.03353 0.02369 0.02058 0.02021 0.01740 0.01077 0.00841 0.00747 0.00446 0.00146 0.00136 0.00432 0.00757 0.01111 0.01436
0.05960 0.06310 0.06269 0.06720 0.07797 0.07706 0.06788 0.06150 0.06401 0.05948 0.05075 0.04562 0.04425 0.03968 0.03325 0.03254 0.03773 0.04086 0.04160 0.04438 0.04954 0.05155 0.05163 0.05362 0.05791 0.05824 0.05620 0.05395 0.05368 0.05338 0.05190 0.04830 0.04834 0.04927 0.04664 0.04370 0.04345 0.04231 0.04089 0.03912 0.03913 0.03735 0.03540 0.03314 0.03430 0.03182 0.02601 0.02035 0.01967 0.01673 0.01216 0.00787 0.00700 0.00460 0.00129 0.00116 0.00382 0.00797 0.01015 0.01169
0.05727 0.05902 0.06102 0.07168 0.07467 0.07255 0.06728 0.06714 0.06452 0.05892 0.05484 0.05301 0.04946 0.04370 0.04035 0.04088 0.04297 0.04415 0.04670 0.04961 0.05082 0.05195 0.05424 0.05619 0.05628 0.05678 0.05705 0.05382 0.05166 0.05312 0.05252 0.04864 0.04644 0.04688 0.04656 0.04495 0.04319 0.04089 0.04142 0.03992 0.03720 0.03529 0.03751 0.03576 0.03109 0.02800 0.02785 0.02398 0.01579 0.01322 0.01319 0.01009 0.00618 0.00341 0.00136 0.00143 0.00446 0.00645 0.00928 0.01210
0.06617 0.06871 0.07287 0.07436 0.07105 0.07006 0.07547 0.07253 0.06398 0.05957 0.06288 0.06015 0.05228 0.04888 0.04906 0.04829 0.04688 0.04807 0.05287 0.05420 0.05200 0.05242 0.05673 0.05816 0.05664 0.05440 0.05541 0.05500 0.05395 0.05163 0.04961 0.05069 0.04825 0.04400 0.04565 0.04540 0.04278 0.04076 0.04114 0.03913 0.03716 0.03537 0.03665 0.03484 0.03172 0.02810 0.02717 0.02359 0.01748 0.01289 0.01280 0.01022 0.00609 0.00292 0.00126 0.00152 0.00384 0.00554 0.00807 0.01062
0.05986 0.06632 0.06760 0.06952 0.06800 0.07504 0.07393 0.06986 0.06562 0.06718 0.06654 0.06065 0.05795 0.05776 0.05567 0.05214 0.05324 0.05598 0.05645 0.05482 0.05557 0.05738 0.05752 0.05616 0.05762 0.05672 0.05492 0.05484 0.05552 0.05011 0.04760 0.05027 0.04891 0.04584 0.04508 0.04389 0.04262 0.04163 0.04039 0.03828 0.03849 0.03675 0.03458 0.03241 0.03443 0.03083 0.02422 0.01991 0.01963 0.01582 0.01050 0.00772 0.00685 0.00409 0.00134 0.00106 0.00357 0.00645 0.00946 0.01083
0.07201 0.07257 0.07075 0.07440 0.07905 0.07942 0.07065 0.07083 0.07492 0.07463 0.06582 0.06484 0.06732 0.06610 0.05871 0.05778 0.06241 0.06268 0.05750 0.05670 0.06101 0.06150 0.05673 0.05413 0.05781 0.05796 0.05651 0.05272 0.05157 0.05138 0.05118 0.04848 0.04791 0.04927 0.04522 0.04134 0.04372 0.04269 0.03986 0.03725 0.03919 0.03739 0.03412 0.03185 0.03414 0.03174 0.02398 0.01980 0.01914 0.01647 0.01066 0.00710 0.00650 0.00406 0.00113 0.00095 0.00322 0.00523 0.00741 0.00835
0.06527 0.06790 0.06580 0.07486 0.07357 0.07460 0.06947 0.07585 0.07723 0.07321 0.06980 0.07314 0.07358 0.06807 0.06556 0.06843 0.06825 0.06365 0.06210 0.06436 0.06386 0.05992 0.05835 0.05905 0.05895 0.05684 0.05743 0.05303 0.05025 0.05308 0.05314 0.04688 0.04402 0.04782 0.04550 0.04374 0.04368 0.04205 0.04016 0.03840 0.03788 0.03645 0.03547 0.03354 0.03204 0.02890 0.02628 0.02173 0.01698 0.01376 0.01228 0.00896 0.00561 0.00311 0.00125 0.00121 0.00363 0.00497 0.00724 0.00999
0.06716 0.07466 0.07407 0.07766 0.07109 0.07841 0.07816 0.07990 0.07037 0.07472 0.07622 0.07663 0.06714 0.06787 0.07091 0.07026 0.06243 0.06231 0.06651 0.06621 0.05881 0.05730 0.06123 0.06175 0.05736 0.05293 0.05466 0.05506 0.05481 0.05260 0.04878 0.04987 0.04857 0.04392 0.04713 0.04694 0.04292 0.03931 0.04175 0.04118 0.03720 0.03425 0.03616 0.03648 0.03077 0.02786 0.02597 0.02420 0.01598 0.01307 0.01171 0.00938 0.00519 0.00269 0.00107 0.00091 0.00288 0.00371 0.00521 0.00477
0.05880 0.06834 0.06641 0.07354 0.06846 0.07774 0.07489 0.07524 0.06765 0.07267 0.07214 0.06766 0.06167 0.06528 0.06359 0.05972 0.05712 0.06203 0.06216 0.05877 0.05650 0.05983 0.06105 0.05807 0.05678 0.05507 0.05580 0.05694 0.05649 0.05018 0.04713 0.05171 0.05132 0.04549 0.04616 0.04595 0.04293 0.04065 0.04183 0.04080 0.03745 0.03548 0.03534 0.03511 0.03176 0.02913 0.02472 0.02192 0.01762 0.01388 0.01025 0.00835 0.00612 0.00316 0.00101 0.00093 0.00314 0.00466 0.00665 0.00727
0.05901 0.06913 0.06574 0.07843 0.07473 0.08144 0.06876 0.07781 0.07080 0.07293 0.06176 0.06444 0.06245 0.06076 0.05151 0.05332 0.05665 0.05816 0.05291 0.05499 0.05821 0.05947 0.05603 0.05455 0.05793 0.05968 0.05763 0.05376 0.05203 0.05101 0.05187 0.04941 0.04983 0.05027 0.04633 0.04151 0.04461 0.04489 0.04119 0.03729 0.03819 0.03983 0.03419 0.03261 0.03146 0.03376 0.02297 0.02092 0.01660 0.01630 0.00905 0.00724 0.00527 0.00280 0.00085 0.00065 0.00225 0.00242 0.00399 0.00267
0.05295 0.06576 0.06186 0.07583 0.07268 0.08125 0.06710 0.07585 0.06742 0.06929 0.05754 0.06128 0.05562 0.05270 0.04517 0.04959 0.05022 0.05122 0.04922 0.05465 0.05551 0.05543 0.05402 0.05554 0.05982 0.05933 0.05753 0.05257 0.05228 0.05380 0.05361 0.04790 0.04920 0.04927 0.04679 0.04257 0.04572 0.04457 0.04070 0.03823 0.03888 0.03917 0.03373 0.03352 0.03143 0.03230 0.02304 0.02131 0.01574 0.01538 0.01015 0.00739 0.00458 0.00289 0.00098 0.00076 0.00234 0.00308 0.00470 0.00419
0.05332 0.06877 0.06441 0.08064 0.07248 0.08818 0.06980 0.07922 0.06270 0.06980 0.05809 0.05937 0.04858 0.04748 0.04236 0.04477 0.04248 0.04729 0.04759 0.05278 0.05141 0.05330 0.05385 0.05572 0.06137 0.05662 0.05695 0.05381 0.05285 0.05289 0.05294 0.04782 0.04939 0.04783 0.04732 0.04531 0.04602 0.04177 0.04113 0.04068 0.03827 0.03715 0.03292 0.03689 0.02934 0.03171 0.02125 0.02448 0.01328 0.01508 0.00859 0.00771 0.00341 0.00217 0.00074 0.00047 0.00152 0.00128 0.00222 0.00000
