0.00000 0.00000 0.00000 0.00000 0.00000 0.00000 0.00000 0.00000 0.00000 0.00000 0.00000 0.00000 0.00000 0.00000 0.00000 0.00000 0.00000 0.00000 0.00000 0.00000 0.00000 0.00000 0.00000 0.00000 0.00000 0.00000 0.00000 0.00000 0.00000 0.00000 0.00000 0.00000 0.00000 0.00000 0.00000 0.00000 0.00000 0.00000 0.00000 0.00000 0.00000 0.00000 0.00000 0.00000 0.00000 0.00000 0.00000 0.00000 0.00000 0.00000 0.00000 0.00000 0.00000 0.00000 0.00000 0.00000 0.00000 0.00000 0.00000 0.00000
0.00000 0.00000 0.00000 0.00000 0.00000 0.00000 0.00000 0.00000 0.00000 0.00000 0.00000 0.00000 0.00000 0.00000 0.00000 0.00000 0.00000 0.00000 0.00000 0.00000 0.00000 0.00000 0.00000 0.00000 0.00000 0.00000 0.00000 0.00000 0.00000 0.00000 0.00000 0.00000 0.00000 0.00000 0.00000 0.00000 0.00000 0.00000 0.00000 0.00000 0.00000 0.00000 0.00000 0.00000 0.00000 0.00000 0.00000 0.00000 0.00000 0.00000 0.00000 0.00000 0.00000 0.00000 0.00000 0.00000 0.00000 0.00000 0.00000 0.00000
0.00000 0.00000 0.00000 0.00000 0.00000 0.00000 0.00000 0.00000 0.00000 0.00000 0.00000 0.00000 0.00000 0.00000 0.00000 0.00000 0.00000 0.00000 0.00000 0.00000 0.00000 0.00000 0.00000 0.00000 0.00000 0.00000 0.00000 0.00000 0.00000 0.00000 0.00000 0.00000 0.00000 0.00000 0.00000 0.00000 0.00000 0.00000 0.00000 0.00000 0.00000 0.00000 0.00000 0.00000 0.00000 0.00000 0.00000 0.00000 0.00000 0.00000 0.00000 0.00000 0.00000 0.00000 0.00000 0.00000 0.00000 0.00000 0.00000 0.00000
0.00000 0.00000 0.00000 0.00000 0.00000 0.00000 0.00000 0.00000 0.00000 0.00000 0.00000 0.00000 0.00000 0.00000 0.00000 0.00000 0.00000 0.00000 0.00000 0.00000 0.00000 0.00000 0.00000 0.00000 0.00000 0.00000 0.00000 0.00000 0.00000 0.00000 0.00000 0.00000 0.00000 0.00000 0.00000 0.00000 0.00000 0.00000 0.00000 0.00000 0.00000 0.00000 0.00000 0.00000 0.00000 0.00000 0.00000 0.00000 0.00000 0.00000 0.00000 0.00000 0.00000 0.00000 0.00000 0.00000 0.00000 0.00000 0.00000 0.00000
0.00000 0.00000 0.00000 0.00000 0.00000 0.00000 0.00000 0.00000 0.00000 0.00000 0.00000 0.00000 0.00000 0.00000 0.00000 0.00000 0.00000 0.00000 0.00000 0.00000 0.00000 0.00000 0.00000 0.00000 0.00000 0.00000 0.00000 0.00000 0.00000 0.00000 0.00000 0.00000 0.00000 0.00000 0.00000 0.00000 0.00000 0.00000 0.00000 0.00000 0.00000 0.00000 0.00000 0.00000 0.00000 0.00000 0.00000 0.00000 0.00000 0.00000 0.00000 0.00000 0.00000 0.00000 0.00000 0.00000 0.00000 0.00000 0.00000 0.00000
0.00000 0.00000 0.00000 0.00000 0.00000 0.00000 0.00000 0.00000 0.00000 0.00000 0.00000 0.00000 0.00000 0.00000 0.00000 0.00000 0.00000 0.00000 0.00000 0.00000 0.00000 0.00000 0.00000 0.00000 0.00000 0.00000 0.00000 0.00000 0.00000 0.00000 0.00000 0.00000 0.00000 0.00000 0.00000 0.00000 0.00000 0.00000 0.00000 0.00000 0.00000 0.00000 0.00000 0.00000 0.00000 0.00000 0.00000 0.00000 0.00000 0.00000 0.00000 0.00000 0.00000 0.00000 0.00000 0.00000 0.00000 0.00000 0.00000 0.00000
0.00000 0.00000 0.00000 0.00000 0.00000 0.00000 0.00000 0.00000 0.00000 0.00000 0.00000 0.00000 0.00000 0.00000 0.00000 0.00000 0.00000 0.00000 0.00000 0.00000 0.00000 0.00000 0.00000 0.00000 0.00000 0.00000 0.00000 0.00000 0.00000 0.00000 0.00000 0.00000 0.00000 0.00000 0.00000 0.00000 0.00000 0.00000 0.00000 0.00000 0.00000 0.00000 0.00000 0.00000 0.00000 0.00000 0.00000 0.00000 0.00000 0.00000 0.00000 0.00000 0.00000 0.00000 0.00000 0.00000 0.00000 0.00000 0.00000 0.00000
0.00000 0.00000 0.00000 0.00000 0.00000 0.00000 0.00000 0.00000 0.00000 0.00000 0.00000 0.00000 0.00000 0.00000 0.00000 0.00000 0.00000 0.00000 0.00000 0.00000 0.00000 0.00000 0.00000 0.00000 0.00000 0.00000 0.00000 0.00000 0.00000 0.00000 0.00000 0.00000 0.00000 0.00000 0.00000 0.00000 0.00000 0.00000 0.00000 0.00000 0.00000 0.00000 0.00000 0.00000 0.00000 0.00000 0.00000 0.00000 0.00000 0.00000 0.00000 0.00000 0.00000 0.00000 0.00000 0.00000 0.00000 0.00000 0.00000 0.00000
0.00000 0.00000 0.00000 0.00000 0.00000 0.00000 0.00000 0.00000 0.00000 0.00000 0.00000 0.00000 0.00000 0.00000 0.00000 0.00000 0.00000 0.00000 0.00000 0.00000 0.00000 0.00000 0.00000 0.00000 0.00000 0.00000 0.00000 0.00000 0.00000 0.00000 0.00000 0.00000 0.00000 0.00000 0.00000 0.00000 0.00000 0.00000 0.00000 0.00000 0.00000 0.00000 0.00000 0.00000 0.00000 0.00000 0.00000 0.00000 0.00000 0.00000 0.00000 0.00000 0.00000 0.00000 0.00000 0.00000 0.00000 0.00000 0.00000 0.00000
0.00000 0.00000 0.00000 0.00000 0.00000 0.00000 0.00000 0.00000 0.00000 0.00000 0.00000 0.00000 0.00000 0.00000 0.00000 0.00000 0.00000 0.00000 0.00000 0.00000 0.00000 0.00000 0.00000 0.00000 0.00000 0.00000 0.00000 0.00000 0.00000 0.00000 0.00000 0.00000 0.00000 0.00000 0.00000 0.00000 0.00000 0.00000 0.00000 0.00000 0.00000 0.00000 0.00000 0.00000 0.00000 0.00000 0.00000 0.00000 0.00000 0.00000 0.00000 0.00000 0.00000 0.00000 0.00000 0.00000 0.00000 0.00000 0.00000 0.00000
0.00000 0.00000 0.00000 0.00000 0.00000 0.00000 0.00000 0.00000 0.00000 0.00000 0.00000 0.00000 0.00000 0.00000 0.00000 0.00000 0.00000 0.00000 0.00000 0.00000 0.00000 0.00000 0.00000 0.00000 0.00000 0.00000 0.00000 0.00000 0.00000 0.00000 0.00000 0.00000 0.00000 0.00000 0.00000 0.00000 0.00000 0.00000 0.00000 0.00000 0.00000 0.00000 0.00000 0.00000 0.00000 0.00000 0.00000 0.00000 0.00000 0.00000 0.00000 0.00000 0.00000 0.00000 0.00000 0.00000 0.00000 0.00000 0.00000 0.00000
0.00000 0.00000 0.00000 0.00000 0.00000 0.00000 0.00000 0.00000 0.00000 0.00000 0.00000 0.00000 0.00000 0.00000 0.00000 0.00000 0.00000 0.00000 0.00000 0.00000 0.00000 0.00000 0.00000 0.00000 0.00000 0.00000 0.00000 0.00000 0.00000 0.00000 0.00000 0.00000 0.00000 0.00000 0.00000 0.00000 0.00000 0.00000 0.00000 0.00000 0.00000 0.00000 0.00000 0.00000 0.00000 0.00000 0.00000 0.00000 0.00000 0.00000 0.00000 0.00000 0.00000 0.00000 0.00000 0.00000 0.00000 0.00000 0.00000 0.00000
0.00000 0.00000 0.00000 0.00000 0.00000 0.00000 0.00000 0.00000 0.00000 0.00000 0.00000 0.00000 0.00000 0.00000 0.00000 0.00000 0.00000 0.00000 0.00000 0.00000 0.00000 0.00000 0.00000 0.00000 0.00000 0.00000 0.00000 0.00000 0.00000 0.00000 0.00000 0.00000 0.00000 0.00000 0.00000 0.00000 0.00000 0.00000 0.00000 0.00000 0.00000 0.00000 0.00000 0.00000 0.00000 0.00000 0.00000 0.00000 0.00000 0.00000 0.00000 0.00000 0.00000 0.00000 0.00000 0.00000 0.00000 0.00000 0.00000 0.00000
0.00000 0.00000 0.00000 0.00000 0.00000 0.00000 0.00000 0.00000 0.00000 0.00000 0.00000 0.00000 0.00000 0.00000 0.00000 0.00000 0.00000 0.00000 0.00000 0.00000 0.00000 0.00000 0.00000 0.00000 0.00000 0.00000 0.00000 0.00000 0.00000 0.00000 0.00000 0.00000 0.00000 0.00000 0.00000 0.00000 0.00000 0.00000 0.00000 0.00000 0.00000 0.00000 0.00000 0.00000 0.00000 0.00000 0.00000 0.00000 0.00000 0.00000 0.00000 0.00000 0.00000 0.00000 0.00000 0.00000 0.00000 0.00000 0.00000 0.00000
0.00000 0.00000 0.00000 0.00000 0.00000 0.00000 0.00000 0.00000 0.00000 0.00000 0.00000 0.00000 0.00000 0.00000 0.00000 0.00000 0.00000 0.00000 0.00000 0.00000 0.00000 0.00000 0.00000 0.00000 0.00000 0.00000 0.00000 0.00000 0.00000 0.00000 0.00000 0.00000 0.00000 0.00000 0.00000 0.00000 0.00000 0.00000 0.00000 0.00000 0.00000 0.00000 0.00000 0.00000 0.00000 0.00000 0.00000 0.00000 0.00000 0.00000 0.00000 0.00000 0.00000 0.00000 0.00000 0.00000 0.00000 0.00000 0.00000 0.00000
0.00000 0.00000 0.00000 0.00000 0.00000 0.00000 0.00000 0.00000 0.00000 0.00000 0.00000 0.00000 0.00000 0.00000 0.00000 0.00183 0.00549 0.00913 0.01279 0.01651 0.02018 0.02376 0.02742 0.03126 0.03496 0.03477 0.03113 0.02766 0.02393 0.02017 0.01659 0.01293 0.00919 0.00551 0.00185 0.00000 0.00000 0.00000 0.00000 0.00000 0.00000 0.00000 0.00000 0.00000 0.00000 0.00000 0.00000 0.00000 0.00000 0.00000 0.00000 0.00000 0.00000 0.00000 0.00000 0.00000 0.00000 0.00000 0.00000 0.00000
0.00000 0.00000 0.00000 0.00000 0.00000 0.00000 0.00000 0.00000 0.00000 0.00000 0.00000 0.00000 0.00000 0.00000 0.00000 0.00546 0.01642 0.02753 0.03851 0.04927 0.06026 0.07160 0.08262 0.09336 0.10431 0.10461 0.09378 0.08277 0.07152 0.06059 0.04979 0.03863 0.02756 0.01662 0.00554 0.00000 0.00000 0.00000 0.00000 0.00000 0.00000 0.00000 0.00000 0.00000 0.00000 0.00000 0.00000 0.00000 0.00000 0.00000 0.00000 0.00000 0.00000 0.00000 0.00000 0.00000 0.00000 0.00000 0.00000 0.00000
0.00000 0.00000 0.00000 0.00000 0.00000 0.00000 0.00000 0.00000 0.00000 0.00000 0.00000 0.00000 0.00000 0.00000 0.00000 0.00912 0.02737 0.04589 0.06410 0.08216 0.10040 0.11942 0.13778 0.15540 0.17359 0.17480 0.15653 0.13740 0.11922 0.10130 0.08252 0.06428 0.04618 0.02769 0.00919 0.00000 0.00000 0.00000 0.00000 0.00000 0.00000 0.00000 0.00000 0.00000 0.00000 0.00000 0.00000 0.00000 0.00000 0.00000 0.00000 0.00000 0.00000 0.00000 0.00000 0.00000 0.00000 0.00000 0.00000 0.00000
0.00000 0.00000 0.00000 0.00000 0.00000 0.00000 0.00000 0.00000 0.00000 0.00000 0.00000 0.00000 0.00000 0.00000 0.00000 0.01283 0.03842 0.06376 0.08944 0.11555 0.14116 0.16625 0.19179 0.21825 0.24431 0.24395 0.21766 0.19248 0.16759 0.14185 0.11543 0.09010 0.06463 0.03862 0.01286 0.00000 0.00000 0.00000 0.00000 0.00000 0.00000 0.00000 0.00000 0.00000 0.00000 0.00000 0.00000 0.00000 0.00000 0.00000 0.00000 0.00000 0.00000 0.00000 0.00000 0.00000 0.00000 0.00000 0.00000 0.00000
0.00000 0.00000 0.00000 0.00000 0.00000 0.00000 0.00000 0.00000 0.00000 0.00000 0.00000 0.00000 0.00000 0.00000 0.00000 0.01651 0.04938 0.08202 0.11489 0.14871 0.18148 0.21367 0.24640 0.28095 0.31435 0.31311 0.27971 0.24799 0.21531 0.18178 0.14902 0.11592 0.08250 0.04962 0.01662 0.00000 0.00000 0.00000 0.00000 0.00000 0.00000 0.00000 0.00000 0.00000 0.00000 0.00000 0.00000 0.00000 0.00000 0.00000 0.00000 0.00000 0.00000 0.00000 0.00000 0.00000 0.00000 0.00000 0.00000 0.00000
0.00000 0.00000 0.00000 0.00000 0.00000 0.00000 0.00000 0.00000 0.00000 0.00000 0.00000 0.00000 0.00000 0.00000 0.00000 0.02002 0.06024 0.10075 0.14096 0.18049 0.22084 0.26214 0.30276 0.34192 0.38174 0.38345 0.34393 0.30268 0.26167 0.22212 0.18237 0.14150 0.10078 0.06080 0.02031 0.00000 0.00000 0.00000 0.00000 0.00000 0.00000 0.00000 0.00000 0.00000 0.00000 0.00000 0.00000 0.00000 0.00000 0.00000 0.00000 0.00000 0.00000 0.00000 0.00000 0.00000 0.00000 0.00000 0.00000 0.00000
0.00000 0.00000 0.00000 0.00000 0.00000 0.00000 0.00000 0.00000 0.00000 0.00000 0.00000 0.00000 0.00000 0.00000 0.00000 0.02365 0.07103 0.11921 0.16654 0.21325 0.26073 0.31001 0.35768 0.40407 0.45108 0.45295 0.40637 0.35779 0.30930 0.26247 0.21489 0.16718 0.11985 0.07182 0.02384 0.00000 0.00000 0.00000 0.00000 0.00000 0.00000 0.00000 0.00000 0.00000 0.00000 0.00000 0.00000 0.00000 0.00000 0.00000 0.00000 0.00000 0.00000 0.00000 0.00000 0.00000 0.00000 0.00000 0.00000 0.00000
0.00000 0.00000 0.00000 0.00000 0.00000 0.00000 0.00000 0.00000 0.00000 0.00000 0.00000 0.00000 0.00000 0.00000 0.00000 0.02745 0.08221 0.13657 0.19164 0.24721 0.30238 0.35576 0.41054 0.46752 0.52363 0.52128 0.46590 0.41311 0.35898 0.30283 0.24706 0.19276 0.13829 0.08274 0.02750 0.00000 0.00000 0.00000 0.00000 0.00000 0.00000 0.00000 0.00000 0.00000 0.00000 0.00000 0.00000 0.00000 0.00000 0.00000 0.00000 0.00000 0.00000 0.00000 0.00000 0.00000 0.00000 0.00000 0.00000 0.00000
0.00000 0.00000 0.00000 0.00000 0.00000 0.00000 0.00000 0.00000 0.00000 0.00000 0.00000 0.00000 0.00000 0.00000 0.00000 0.03114 0.09327 0.15461 0.21668 0.28043 0.34244 0.40300 0.46503 0.52955 0.59276 0.59131 0.52799 0.46729 0.40661 0.34336 0.28010 0.21859 0.15587 0.09364 0.03135 0.00000 0.00000 0.00000 0.00000 0.00000 0.00000 0.00000 0.00000 0.00000 0.00000 0.00000 0.00000 0.00000 0.00000 0.00000 0.00000 0.00000 0.00000 0.00000 0.00000 0.00000 0.00000 0.00000 0.00000 0.00000
0.00000 0.00000 0.00000 0.00000 0.00000 0.00000 0.00000 0.00000 0.00000 0.00000 0.00000 0.00000 0.00000 0.00000 0.00000 0.03459 0.10405 0.17374 0.24315 0.31160 0.38134 0.45220 0.52288 0.58969 0.65877 0.66186 0.59395 0.52178 0.45142 0.38336 0.31487 0.24482 0.17377 0.10458 0.03503 0.00000 0.00000 0.00000 0.00000 0.00000 0.00000 0.00000 0.00000 0.00000 0.00000 0.00000 0.00000 0.00000 0.00000 0.00000 0.00000 0.00000 0.00000 0.00000 0.00000 0.00000 0.00000 0.00000 0.00000 0.00000
0.00000 0.00000 0.00000 0.00000 0.00000 0.00000 0.00000 0.00000 0.00000 0.00000 0.00000 0.00000 0.00000 0.00000 0.00000 0.03453 0.10366 0.17401 0.24338 0.31111 0.38060 0.45250 0.52217 0.58937 0.65855 0.66089 0.59310 0.52223 0.45123 0.38300 0.31458 0.24423 0.17442 0.10486 0.03484 0.00000 0.00000 0.00000 0.00000 0.00000 0.00000 0.00000 0.00000 0.00000 0.00000 0.00000 0.00000 0.00000 0.00000 0.00000 0.00000 0.00000 0.00000 0.00000 0.00000 0.00000 0.00000 0.00000 0.00000 0.00000
0.00000 0.00000 0.00000 0.00000 0.00000 0.00000 0.00000 0.00000 0.00000 0.00000 0.00000 0.00000 0.00000 0.00000 0.00000 0.03105 0.09298 0.15484 0.21720 0.27971 0.34194 0.40290 0.46509 0.52902 0.59277 0.59007 0.52756 0.46738 0.40667 0.34311 0.27974 0.21767 0.15669 0.09394 0.03114 0.00000 0.00000 0.00000 0.00000 0.00000 0.00000 0.00000 0.00000 0.00000 0.00000 0.00000 0.00000 0.00000 0.00000 0.00000 0.00000 0.00000 0.00000 0.00000 0.00000 0.00000 0.00000 0.00000 0.00000 0.00000
0.00000 0.00000 0.00000 0.00000 0.00000 0.00000 0.00000 0.00000 0.00000 0.00000 0.00000 0.00000 0.00000 0.00000 0.00000 0.02744 0.08234 0.13632 0.19099 0.24727 0.30202 0.35492 0.40988 0.46700 0.52239 0.52025 0.46526 0.41187 0.35832 0.30239 0.24683 0.19264 0.13752 0.08250 0.02758 0.00000 0.00000 0.00000 0.00000 0.00000 0.00000 0.00000 0.00000 0.00000 0.00000 0.00000 0.00000 0.00000 0.00000 0.00000 0.00000 0.00000 0.00000 0.00000 0.00000 0.00000 0.00000 0.00000 0.00000 0.00000
0.00000 0.00000 0.00000 0.00000 0.00000 0.00000 0.00000 0.00000 0.00000 0.00000 0.00000 0.00000 0.00000 0.00000 0.00000 0.02368 0.07122 0.11866 0.16585 0.21314 0.26096 0.30898 0.35625 0.40294 0.45035 0.45231 0.40494 0.35639 0.30846 0.26165 0.21521 0.16733 0.11883 0.07140 0.02392 0.00000 0.00000 0.00000 0.00000 0.00000 0.00000 0.00000 0.00000 0.00000 0.00000 0.00000 0.00000 0.00000 0.00000 0.00000 0.00000 0.00000 0.00000 0.00000 0.00000 0.00000 0.00000 0.00000 0.00000 0.00000
0.00000 0.00000 0.00000 0.00000 0.00000 0.00000 0.00000 0.00000 0.00000 0.00000 0.00000 0.00000 0.00000 0.00000 0.00000 0.01998 0.05997 0.10061 0.14086 0.18002 0.22017 0.26183 0.30194 0.34056 0.38102 0.38260 0.34260 0.30149 0.26129 0.22181 0.18126 0.14094 0.10100 0.06060 0.02018 0.00000 0.00000 0.00000 0.00000 0.00000 0.00000 0.00000 0.00000 0.00000 0.00000 0.00000 0.00000 0.00000 0.00000 0.00000 0.00000 0.00000 0.00000 0.00000 0.00000 0.00000 0.00000 0.00000 0.00000 0.00000
0.00000 0.00000 0.00000 0.00000 0.00000 0.00000 0.00000 0.00000 0.00000 0.00000 0.00000 0.00000 0.00000 0.00000 0.00000 0.01640 0.04911 0.08197 0.11506 0.14790 0.18033 0.21303 0.24646 0.27994 0.31198 0.31155 0.27951 0.24750 0.21400 0.18126 0.14789 0.11523 0.08267 0.04960 0.01647 0.00000 0.00000 0.00000 0.00000 0.00000 0.00000 0.00000 0.00000 0.00000 0.00000 0.00000 0.00000 0.00000 0.00000 0.00000 0.00000 0.00000 0.00000 0.00000 0.00000 0.00000 0.00000 0.00000 0.00000 0.00000
0.00000 0.00000 0.00000 0.00000 0.00000 0.00000 0.00000 0.00000 0.00000 0.00000 0.00000 0.00000 0.00000 0.00000 0.00000 0.01279 0.03839 0.06360 0.08904 0.11524 0.14073 0.16555 0.19120 0.21773 0.24297 0.24244 0.21752 0.19224 0.16605 0.14065 0.11573 0.08989 0.06397 0.03843 0.01288 0.00000 0.00000 0.00000 0.00000 0.00000 0.00000 0.00000 0.00000 0.00000 0.00000 0.00000 0.00000 0.00000 0.00000 0.00000 0.00000 0.00000 0.00000 0.00000 0.00000 0.00000 0.00000 0.00000 0.00000 0.00000
0.00000 0.00000 0.00000 0.00000 0.00000 0.00000 0.00000 0.00000 0.00000 0.00000 0.00000 0.00000 0.00000 0.00000 0.00000 0.00911 0.02740 0.04558 0.06367 0.08191 0.10048 0.11881 0.13663 0.15468 0.17369 0.17411 0.15522 0.13690 0.11879 0.10067 0.08261 0.06416 0.04565 0.02750 0.00919 0.00000 0.00000 0.00000 0.00000 0.00000 0.00000 0.00000 0.00000 0.00000 0.00000 0.00000 0.00000 0.00000 0.00000 0.00000 0.00000 0.00000 0.00000 0.00000 0.00000 0.00000 0.00000 0.00000 0.00000 0.00000
0.00000 0.00000 0.00000 0.00000 0.00000 0.00000 0.00000 0.00000 0.00000 0.00000 0.00000 0.00000 0.00000 0.00000 0.00000 0.00545 0.01633 0.02741 0.03836 0.04908 0.05999 0.07134 0.08206 0.09283 0.10410 0.10431 0.09290 0.08209 0.07156 0.06042 0.04925 0.03844 0.02756 0.01651 0.00548 0.00000 0.00000 0.00000 0.00000 0.00000 0.00000 0.00000 0.00000 0.00000 0.00000 0.00000 0.00000 0.00000 0.00000 0.00000 0.00000 0.00000 0.00000 0.00000 0.00000 0.00000 0.00000 0.00000 0.00000 0.00000
0.00000 0.00000 0.00000 0.00000 0.00000 0.00000 0.00000 0.00000 0.00000 0.00000 0.00000 0.00000 0.00000 0.00000 0.00000 0.00182 0.00545 0.00910 0.01279 0.01642 0.02002 0.02365 0.02740 0.03111 0.03466 0.03464 0.03103 0.02744 0.02384 0.02012 0.01640 0.01281 0.00918 0.00549 0.00183 0.00000 0.00000 0.00000 0.00000 0.00000 0.00000 0.00000 0.00000 0.00000 0.00000 0.00000 0.00000 0.00000 0.00000 0.00000 0.00000 0.00000 0.00000 0.00000 0.00000 0.00000 0.00000 0.00000 0.00000 0.00000
0.02005 0.02365 0.02734 0.03106 0.03469 0.03448 0.03083 0.02736 0.02374 0.01998 0.01632 0.01276 0.00913 0.00545 0.00181 0.00000 0.00000 0.00000 0.00000 0.00000 0.00000 0.00000 0.00000 0.00000 0.00000 0.00182 0.00550 0.00914 0.01275 0.01646 0.02018 0.02374 0.02736 0.03117 0.03488 0.03671 0.03663 0.03658 0.03670 0.03683 0.03675 0.03664 0.03675 0.03692 0.03694 0.03490 0.03126 0.02775 0.02409 0.02026 0.01658 0.01296 0.00928 0.00555 0.00184 0.00185 0.00555 0.00925 0.01289 0.01651
0.06012 0.07098 0.08208 0.09316 0.10398 0.10354 0.09256 0.08202 0.07120 0.05999 0.04897 0.03824 0.02740 0.01637 0.00545 0.00000 0.00000 0.00000 0.00000 0.00000 0.00000 0.00000 0.00000 0.00000 0.00000 0.00548 0.01648 0.02740 0.03823 0.04933 0.06050 0.07125 0.08214 0.09352 0.10464 0.10952 0.10957 0.11036 0.11030 0.10972 0.10990 0.11061 0.11046 0.11022 0.11018 0.10518 0.09414 0.08313 0.07180 0.06089 0.04999 0.03889 0.02768 0.01659 0.00557 0.00556 0.01663 0.02759 0.03863 0.04960
0.10066 0.11881 0.13686 0.15427 0.17265 0.17337 0.15515 0.13628 0.11787 0.10014 0.08217 0.06363 0.04533 0.02730 0.00913 0.00000 0.00000 0.00000 0.00000 0.00000 0.00000 0.00000 0.00000 0.00000 0.00000 0.00914 0.02728 0.04567 0.06414 0.08203 0.10016 0.11916 0.13757 0.15515 0.17361 0.18352 0.18333 0.18338 0.18322 0.18316 0.18365 0.18420 0.18386 0.18339 0.18369 0.17551 0.15711 0.13792 0.11949 0.10185 0.08335 0.06458 0.04603 0.02775 0.00927 0.00926 0.02762 0.04608 0.06468 0.08315
0.14076 0.16622 0.19141 0.21585 0.24147 0.24273 0.21711 0.19073 0.16486 0.14031 0.11494 0.08906 0.06339 0.03825 0.01278 0.00000 0.00000 0.00000 0.00000 0.00000 0.00000 0.00000 0.00000 0.00000 0.00000 0.01277 0.03817 0.06386 0.08971 0.11498 0.14038 0.16667 0.19225 0.21691 0.24293 0.25724 0.25703 0.25555 0.25571 0.25775 0.25756 0.25654 0.25631 0.25836 0.25799 0.24543 0.21863 0.19334 0.16807 0.14243 0.11627 0.09025 0.06473 0.03890 0.01295 0.01287 0.03872 0.06467 0.09052 0.11589
0.18071 0.21309 0.24643 0.27968 0.31209 0.31091 0.27778 0.24580 0.21356 0.18014 0.14689 0.11449 0.08217 0.04915 0.01632 0.00000 0.00000 0.00000 0.00000 0.00000 0.00000 0.00000 0.00000 0.00000 0.00000 0.01640 0.04941 0.08191 0.11458 0.14833 0.18133 0.21314 0.24631 0.28079 0.31304 0.32854 0.32948 0.33036 0.33007 0.33014 0.33015 0.33023 0.33100 0.33169 0.33166 0.31422 0.28084 0.24957 0.21612 0.18243 0.14894 0.11661 0.08333 0.04994 0.01658 0.01662 0.05004 0.08342 0.11649 0.14987
0.22014 0.25986 0.30025 0.34144 0.38124 0.37922 0.33870 0.30092 0.26080 0.21973 0.17923 0.14030 0.10028 0.05996 0.01992 0.00000 0.00000 0.00000 0.00000 0.00000 0.00000 0.00000 0.00000 0.00000 0.00000 0.02001 0.06024 0.10032 0.14022 0.18104 0.22123 0.26044 0.30115 0.34297 0.38266 0.40102 0.40191 0.40407 0.40413 0.40206 0.40215 0.40547 0.40511 0.40537 0.40297 0.38386 0.34511 0.30472 0.26329 0.22246 0.18278 0.14248 0.10174 0.06071 0.02028 0.02038 0.06107 0.10106 0.14147 0.18224
0.26269 0.30990 0.35630 0.40244 0.44972 0.45024 0.40332 0.35495 0.30670 0.25987 0.21355 0.16573 0.11787 0.07083 0.02373 0.00000 0.00000 0.00000 0.00000 0.00000 0.00000 0.00000 0.00000 0.00000 0.00000 0.02370 0.07090 0.11886 0.16655 0.21279 0.26051 0.30955 0.35636 0.40259 0.45172 0.47713 0.47561 0.47483 0.47702 0.47762 0.47668 0.47682 0.47797 0.47829 0.47749 0.45466 0.40727 0.35956 0.31046 0.26392 0.21618 0.16817 0.11965 0.07196 0.02409 0.02408 0.07201 0.12014 0.16868 0.21723
0.30131 0.35621 0.41083 0.46234 0.51661 0.52009 0.46514 0.40818 0.35305 0.30076 0.24611 0.19059 0.13580 0.08199 0.02735 0.00000 0.00000 0.00000 0.00000 0.00000 0.00000 0.00000 0.00000 0.00000 0.00000 0.02742 0.08221 0.13663 0.19163 0.24558 0.30071 0.35720 0.41130 0.46408 0.52055 0.55023 0.54938 0.54728 0.54857 0.55142 0.55116 0.55116 0.54929 0.55048 0.55286 0.52541 0.46839 0.41277 0.36003 0.30487 0.24918 0.19309 0.13823 0.08335 0.02776 0.02758 0.08279 0.13876 0.19424 0.24852
0.34276 0.40392 0.46623 0.52808 0.58975 0.58833 0.52533 0.46373 0.40322 0.34057 0.27758 0.21611 0.15509 0.09290 0.03082 0.00000 0.00000 0.00000 0.00000 0.00000 0.00000 0.00000 0.00000 0.00000 0.00000 0.03098 0.09305 0.15453 0.21638 0.28006 0.34131 0.40198 0.46596 0.52990 0.58944 0.61951 0.62324 0.62449 0.62114 0.62109 0.62511 0.62542 0.62258 0.62304 0.62567 0.59514 0.53030 0.46858 0.40764 0.34524 0.28125 0.21892 0.15727 0.09430 0.03133 0.03133 0.09450 0.15757 0.22035 0.28364
0.38118 0.44925 0.51827 0.58965 0.65901 0.65438 0.58514 0.51961 0.45044 0.37887 0.30962 0.24236 0.17321 0.10339 0.03440 0.00000 0.00000 0.00000 0.00000 0.00000 0.00000 0.00000 0.00000 0.00000 0.00000 0.03449 0.10349 0.17355 0.24283 0.31266 0.38134 0.44930 0.52041 0.59138 0.65925 0.69271 0.69534 0.69650 0.69549 0.69595 0.69613 0.69685 0.69802 0.69918 0.69704 0.66134 0.59524 0.52563 0.45439 0.38397 0.31532 0.24596 0.17541 0.10490 0.03500 0.03517 0.10557 0.17483 0.24488 0.31512
0.40070 0.46558 0.53024 0.59468 0.65951 0.65905 0.59473 0.52821 0.46131 0.39597 0.33189 0.26590 0.19955 0.13440 0.06929 0.03641 0.03627 0.03635 0.03647 0.03639 0.03628 0.03639 0.03648 0.03640 0.03635 0.07102 0.14040 0.20996 0.27891 0.34714 0.41837 0.48872 0.55550 0.62457 0.69779 0.73147 0.72365 0.72057 0.72140 0.71843 0.71008 0.70715 0.70773 0.70499 0.69748 0.66133 0.59512 0.52546 0.45320 0.38374 0.31595 0.24568 0.17470 0.10480 0.03520 0.03518 0.10509 0.17508 0.24583 0.31619
0.39072 0.44256 0.49382 0.54055 0.59142 0.59464 0.54385 0.48905 0.43838 0.38994 0.33914 0.28616 0.23539 0.18591 0.13494 0.10873 0.10865 0.10942 0.10946 0.10881 0.10872 0.10949 0.10953 0.10888 0.10884 0.14066 0.20283 0.26340 0.32517 0.38817 0.45162 0.51345 0.57353 0.63628 0.70137 0.72604 0.71292 0.70412 0.69500 0.68262 0.67139 0.66281 0.65081 0.63894 0.63071 0.59449 0.53048 0.46798 0.40744 0.34507 0.28156 0.21900 0.15669 0.09428 0.03142 0.03132 0.09392 0.15680 0.21990 0.28218
0.38499 0.42045 0.45656 0.49224 0.52925 0.52857 0.49091 0.45415 0.41917 0.38249 0.34503 0.30865 0.27322 0.23668 0.19967 0.18165 0.18209 0.18192 0.18149 0.18179 0.18217 0.18191 0.18161 0.18196 0.18231 0.20948 0.26377 0.31854 0.37416 0.42922 0.48146 0.53709 0.59499 0.64879 0.70054 0.72092 0.70603 0.68675 0.66535 0.64853 0.63350 0.61588 0.59367 0.57598 0.56126 0.52484 0.46702 0.41273 0.36000 0.30448 0.24780 0.19307 0.13882 0.08320 0.02758 0.02761 0.08329 0.13891 0.19374 0.24845
0.37588 0.39658 0.41834 0.44200 0.46399 0.46039 0.43884 0.41939 0.39764 0.37298 0.35141 0.33174 0.30993 0.28601 0.26429 0.25530 0.25528 0.25357 0.25344 0.25546 0.25546 0.25377 0.25366 0.25567 0.25576 0.27763 0.32487 0.37481 0.42269 0.46759 0.51406 0.56421 0.61315 0.65824 0.70437 0.71898 0.69476 0.66615 0.64011 0.61819 0.59262 0.56485 0.54134 0.51632 0.48918 0.45291 0.40724 0.35897 0.31025 0.26311 0.21581 0.16787 0.11973 0.07191 0.02395 0.02398 0.07205 0.12006 0.16752 0.21534
0.36977 0.37613 0.38363 0.39050 0.39658 0.39591 0.38986 0.38263 0.37440 0.36659 0.36015 0.35328 0.34540 0.33769 0.33063 0.32747 0.32729 0.32707 0.32710 0.32724 0.32728 0.32739 0.32764 0.32744 0.32721 0.34766 0.38832 0.42829 0.46808 0.50856 0.55010 0.58846 0.62841 0.67091 0.71181 0.71297 0.68038 0.65018 0.61743 0.58329 0.54977 0.51763 0.48658 0.45395 0.41881 0.38312 0.34478 0.30386 0.26217 0.22252 0.18307 0.14212 0.10104 0.06081 0.02038 0.02036 0.06070 0.10135 0.14234 0.18353
0.36141 0.35418 0.34679 0.33781 0.33069 0.33223 0.33931 0.34454 0.35181 0.36114 0.36826 0.37358 0.38038 0.39019 0.39735 0.39898 0.39825 0.40095 0.40105 0.39899 0.39847 0.40101 0.40138 0.39936 0.39895 0.41760 0.45108 0.48207 0.51379 0.54902 0.58299 0.61317 0.64676 0.68277 0.71518 0.70864 0.66979 0.63273 0.59189 0.54929 0.51100 0.47191 0.42956 0.39010 0.35182 0.31421 0.28037 0.24835 0.21592 0.18223 0.14884 0.11622 0.08300 0.04975 0.01661 0.01663 0.04969 0.08274 0.11606 0.14916
0.35474 0.33201 0.30911 0.28673 0.26598 0.26609 0.28715 0.30831 0.33088 0.35332 0.37495 0.39566 0.41704 0.44033 0.46274 0.47239 0.47097 0.47242 0.47378 0.47294 0.47160 0.47227 0.47363 0.47354 0.47321 0.48551 0.51152 0.53810 0.56279 0.58705 0.61584 0.64245 0.66473 0.68982 0.71918 0.70954 0.65876 0.61083 0.56581 0.51979 0.47015 0.42244 0.37501 0.32846 0.28133 0.24423 0.21789 0.19311 0.16798 0.14177 0.11562 0.09038 0.06476 0.03875 0.01286 0.01292 0.03888 0.06475 0.09047 0.11624
0.34594 0.30948 0.27346 0.23704 0.20030 0.19985 0.23622 0.27350 0.30979 0.34535 0.38088 0.41859 0.45563 0.49160 0.52526 0.54502 0.54680 0.54650 0.54332 0.54436 0.54705 0.54685 0.54398 0.54445 0.54761 0.55677 0.57215 0.59041 0.61164 0.63115 0.64802 0.66511 0.68345 0.70263 0.72233 0.70464 0.64852 0.59382 0.54036 0.48631 0.42971 0.37546 0.32176 0.26610 0.21046 0.17474 0.15679 0.13777 0.11928 0.10149 0.08307 0.06442 0.04605 0.02774 0.00922 0.00920 0.02767 0.04609 0.06431 0.08231
0.33702 0.28674 0.23656 0.18554 0.13409 0.13411 0.18551 0.23658 0.28738 0.33764 0.38863 0.44026 0.49176 0.54166 0.59104 0.61773 0.61890 0.61883 0.61683 0.61698 0.61859 0.61965 0.61836 0.61719 0.61862 0.62612 0.63598 0.64510 0.65824 0.67142 0.67924 0.68959 0.70473 0.71603 0.72305 0.69808 0.64006 0.57817 0.51297 0.45110 0.39079 0.32895 0.26568 0.20334 0.14105 0.10487 0.09392 0.08267 0.07156 0.06088 0.04990 0.03866 0.02759 0.01664 0.00556 0.00553 0.01659 0.02765 0.03885 0.04986
0.33209 0.26544 0.19962 0.13453 0.06922 0.06916 0.13450 0.19999 0.26531 0.33091 0.39716 0.46292 0.52600 0.59154 0.65993 0.69336 0.68860 0.68871 0.69264 0.69348 0.68921 0.68894 0.69292 0.69395 0.69037 0.69168 0.69888 0.70417 0.70526 0.70720 0.71220 0.71905 0.72280 0.72376 0.72735 0.69759 0.62850 0.55772 0.48785 0.42011 0.35068 0.28032 0.21045 0.14164 0.07184 0.03485 0.03119 0.02767 0.02401 0.02022 0.01656 0.01294 0.00923 0.00552 0.00185 0.00185 0.00552 0.00916 0.01289 0.01649
0.33003 0.26414 0.19885 0.13422 0.06912 0.06896 0.13419 0.19991 0.26553 0.33068 0.39641 0.46249 0.52720 0.59253 0.65798 0.69254 0.69084 0.68987 0.69021 0.69305 0.69182 0.68951 0.69051 0.69394 0.69287 0.69190 0.69703 0.70444 0.70607 0.70721 0.71386 0.71943 0.72020 0.72333 0.73100 0.69862 0.62621 0.55683 0.49011 0.42094 0.34970 0.28001 0.21102 0.14179 0.07174 0.03486 0.03121 0.02767 0.02401 0.02022 0.01656 0.01295 0.00926 0.00552 0.00184 0.00185 0.00556 0.00919 0.01292 0.01654
0.33820 0.28734 0.23697 0.18520 0.13414 0.13437 0.18565 0.23623 0.28732 0.33843 0.38880 0.43966 0.49235 0.54410 0.59118 0.61736 0.61982 0.62095 0.61654 0.61699 0.61967 0.62063 0.61755 0.61732 0.62016 0.62684 0.63522 0.64506 0.65844 0.67204 0.68157 0.68954 0.70155 0.71676 0.72721 0.69847 0.63736 0.57850 0.51546 0.45171 0.38990 0.32946 0.26659 0.20349 0.14129 0.10510 0.09405 0.08269 0.07178 0.06094 0.04990 0.03862 0.02770 0.01665 0.00554 0.00551 0.01663 0.02762 0.03866 0.04928
0.34371 0.30804 0.27247 0.23478 0.19904 0.19964 0.23665 0.27165 0.30865 0.34657 0.38225 0.41842 0.45416 0.49349 0.52807 0.54617 0.54442 0.54819 0.54681 0.54502 0.54439 0.54788 0.54757 0.54467 0.54510 0.55766 0.57562 0.59040 0.60990 0.63183 0.64898 0.66442 0.68498 0.70598 0.72235 0.70258 0.65012 0.59746 0.54061 0.48522 0.43098 0.37787 0.32180 0.26597 0.21095 0.17542 0.15695 0.13771 0.11953 0.10170 0.08336 0.06434 0.04609 0.02776 0.00929 0.00919 0.02776 0.04611 0.06474 0.08235
0.35299 0.33008 0.30836 0.28609 0.26564 0.26479 0.28704 0.30829 0.33085 0.35312 0.37545 0.39769 0.41771 0.44132 0.46304 0.47579 0.47168 0.47387 0.47390 0.47445 0.47189 0.47309 0.47421 0.47395 0.47282 0.48603 0.51309 0.53882 0.56319 0.58846 0.61529 0.64259 0.66733 0.69139 0.71820 0.70996 0.66117 0.61305 0.56610 0.52090 0.47150 0.42399 0.37643 0.32976 0.28129 0.24462 0.21909 0.19353 0.16785 0.14180 0.11642 0.09032 0.06475 0.03864 0.01297 0.01290 0.03886 0.06428 0.09038 0.11526
0.35839 0.34961 0.34314 0.33617 0.33093 0.32868 0.33769 0.34478 0.35334 0.35987 0.36717 0.37720 0.38183 0.39156 0.39598 0.40418 0.40027 0.40188 0.39958 0.40244 0.40102 0.40010 0.39993 0.40149 0.40159 0.41643 0.44957 0.48479 0.51744 0.54798 0.58148 0.61814 0.65020 0.68051 0.71406 0.71547 0.67301 0.63274 0.59137 0.55653 0.51248 0.47294 0.43064 0.39389 0.35151 0.31429 0.28076 0.24943 0.21616 0.18186 0.14942 0.11621 0.08353 0.04965 0.01669 0.01665 0.05021 0.08296 0.11667 0.14859
