0.59066 0.62298 0.65777 0.69085 0.72262 0.72130 0.69002 0.65431 0.62201 0.58663 0.55537 0.52072 0.48821 0.45494 0.42130 0.38473 0.34377 0.30421 0.26216 0.22232 0.18177 0.14166 0.10054 0.06040 0.02011 0.00000 0.00000 0.00000 0.00000 0.00000 0.00000 0.00000 0.00000 0.00000 0.00000 0.01977 0.05987 0.09874 0.13914 0.17726 0.21811 0.25591 0.29522 0.33412 0.37419 0.39159 0.39299 0.39192 0.39276 0.39200 0.39274 0.39177 0.39306 0.39306 0.39183 0.40876 0.44110 0.47481 0.50407 0.53704 0.56871 0.60343 0.63480 0.66672 0.70099 0.69817 0.67034 0.63598 0.60453 0.56951
0.62245 0.64692 0.67333 0.70068 0.72572 0.72366 0.69851 0.67276 0.64720 0.61919 0.59447 0.56864 0.54345 0.51664 0.49011 0.45405 0.40611 0.35872 0.30942 0.26222 0.21455 0.16716 0.11865 0.07124 0.02375 0.00000 0.00000 0.00000 0.00000 0.00000 0.00000 0.00000 0.00000 0.00000 0.00000 0.02342 0.07040 0.11651 0.16406 0.21002 0.25728 0.30182 0.34874 0.39558 0.44257 0.46266 0.46361 0.46409 0.46510 0.46338 0.46285 0.46346 0.46397 0.46478 0.46384 0.47562 0.50000 0.52812 0.55185 0.57634 0.59959 0.62890 0.65399 0.67736 0.70283 0.70231 0.68011 0.65347 0.62763 0.59923
0.65622 0.67379 0.69184 0.71017 0.73022 0.72798 0.70901 0.69003 0.67368 0.65217 0.63416 0.61619 0.59889 0.57829 0.55950 0.52386 0.46841 0.41297 0.35710 0.30259 0.24722 0.19250 0.13702 0.08211 0.02737 0.00000 0.00000 0.00000 0.00000 0.00000 0.00000 0.00000 0.00000 0.00000 0.00000 0.02704 0.08113 0.13442 0.18948 0.24250 0.29618 0.34837 0.40313 0.45631 0.50993 0.53444 0.53524 0.53558 0.53617 0.53480 0.53425 0.53533 0.53513 0.53583 0.53611 0.54426 0.55982 0.58102 0.59849 0.61662 0.63144 0.65253 0.67221 0.68802 0.70594 0.70726 0.69055 0.67105 0.65443 0.63356
0.68818 0.69828 0.70801 0.71861 0.73190 0.73224 0.71915 0.70678 0.69717 0.68630 0.67442 0.66286 0.65121 0.64033 0.62963 0.59275 0.52869 0.46689 0.40518 0.34263 0.27899 0.21727 0.15551 0.09313 0.03093 0.00000 0.00000 0.00000 0.00000 0.00000 0.00000 0.00000 0.00000 0.00000 0.00000 0.03055 0.09187 0.15292 0.21430 0.27379 0.33508 0.39630 0.45741 0.51556 0.57669 0.60829 0.60889 0.60644 0.60703 0.60736 0.60724 0.60750 0.60632 0.60621 0.60664 0.61339 0.62291 0.63261 0.64331 0.65698 0.66678 0.67599 0.68613 0.69979 0.71243 0.71129 0.69873 0.68663 0.67753 0.66485
0.72221 0.72553 0.72807 0.73019 0.73416 0.73460 0.73089 0.72478 0.72079 0.71843 0.71548 0.70926 0.70506 0.70253 0.69954 0.66108 0.59040 0.52132 0.45245 0.38259 0.31173 0.24233 0.17350 0.10413 0.03457 0.00000 0.00000 0.00000 0.00000 0.00000 0.00000 0.00000 0.00000 0.00000 0.00000 0.03410 0.10298 0.17105 0.23872 0.30605 0.37541 0.44345 0.51037 0.57644 0.64512 0.68068 0.68023 0.67746 0.67797 0.67963 0.67917 0.67923 0.67880 0.67768 0.67773 0.68213 0.68508 0.68691 0.68888 0.69592 0.69944 0.70207 0.70360 0.71093 0.71568 0.71368 0.70970 0.70564 0.70368 0.69765
0.71966 0.72474 0.73011 0.73077 0.73234 0.73250 0.73010 0.72626 0.72059 0.71714 0.71313 0.70926 0.70506 0.70164 0.69669 0.65988 0.59072 0.52100 0.45024 0.38131 0.31234 0.24239 0.17270 0.10370 0.03457 0.00000 0.00000 0.00000 0.00000 0.00000 0.00000 0.00000 0.00000 0.00000 0.00000 0.03423 0.10276 0.17037 0.23857 0.30706 0.37535 0.44168 0.50986 0.57859 0.64675 0.67877 0.67974 0.67974 0.67904 0.67889 0.67944 0.67934 0.67858 0.67952 0.67855 0.68020 0.68385 0.68929 0.69168 0.69416 0.69773 0.70374 0.70743 0.70968 0.71310 0.71359 0.71310 0.70820 0.70253 0.69763
0.68717 0.69838 0.70985 0.72072 0.72978 0.72772 0.71682 0.70746 0.69553 0.68283 0.67075 0.66144 0.65069 0.63798 0.62602 0.59019 0.52890 0.46571 0.40235 0.34025 0.27934 0.21731 0.15425 0.09249 0.03093 0.00000 0.00000 0.00000 0.00000 0.00000 0.00000 0.00000 0.00000 0.00000 0.00000 0.03067 0.09157 0.15235 0.21444 0.27511 0.33473 0.39522 0.45677 0.51926 0.57857 0.60732 0.60767 0.60941 0.60884 0.60764 0.60777 0.60779 0.60773 0.60929 0.60882 0.61197 0.62270 0.63579 0.64621 0.65525 0.66522 0.67868 0.68972 0.69908 0.70853 0.71095 0.70097 0.68979 0.67738 0.66589
0.65422 0.67122 0.68951 0.70809 0.72840 0.72578 0.70476 0.68754 0.66934 0.65052 0.63066 0.61305 0.59422 0.57550 0.55674 0.52040 0.46504 0.41014 0.35531 0.30036 0.24547 0.19104 0.13643 0.08168 0.02722 0.00000 0.00000 0.00000 0.00000 0.00000 0.00000 0.00000 0.00000 0.00000 0.00000 0.02695 0.08079 0.13482 0.18894 0.24192 0.29563 0.34957 0.40352 0.45637 0.51074 0.53719 0.53658 0.53652 0.53754 0.53704 0.53559 0.53639 0.53703 0.53667 0.53607 0.54602 0.56345 0.58063 0.59851 0.61825 0.63562 0.65193 0.66977 0.68949 0.70834 0.70759 0.68796 0.67087 0.65452 0.63736
0.62076 0.64515 0.67020 0.69624 0.72213 0.72365 0.69531 0.66802 0.64166 0.61765 0.59157 0.56427 0.53780 0.51330 0.48818 0.45021 0.40203 0.35494 0.30851 0.26066 0.21220 0.16496 0.11832 0.07095 0.02353 0.00000 0.00000 0.00000 0.00000 0.00000 0.00000 0.00000 0.00000 0.00000 0.00000 0.02332 0.07043 0.11703 0.16297 0.20949 0.25708 0.30399 0.34915 0.39551 0.44221 0.46702 0.46604 0.46502 0.46532 0.46578 0.46552 0.46580 0.46571 0.46460 0.46481 0.47869 0.50354 0.52684 0.55187 0.57881 0.60392 0.62742 0.65195 0.67907 0.70450 0.70269 0.67692 0.65347 0.62937 0.60409
0.58733 0.62105 0.65497 0.68456 0.71645 0.71722 0.68541 0.65094 0.61549 0.58343 0.55071 0.51741 0.48334 0.45070 0.41782 0.38105 0.34030 0.30028 0.26040 0.22015 0.17974 0.13971 0.09988 0.05990 0.01992 0.00000 0.00000 0.00000 0.00000 0.00000 0.00000 0.00000 0.00000 0.00000 0.00000 0.01980 0.05951 0.09879 0.13809 0.17759 0.21736 0.25652 0.29613 0.33513 0.37437 0.39413 0.39493 0.39427 0.39312 0.39378 0.39455 0.39418 0.39307 0.39382 0.39421 0.40977 0.44166 0.47509 0.50711 0.53778 0.56983 0.60432 0.63651 0.66718 0.69797 0.70046 0.66975 0.63763 0.60391 0.57190
0.55217 0.59450 0.63569 0.67525 0.71266 0.71304 0.67224 0.63372 0.59149 0.54959 0.50917 0.46994 0.42955 0.38777 0.34768 0.31161 0.27915 0.24538 0.21239 0.17970 0.14754 0.11460 0.08143 0.04889 0.01634 0.00000 0.00000 0.00000 0.00000 0.00000 0.00000 0.00000 0.00000 0.00000 0.00000 0.01623 0.04843 0.08068 0.11368 0.14576 0.17726 0.20969 0.24222 0.27510 0.30669 0.32246 0.32252 0.32305 0.32276 0.32249 0.32264 0.32236 0.32231 0.32279 0.32283 0.34159 0.38103 0.42140 0.46081 0.49901 0.53827 0.57901 0.61874 0.65658 0.69586 0.69757 0.65923 0.61797 0.57781 0.53868
0.51939 0.56683 0.61309 0.66263 0.71227 0.70992 0.65988 0.61274 0.56636 0.51811 0.46901 0.42125 0.37439 0.32674 0.27859 0.24198 0.21692 0.19119 0.16507 0.13975 0.11468 0.08902 0.06338 0.03803 0.01270 0.00000 0.00000 0.00000 0.00000 0.00000 0.00000 0.00000 0.00000 0.00000 0.00000 0.01259 0.03771 0.06291 0.08820 0.11337 0.13840 0.16315 0.18837 0.21361 0.23908 0.25116 0.25064 0.25094 0.25150 0.25117 0.25039 0.25078 0.25129 0.25093 0.25049 0.27436 0.32121 0.36680 0.41308 0.46135 0.50797 0.55228 0.59822 0.64758 0.69488 0.69346 0.64519 0.59989 0.55589 0.50924
0.48654 0.54089 0.59552 0.65127 0.70745 0.70863 0.64961 0.59387 0.53936 0.48582 0.42959 0.37308 0.31902 0.26481 0.20979 0.17234 0.15450 0.13651 0.11840 0.09975 0.08156 0.06345 0.04543 0.02722 0.00905 0.00000 0.00000 0.00000 0.00000 0.00000 0.00000 0.00000 0.00000 0.00000 0.00000 0.00897 0.02709 0.04507 0.06280 0.08074 0.09899 0.11701 0.13464 0.15255 0.17048 0.17973 0.17953 0.17935 0.17943 0.17945 0.17933 0.17937 0.17951 0.17919 0.17913 0.20635 0.26024 0.31341 0.36708 0.42148 0.47550 0.52847 0.58189 0.63673 0.69117 0.69011 0.63552 0.58329 0.53037 0.47598
0.45145 0.51512 0.57825 0.63974 0.70063 0.70032 0.64051 0.57730 0.51357 0.45038 0.38954 0.32721 0.26454 0.20189 0.14046 0.10396 0.09275 0.08169 0.07110 0.06004 0.04886 0.03807 0.02724 0.01633 0.00543 0.00000 0.00000 0.00000 0.00000 0.00000 0.00000 0.00000 0.00000 0.00000 0.00000 0.00541 0.01624 0.02702 0.03778 0.04846 0.05928 0.07023 0.08107 0.09164 0.10218 0.10774 0.10790 0.10781 0.10752 0.10761 0.10793 0.10774 0.10742 0.10764 0.10784 0.13801 0.19870 0.26056 0.32169 0.38104 0.44144 0.50502 0.56658 0.62460 0.68520 0.68763 0.62859 0.56545 0.50280 0.44160
0.41872 0.49027 0.56067 0.62995 0.69673 0.69649 0.62874 0.56038 0.48801 0.41681 0.34902 0.28006 0.20983 0.13977 0.07107 0.03469 0.03095 0.02718 0.02362 0.02001 0.01636 0.01269 0.00906 0.00544 0.00181 0.00000 0.00000 0.00000 0.00000 0.00000 0.00000 0.00000 0.00000 0.00000 0.00000 0.00181 0.00539 0.00898 0.01263 0.01623 0.01978 0.02336 0.02696 0.03059 0.03417 0.03593 0.03593 0.03596 0.03592 0.03589 0.03594 0.03591 0.03588 0.03589 0.03595 0.06996 0.13801 0.20636 0.27482 0.34275 0.41057 0.47889 0.54787 0.61571 0.68274 0.68386 0.61649 0.54795 0.47904 0.41036
0.38294 0.45234 0.52106 0.59063 0.66143 0.66167 0.59135 0.52021 0.45171 0.38275 0.31263 0.24215 0.17333 0.10416 0.03465 0.00182 0.00546 0.00911 0.01272 0.01633 0.01998 0.02363 0.02723 0.03081 0.03443 0.03626 0.03620 0.03615 0.03626 0.03621 0.03612 0.03605 0.03610 0.03622 0.03611 0.03417 0.03062 0.02704 0.02342 0.01984 0.01623 0.01260 0.00898 0.00540 0.00180 0.00000 0.00000 0.00000 0.00000 0.00000 0.00000 0.00000 0.00000 0.00000 0.00000 0.03416 0.10261 0.17021 0.23828 0.30789 0.37643 0.44211 0.51017 0.58135 0.65074 0.64700 0.57844 0.51171 0.44409 0.37598
0.34215 0.40435 0.46528 0.52758 0.59241 0.59264 0.52819 0.46499 0.40460 0.34307 0.27932 0.21662 0.15534 0.09333 0.03097 0.00545 0.01640 0.02736 0.03819 0.04901 0.05996 0.07084 0.08174 0.09258 0.10330 0.10863 0.10877 0.10874 0.10858 0.10842 0.10851 0.10847 0.10841 0.10863 0.10819 0.10253 0.09201 0.08138 0.07026 0.05935 0.04860 0.03789 0.02702 0.01619 0.00540 0.00000 0.00000 0.00000 0.00000 0.00000 0.00000 0.00000 0.00000 0.00000 0.00000 0.03050 0.09177 0.15285 0.21358 0.27446 0.33622 0.39759 0.45777 0.51855 0.58081 0.58099 0.51869 0.45755 0.39720 0.33656
0.30119 0.35603 0.41109 0.46697 0.52236 0.52072 0.46561 0.41241 0.35711 0.30109 0.24636 0.19227 0.13707 0.08189 0.02734 0.00913 0.02734 0.04541 0.06364 0.08199 0.10004 0.11791 0.13605 0.15447 0.17248 0.18118 0.18137 0.18129 0.18093 0.18066 0.18123 0.18125 0.18025 0.18032 0.18072 0.17231 0.15340 0.13499 0.11722 0.09927 0.08112 0.06302 0.04506 0.02706 0.00901 0.00000 0.00000 0.00000 0.00000 0.00000 0.00000 0.00000 0.00000 0.00000 0.00000 0.02697 0.08080 0.13524 0.18931 0.24206 0.29589 0.35187 0.40587 0.45733 0.51142 0.51333 0.45973 0.40369 0.34951 0.29595
0.26008 0.30859 0.35644 0.40450 0.45109 0.45007 0.40457 0.35759 0.30888 0.26089 0.21416 0.16667 0.11853 0.07105 0.02377 0.01279 0.03821 0.06368 0.08934 0.11473 0.13998 0.16546 0.19070 0.21576 0.24158 0.25427 0.25365 0.25323 0.25390 0.25388 0.25311 0.25312 0.25346 0.25280 0.25268 0.24098 0.21502 0.18911 0.16412 0.13925 0.11366 0.08819 0.06309 0.03788 0.01261 0.00000 0.00000 0.00000 0.00000 0.00000 0.00000 0.00000 0.00000 0.00000 0.00000 0.02344 0.07006 0.11659 0.16384 0.21098 0.25713 0.30324 0.35107 0.39836 0.44404 0.44369 0.39772 0.35166 0.30463 0.25694
0.22027 0.26105 0.30156 0.34160 0.38061 0.38255 0.34309 0.30168 0.26097 0.22173 0.18132 0.14052 0.10031 0.06039 0.02010 0.01639 0.04916 0.08214 0.11488 0.14721 0.17993 0.21301 0.24557 0.27764 0.31041 0.32705 0.32635 0.32608 0.32666 0.32646 0.32512 0.32537 0.32678 0.32646 0.32478 0.30852 0.27660 0.24456 0.21141 0.17831 0.14606 0.11389 0.08130 0.04860 0.01621 0.00000 0.00000 0.00000 0.00000 0.00000 0.00000 0.00000 0.00000 0.00000 0.00000 0.01982 0.05949 0.09887 0.13849 0.17888 0.21836 0.25679 0.29655 0.33793 0.37705 0.37535 0.33617 0.29701 0.25758 0.21759
0.18005 0.21318 0.24586 0.27889 0.31221 0.31307 0.27996 0.24676 0.21398 0.18136 0.14797 0.11514 0.08241 0.04938 0.01640 0.02007 0.06036 0.10030 0.14008 0.18040 0.22046 0.25979 0.30016 0.34027 0.37936 0.39864 0.39982 0.39967 0.39834 0.39799 0.39923 0.39894 0.39758 0.39860 0.39867 0.37725 0.33778 0.29903 0.25853 0.21811 0.17879 0.13927 0.09926 0.05947 0.01985 0.00000 0.00000 0.00000 0.00000 0.00000 0.00000 0.00000 0.00000 0.00000 0.00000 0.01617 0.04872 0.08133 0.11337 0.14552 0.17846 0.21139 0.24310 0.27500 0.30830 0.30878 0.27557 0.24278 0.21061 0.17869
0.13995 0.16568 0.19096 0.21722 0.24370 0.24328 0.21743 0.19224 0.16700 0.14090 0.11508 0.08974 0.06411 0.03836 0.01277 0.02376 0.07128 0.11846 0.16568 0.21337 0.26073 0.30705 0.35460 0.40252 0.44870 0.47180 0.47264 0.47251 0.47073 0.47108 0.47271 0.47181 0.46980 0.47013 0.47165 0.44823 0.39973 0.35190 0.30543 0.25917 0.21171 0.16401 0.11719 0.07057 0.02352 0.00000 0.00000 0.00000 0.00000 0.00000 0.00000 0.00000 0.00000 0.00000 0.00000 0.01263 0.03788 0.06324 0.08838 0.11332 0.13877 0.16471 0.18950 0.21407 0.23963 0.24026 0.21450 0.18865 0.16365 0.13833
0.09977 0.11820 0.13625 0.15512 0.17374 0.17374 0.15518 0.13725 0.11912 0.10078 0.08230 0.06401 0.04567 0.02746 0.00915 0.02737 0.08199 0.13698 0.19189 0.24565 0.30038 0.35559 0.40941 0.46272 0.51876 0.54643 0.54424 0.54338 0.54548 0.54545 0.54316 0.54381 0.54466 0.54321 0.54252 0.51711 0.46210 0.40611 0.35271 0.29927 0.24405 0.18938 0.13559 0.08144 0.02708 0.00000 0.00000 0.00000 0.00000 0.00000 0.00000 0.00000 0.00000 0.00000 0.00000 0.00904 0.02701 0.04499 0.06320 0.08144 0.09917 0.11701 0.13543 0.15371 0.17124 0.17093 0.15334 0.13560 0.11722 0.09885
0.05988 0.07104 0.08210 0.09316 0.10404 0.10426 0.09356 0.08241 0.07136 0.06045 0.04955 0.03845 0.02743 0.01646 0.00550 0.03109 0.09308 0.15516 0.21742 0.27879 0.34062 0.40309 0.46435 0.52520 0.58802 0.61921 0.61662 0.61707 0.61957 0.61813 0.61549 0.61607 0.61864 0.61762 0.61541 0.58399 0.52384 0.46313 0.40031 0.33756 0.27641 0.21576 0.15398 0.09195 0.03066 0.00000 0.00000 0.00000 0.00000 0.00000 0.00000 0.00000 0.00000 0.00000 0.00000 0.00541 0.01623 0.02708 0.03793 0.04890 0.05958 0.07023 0.08126 0.09236 0.10287 0.10268 0.09205 0.08125 0.07028 0.05933
0.01987 0.02361 0.02733 0.03103 0.03457 0.03470 0.03120 0.02750 0.02376 0.02012 0.01651 0.01285 0.00914 0.00548 0.00183 0.03480 0.10422 0.17318 0.24246 0.31240 0.38149 0.44902 0.51949 0.58919 0.65641 0.68966 0.69186 0.69223 0.68942 0.68977 0.69107 0.68997 0.68837 0.69017 0.68980 0.65304 0.58495 0.51756 0.44737 0.37743 0.30963 0.24125 0.17180 0.10291 0.03437 0.00000 0.00000 0.00000 0.00000 0.00000 0.00000 0.00000 0.00000 0.00000 0.00000 0.00180 0.00543 0.00905 0.01263 0.01622 0.01989 0.02355 0.02709 0.03064 0.03438 0.03441 0.03066 0.02701 0.02342 0.01985
0.00000 0.00000 0.00000 0.00000 0.00000 0.00000 0.00000 0.00000 0.00000 0.00000 0.00000 0.00000 0.00000 0.00000 0.00000 0.03473 0.10436 0.17380 0.24274 0.31222 0.38155 0.44959 0.51952 0.58958 0.65653 0.69083 0.69315 0.69216 0.68945 0.68979 0.69285 0.69134 0.68883 0.68852 0.69058 0.65637 0.58561 0.51547 0.44749 0.37962 0.31007 0.24022 0.17172 0.10336 0.03444 0.00000 0.00000 0.00000 0.00000 0.00000 0.00000 0.00000 0.00000 0.00000 0.00000 0.00000 0.00000 0.00000 0.00000 0.00000 0.00000 0.00000 0.00000 0.00000 0.00000 0.00000 0.00000 0.00000 0.00000 0.00000
0.00000 0.00000 0.00000 0.00000 0.00000 0.00000 0.00000 0.00000 0.00000 0.00000 0.00000 0.00000 0.00000 0.00000 0.00000 0.03105 0.09341 0.15566 0.21748 0.27884 0.34135 0.40387 0.46477 0.52551 0.58903 0.62047 0.61822 0.61848 0.61925 0.61849 0.61708 0.61848 0.61827 0.61653 0.61663 0.58734 0.52445 0.46133 0.40073 0.33976 0.27715 0.21511 0.15401 0.09251 0.03076 0.00000 0.00000 0.00000 0.00000 0.00000 0.00000 0.00000 0.00000 0.00000 0.00000 0.00000 0.00000 0.00000 0.00000 0.00000 0.00000 0.00000 0.00000 0.00000 0.00000 0.00000 0.00000 0.00000 0.00000 0.00000
0.00000 0.00000 0.00000 0.00000 0.00000 0.00000 0.00000 0.00000 0.00000 0.00000 0.00000 0.00000 0.00000 0.00000 0.00000 0.02750 0.08232 0.13708 0.19217 0.24641 0.30117 0.35640 0.41061 0.46418 0.52003 0.54765 0.54556 0.54553 0.54761 0.54679 0.54486 0.54456 0.54631 0.54625 0.54461 0.51631 0.46307 0.40930 0.35401 0.29853 0.24455 0.19076 0.13611 0.08135 0.02713 0.00000 0.00000 0.00000 0.00000 0.00000 0.00000 0.00000 0.00000 0.00000 0.00000 0.00000 0.00000 0.00000 0.00000 0.00000 0.00000 0.00000 0.00000 0.00000 0.00000 0.00000 0.00000 0.00000 0.00000 0.00000
0.00000 0.00000 0.00000 0.00000 0.00000 0.00000 0.00000 0.00000 0.00000 0.00000 0.00000 0.00000 0.00000 0.00000 0.00000 0.02386 0.07130 0.11877 0.16656 0.21418 0.26127 0.30802 0.35619 0.40375 0.45002 0.47389 0.47429 0.47366 0.47289 0.47399 0.47370 0.47228 0.47233 0.47367 0.47275 0.44763 0.40132 0.35498 0.30669 0.25882 0.21232 0.16542 0.11783 0.07055 0.02357 0.00000 0.00000 0.00000 0.00000 0.00000 0.00000 0.00000 0.00000 0.00000 0.00000 0.00000 0.00000 0.00000 0.00000 0.00000 0.00000 0.00000 0.00000 0.00000 0.00000 0.00000 0.00000 0.00000 0.00000 0.00000
0.00000 0.00000 0.00000 0.00000 0.00000 0.00000 0.00000 0.00000 0.00000 0.00000 0.00000 0.00000 0.00000 0.00000 0.00000 0.02016 0.06052 0.10065 0.14083 0.18124 0.22149 0.26083 0.30115 0.34216 0.38166 0.40072 0.40159 0.40176 0.40073 0.40008 0.40112 0.40131 0.40019 0.39933 0.40023 0.38084 0.34002 0.29902 0.25955 0.22026 0.17995 0.13942 0.09966 0.06000 0.01998 0.00000 0.00000 0.00000 0.00000 0.00000 0.00000 0.00000 0.00000 0.00000 0.00000 0.00000 0.00000 0.00000 0.00000 0.00000 0.00000 0.00000 0.00000 0.00000 0.00000 0.00000 0.00000 0.00000 0.00000 0.00000
0.00000 0.00000 0.00000 0.00000 0.00000 0.00000 0.00000 0.00000 0.00000 0.00000 0.00000 0.00000 0.00000 0.00000 0.00000 0.01649 0.04958 0.08258 0.11529 0.14803 0.18121 0.21414 0.24648 0.27933 0.31249 0.32832 0.32806 0.32897 0.32853 0.32736 0.32760 0.32865 0.32796 0.32677 0.32736 0.31189 0.27819 0.24467 0.21266 0.18035 0.14708 0.11414 0.08171 0.04911 0.01633 0.00000 0.00000 0.00000 0.00000 0.00000 0.00000 0.00000 0.00000 0.00000 0.00000 0.00000 0.00000 0.00000 0.00000 0.00000 0.00000 0.00000 0.00000 0.00000 0.00000 0.00000 0.00000 0.00000 0.00000 0.00000
0.00000 0.00000 0.00000 0.00000 0.00000 0.00000 0.00000 0.00000 0.00000 0.00000 0.00000 0.00000 0.00000 0.00000 0.00000 0.01284 0.03850 0.06420 0.08992 0.11519 0.14075 0.16683 0.19235 0.21713 0.24253 0.25619 0.25599 0.25509 0.25528 0.25585 0.25539 0.25465 0.25497 0.25557 0.25511 0.24153 0.21631 0.19149 0.16576 0.13967 0.11434 0.08925 0.06369 0.03807 0.01269 0.00000 0.00000 0.00000 0.00000 0.00000 0.00000 0.00000 0.00000 0.00000 0.00000 0.00000 0.00000 0.00000 0.00000 0.00000 0.00000 0.00000 0.00000 0.00000 0.00000 0.00000 0.00000 0.00000 0.00000 0.00000
0.00000 0.00000 0.00000 0.00000 0.00000 0.00000 0.00000 0.00000 0.00000 0.00000 0.00000 0.00000 0.00000 0.00000 0.00000 0.00919 0.02750 0.04579 0.06423 0.08254 0.10063 0.11885 0.13733 0.15544 0.17348 0.18291 0.18283 0.18215 0.18235 0.18292 0.18258 0.18185 0.18215 0.18269 0.18222 0.17248 0.15473 0.13685 0.11825 0.09977 0.08184 0.06378 0.04544 0.02721 0.00908 0.00000 0.00000 0.00000 0.00000 0.00000 0.00000 0.00000 0.00000 0.00000 0.00000 0.00000 0.00000 0.00000 0.00000 0.00000 0.00000 0.00000 0.00000 0.00000 0.00000 0.00000 0.00000 0.00000 0.00000 0.00000
0.00000 0.00000 0.00000 0.00000 0.00000 0.00000 0.00000 0.00000 0.00000 0.00000 0.00000 0.00000 0.00000 0.00000 0.00000 0.00552 0.01654 0.02749 0.03848 0.04959 0.06057 0.07130 0.08218 0.09353 0.10451 0.10955 0.10943 0.10984 0.10980 0.10937 0.10935 0.10971 0.10960 0.10919 0.10919 0.10412 0.09310 0.08178 0.07086 0.06022 0.04925 0.03813 0.02724 0.01640 0.00547 0.00000 0.00000 0.00000 0.00000 0.00000 0.00000 0.00000 0.00000 0.00000 0.00000 0.00000 0.00000 0.00000 0.00000 0.00000 0.00000 0.00000 0.00000 0.00000 0.00000 0.00000 0.00000 0.00000 0.00000 0.00000
0.00000 0.00000 0.00000 0.00000 0.00000 0.00000 0.00000 0.00000 0.00000 0.00000 0.00000 0.00000 0.00000 0.00000 0.00000 0.00184 0.00552 0.00919 0.01283 0.01649 0.02018 0.02384 0.02744 0.03112 0.03480 0.03654 0.03654 0.03662 0.03659 0.03645 0.03649 0.03660 0.03652 0.03639 0.03646 0.03471 0.03099 0.02726 0.02368 0.02007 0.01639 0.01271 0.00910 0.00547 0.00182 0.00000 0.00000 0.00000 0.00000 0.00000 0.00000 0.00000 0.00000 0.00000 0.00000 0.00000 0.00000 0.00000 0.00000 0.00000 0.00000 0.00000 0.00000 0.00000 0.00000 0.00000 0.00000 0.00000 0.00000 0.00000
0.00000 0.00000 0.00000 0.00000 0.00000 0.00000 0.00000 0.00000 0.00000 0.00000 0.00000 0.00000 0.00000 0.00000 0.00000 0.00000 0.00000 0.00000 0.00000 0.00000 0.00000 0.00000 0.00000 0.00000 0.00000 0.00000 0.00000 0.00000 0.00000 0.00000 0.00000 0.00000 0.00000 0.00000 0.00000 0.00000 0.00000 0.00000 0.00000 0.00000 0.00000 0.00000 0.00000 0.00000 0.00000 0.00000 0.00000 0.00000 0.00000 0.00000 0.00000 0.00000 0.00000 0.00000 0.00000 0.00000 0.00000 0.00000 0.00000 0.00000 0.00000 0.00000 0.00000 0.00000 0.00000 0.00000 0.00000 0.00000 0.00000 0.00000
0.00000 0.00000 0.00000 0.00000 0.00000 0.00000 0.00000 0.00000 0.00000 0.00000 0.00000 0.00000 0.00000 0.00000 0.00000 0.00000 0.00000 0.00000 0.00000 0.00000 0.00000 0.00000 0.00000 0.00000 0.00000 0.00000 0.00000 0.00000 0.00000 0.00000 0.00000 0.00000 0.00000 0.00000 0.00000 0.00000 0.00000 0.00000 0.00000 0.00000 0.00000 0.00000 0.00000 0.00000 0.00000 0.00000 0.00000 0.00000 0.00000 0.00000 0.00000 0.00000 0.00000 0.00000 0.00000 0.00000 0.00000 0.00000 0.00000 0.00000 0.00000 0.00000 0.00000 0.00000 0.00000 0.00000 0.00000 0.00000 0.00000 0.00000
0.00000 0.00000 0.00000 0.00000 0.00000 0.00000 0.00000 0.00000 0.00000 0.00000 0.00000 0.00000 0.00000 0.00000 0.00000 0.00000 0.00000 0.00000 0.00000 0.00000 0.00000 0.00000 0.00000 0.00000 0.00000 0.00000 0.00000 0.00000 0.00000 0.00000 0.00000 0.00000 0.00000 0.00000 0.00000 0.00000 0.00000 0.00000 0.00000 0.00000 0.00000 0.00000 0.00000 0.00000 0.00000 0.00000 0.00000 0.00000 0.00000 0.00000 0.00000 0.00000 0.00000 0.00000 0.00000 0.00000 0.00000 0.00000 0.00000 0.00000 0.00000 0.00000 0.00000 0.00000 0.00000 0.00000 0.00000 0.00000 0.00000 0.00000
0.00000 0.00000 0.00000 0.00000 0.00000 0.00000 0.00000 0.00000 0.00000 0.00000 0.00000 0.00000 0.00000 0.00000 0.00000 0.00000 0.00000 0.00000 0.00000 0.00000 0.00000 0.00000 0.00000 0.00000 0.00000 0.00000 0.00000 0.00000 0.00000 0.00000 0.00000 0.00000 0.00000 0.00000 0.00000 0.00000 0.00000 0.00000 0.00000 0.00000 0.00000 0.00000 0.00000 0.00000 0.00000 0.00000 0.00000 0.00000 0.00000 0.00000 0.00000 0.00000 0.00000 0.00000 0.00000 0.00000 0.00000 0.00000 0.00000 0.00000 0.00000 0.00000 0.00000 0.00000 0.00000 0.00000 0.00000 0.00000 0.00000 0.00000
0.00000 0.00000 0.00000 0.00000 0.00000 0.00000 0.00000 0.00000 0.00000 0.00000 0.00000 0.00000 0.00000 0.00000 0.00000 0.00000 0.00000 0.00000 0.00000 0.00000 0.00000 0.00000 0.00000 0.00000 0.00000 0.00000 0.00000 0.00000 0.00000 0.00000 0.00000 0.00000 0.00000 0.00000 0.00000 0.00000 0.00000 0.00000 0.00000 0.00000 0.00000 0.00000 0.00000 0.00000 0.00000 0.00000 0.00000 0.00000 0.00000 0.00000 0.00000 0.00000 0.00000 0.00000 0.00000 0.00000 0.00000 0.00000 0.00000 0.00000 0.00000 0.00000 0.00000 0.00000 0.00000 0.00000 0.00000 0.00000 0.00000 0.00000
0.00000 0.00000 0.00000 0.00000 0.00000 0.00000 0.00000 0.00000 0.00000 0.00000 0.00000 0.00000 0.00000 0.00000 0.00000 0.00000 0.00000 0.00000 0.00000 0.00000 0.00000 0.00000 0.00000 0.00000 0.00000 0.00000 0.00000 0.00000 0.00000 0.00000 0.00000 0.00000 0.00000 0.00000 0.00000 0.00000 0.00000 0.00000 0.00000 0.00000 0.00000 0.00000 0.00000 0.00000 0.00000 0.00000 0.00000 0.00000 0.00000 0.00000 0.00000 0.00000 0.00000 0.00000 0.00000 0.00000 0.00000 0.00000 0.00000 0.00000 0.00000 0.00000 0.00000 0.00000 0.00000 0.00000 0.00000 0.00000 0.00000 0.00000
0.00000 0.00000 0.00000 0.00000 0.00000 0.00000 0.00000 0.00000 0.00000 0.00000 0.00000 0.00000 0.00000 0.00000 0.00000 0.00000 0.00000 0.00000 0.00000 0.00000 0.00000 0.00000 0.00000 0.00000 0.00000 0.00000 0.00000 0.00000 0.00000 0.00000 0.00000 0.00000 0.00000 0.00000 0.00000 0.00000 0.00000 0.00000 0.00000 0.00000 0.00000 0.00000 0.00000 0.00000 0.00000 0.00000 0.00000 0.00000 0.00000 0.00000 0.00000 0.00000 0.00000 0.00000 0.00000 0.00000 0.00000 0.00000 0.00000 0.00000 0.00000 0.00000 0.00000 0.00000 0.00000 0.00000 0.00000 0.00000 0.00000 0.00000
0.00000 0.00000 0.00000 0.00000 0.00000 0.00000 0.00000 0.00000 0.00000 0.00000 0.00000 0.00000 0.00000 0.00000 0.00000 0.00000 0.00000 0.00000 0.00000 0.00000 0.00000 0.00000 0.00000 0.00000 0.00000 0.00000 0.00000 0.00000 0.00000 0.00000 0.00000 0.00000 0.00000 0.00000 0.00000 0.00000 0.00000 0.00000 0.00000 0.00000 0.00000 0.00000 0.00000 0.00000 0.00000 0.00000 0.00000 0.00000 0.00000 0.00000 0.00000 0.00000 0.00000 0.00000 0.00000 0.00000 0.00000 0.00000 0.00000 0.00000 0.00000 0.00000 0.00000 0.00000 0.00000 0.00000 0.00000 0.00000 0.00000 0.00000
0.00000 0.00000 0.00000 0.00000 0.00000 0.00000 0.00000 0.00000 0.00000 0.00000 0.00000 0.00000 0.00000 0.00000 0.00000 0.00000 0.00000 0.00000 0.00000 0.00000 0.00000 0.00000 0.00000 0.00000 0.00000 0.00000 0.00000 0.00000 0.00000 0.00000 0.00000 0.00000 0.00000 0.00000 0.00000 0.00000 0.00000 0.00000 0.00000 0.00000 0.00000 0.00000 0.00000 0.00000 0.00000 0.00000 0.00000 0.00000 0.00000 0.00000 0.00000 0.00000 0.00000 0.00000 0.00000 0.00000 0.00000 0.00000 0.00000 0.00000 0.00000 0.00000 0.00000 0.00000 0.00000 0.00000 0.00000 0.00000 0.00000 0.00000
0.00000 0.00000 0.00000 0.00000 0.00000 0.00000 0.00000 0.00000 0.00000 0.00000 0.00000 0.00000 0.00000 0.00000 0.00000 0.00000 0.00000 0.00000 0.00000 0.00000 0.00000 0.00000 0.00000 0.00000 0.00000 0.00000 0.00000 0.00000 0.00000 0.00000 0.00000 0.00000 0.00000 0.00000 0.00000 0.00000 0.00000 0.00000 0.00000 0.00000 0.00000 0.00000 0.00000 0.00000 0.00000 0.00000 0.00000 0.00000 0.00000 0.00000 0.00000 0.00000 0.00000 0.00000 0.00000 0.00000 0.00000 0.00000 0.00000 0.00000 0.00000 0.00000 0.00000 0.00000 0.00000 0.00000 0.00000 0.00000 0.00000 0.00000
0.00000 0.00000 0.00000 0.00000 0.00000 0.00000 0.00000 0.00000 0.00000 0.00000 0.00000 0.00000 0.00000 0.00000 0.00000 0.00000 0.00000 0.00000 0.00000 0.00000 0.00000 0.00000 0.00000 0.00000 0.00000 0.00000 0.00000 0.00000 0.00000 0.00000 0.00000 0.00000 0.00000 0.00000 0.00000 0.00000 0.00000 0.00000 0.00000 0.00000 0.00000 0.00000 0.00000 0.00000 0.00000 0.00000 0.00000 0.00000 0.00000 0.00000 0.00000 0.00000 0.00000 0.00000 0.00000 0.00000 0.00000 0.00000 0.00000 0.00000 0.00000 0.00000 0.00000 0.00000 0.00000 0.00000 0.00000 0.00000 0.00000 0.00000
0.00000 0.00000 0.00000 0.00000 0.00000 0.00000 0.00000 0.00000 0.00000 0.00000 0.00000 0.00000 0.00000 0.00000 0.00000 0.00000 0.00000 0.00000 0.00000 0.00000 0.00000 0.00000 0.00000 0.00000 0.00000 0.00000 0.00000 0.00000 0.00000 0.00000 0.00000 0.00000 0.00000 0.00000 0.00000 0.00000 0.00000 0.00000 0.00000 0.00000 0.00000 0.00000 0.00000 0.00000 0.00000 0.00000 0.00000 0.00000 0.00000 0.00000 0.00000 0.00000 0.00000 0.00000 0.00000 0.00000 0.00000 0.00000 0.00000 0.00000 0.00000 0.00000 0.00000 0.00000 0.00000 0.00000 0.00000 0.00000 0.00000 0.00000
0.00000 0.00000 0.00000 0.00000 0.00000 0.00000 0.00000 0.00000 0.00000 0.00000 0.00000 0.00000 0.00000 0.00000 0.00000 0.00000 0.00000 0.00000 0.00000 0.00000 0.00000 0.00000 0.00000 0.00000 0.00000 0.00000 0.00000 0.00000 0.00000 0.00000 0.00000 0.00000 0.00000 0.00000 0.00000 0.00000 0.00000 0.00000 0.00000 0.00000 0.00000 0.00000 0.00000 0.00000 0.00000 0.00000 0.00000 0.00000 0.00000 0.00000 0.00000 0.00000 0.00000 0.00000 0.00000 0.00000 0.00000 0.00000 0.00000 0.00000 0.00000 0.00000 0.00000 0.00000 0.00000 0.00000 0.00000 0.00000 0.00000 0.00000
0.00000 0.00000 0.00000 0.00000 0.00000 0.00000 0.00000 0.00000 0.00000 0.00000 0.00000 0.00000 0.00000 0.00000 0.00000 0.00000 0.00000 0.00000 0.00000 0.00000 0.00000 0.00000 0.00000 0.00000 0.00000 0.00000 0.00000 0.00000 0.00000 0.00000 0.00000 0.00000 0.00000 0.00000 0.00000 0.00000 0.00000 0.00000 0.00000 0.00000 0.00000 0.00000 0.00000 0.00000 0.00000 0.00000 0.00000 0.00000 0.00000 0.00000 0.00000 0.00000 0.00000 0.00000 0.00000 0.00000 0.00000 0.00000 0.00000 0.00000 0.00000 0.00000 0.00000 0.00000 0.00000 0.00000 0.00000 0.00000 0.00000 0.00000
0.00000 0.00000 0.00000 0.00000 0.00000 0.00000 0.00000 0.00000 0.00000 0.00000 0.00000 0.00000 0.00000 0.00000 0.00000 0.00000 0.00000 0.00000 0.00000 0.00000 0.00000 0.00000 0.00000 0.00000 0.00000 0.00000 0.00000 0.00000 0.00000 0.00000 0.00000 0.00000 0.00000 0.00000 0.00000 0.00000 0.00000 0.00000 0.00000 0.00000 0.00000 0.00000 0.00000 0.00000 0.00000 0.00000 0.00000 0.00000 0.00000 0.00000 0.00000 0.00000 0.00000 0.00000 0.00000 0.00000 0.00000 0.00000 0.00000 0.00000 0.00000 0.00000 0.00000 0.00000 0.00000 0.00000 0.00000 0.00000 0.00000 0.00000
0.00000 0.00000 0.00000 0.00000 0.00000 0.00000 0.00000 0.00000 0.00000 0.00000 0.00000 0.00000 0.00000 0.00000 0.00000 0.00000 0.00000 0.00000 0.00000 0.00000 0.00000 0.00000 0.00000 0.00000 0.00000 0.00000 0.00000 0.00000 0.00000 0.00000 0.00000 0.00000 0.00000 0.00000 0.00000 0.00000 0.00000 0.00000 0.00000 0.00000 0.00000 0.00000 0.00000 0.00000 0.00000 0.00000 0.00000 0.00000 0.00000 0.00000 0.00000 0.00000 0.00000 0.00000 0.00000 0.00000 0.00000 0.00000 0.00000 0.00000 0.00000 0.00000 0.00000 0.00000 0.00000 0.00000 0.00000 0.00000 0.00000 0.00000
0.00000 0.00000 0.00000 0.00000 0.00000 0.00000 0.00000 0.00000 0.00000 0.00000 0.00000 0.00000 0.00000 0.00000 0.00000 0.00000 0.00000 0.00000 0.00000 0.00000 0.00000 0.00000 0.00000 0.00000 0.00000 0.00000 0.00000 0.00000 0.00000 0.00000 0.00000 0.00000 0.00000 0.00000 0.00000 0.00000 0.00000 0.00000 0.00000 0.00000 0.00000 0.00000 0.00000 0.00000 0.00000 0.00000 0.00000 0.00000 0.00000 0.00000 0.00000 0.00000 0.00000 0.00000 0.00000 0.00000 0.00000 0.00000 0.00000 0.00000 0.00000 0.00000 0.00000 0.00000 0.00000 0.00000 0.00000 0.00000 0.00000 0.00000
0.00000 0.00000 0.00000 0.00000 0.00000 0.00000 0.00000 0.00000 0.00000 0.00000 0.00000 0.00000 0.00000 0.00000 0.00000 0.00000 0.00000 0.00000 0.00000 0.00000 0.00000 0.00000 0.00000 0.00000 0.00000 0.00000 0.00000 0.00000 0.00000 0.00000 0.00000 0.00000 0.00000 0.00000 0.00000 0.00000 0.00000 0.00000 0.00000 0.00000 0.00000 0.00000 0.00000 0.00000 0.00000 0.00000 0.00000 0.00000 0.00000 0.00000 0.00000 0.00000 0.00000 0.00000 0.00000 0.00000 0.00000 0.00000 0.00000 0.00000 0.00000 0.00000 0.00000 0.00000 0.00000 0.00000 0.00000 0.00000 0.00000 0.00000
0.00000 0.00000 0.00000 0.00000 0.00000 0.00000 0.00000 0.00000 0.00000 0.00000 0.00000 0.00000 0.00000 0.00000 0.00000 0.00000 0.00000 0.00000 0.00000 0.00000 0.00000 0.00000 0.00000 0.00000 0.00000 0.00000 0.00000 0.00000 0.00000 0.00000 0.00000 0.00000 0.00000 0.00000 0.00000 0.00000 0.00000 0.00000 0.00000 0.00000 0.00000 0.00000 0.00000 0.00000 0.00000 0.00000 0.00000 0.00000 0.00000 0.00000 0.00000 0.00000 0.00000 0.00000 0.00000 0.00000 0.00000 0.00000 0.00000 0.00000 0.00000 0.00000 0.00000 0.00000 0.00000 0.00000 0.00000 0.00000 0.00000 0.00000
0.00000 0.00000 0.00000 0.00000 0.00000 0.00000 0.00000 0.00000 0.00000 0.00000 0.00000 0.00000 0.00000 0.00000 0.00000 0.00000 0.00000 0.00000 0.00000 0.00000 0.00000 0.00000 0.00000 0.00000 0.00000 0.00000 0.00000 0.00000 0.00000 0.00000 0.00000 0.00000 0.00000 0.00000 0.00000 0.00000 0.00000 0.00000 0.00000 0.00000 0.00000 0.00000 0.00000 0.00000 0.00000 0.00000 0.00000 0.00000 0.00000 0.00000 0.00000 0.00000 0.00000 0.00000 0.00000 0.00000 0.00000 0.00000 0.00000 0.00000 0.00000 0.00000 0.00000 0.00000 0.00000 0.00000 0.00000 0.00000 0.00000 0.00000
0.00000 0.00000 0.00000 0.00000 0.00000 0.00000 0.00000 0.00000 0.00000 0.00000 0.00000 0.00000 0.00000 0.00000 0.00000 0.00000 0.00000 0.00000 0.00000 0.00000 0.00000 0.00000 0.00000 0.00000 0.00000 0.00000 0.00000 0.00000 0.00000 0.00000 0.00000 0.00000 0.00000 0.00000 0.00000 0.00000 0.00000 0.00000 0.00000 0.00000 0.00000 0.00000 0.00000 0.00000 0.00000 0.00000 0.00000 0.00000 0.00000 0.00000 0.00000 0.00000 0.00000 0.00000 0.00000 0.00000 0.00000 0.00000 0.00000 0.00000 0.00000 0.00000 0.00000 0.00000 0.00000 0.00000 0.00000 0.00000 0.00000 0.00000
0.00000 0.00000 0.00000 0.00000 0.00000 0.00000 0.00000 0.00000 0.00000 0.00000 0.00000 0.00000 0.00000 0.00000 0.00000 0.00000 0.00000 0.00000 0.00000 0.00000 0.00000 0.00000 0.00000 0.00000 0.00000 0.00000 0.00000 0.00000 0.00000 0.00000 0.00000 0.00000 0.00000 0.00000 0.00000 0.00000 0.00000 0.00000 0.00000 0.00000 0.00000 0.00000 0.00000 0.00000 0.00000 0.00000 0.00000 0.00000 0.00000 0.00000 0.00000 0.00000 0.00000 0.00000 0.00000 0.00000 0.00000 0.00000 0.00000 0.00000 0.00000 0.00000 0.00000 0.00000 0.00000 0.00000 0.00000 0.00000 0.00000 0.00000
0.00000 0.00000 0.00000 0.00000 0.00000 0.00000 0.00000 0.00000 0.00000 0.00000 0.00000 0.00000 0.00000 0.00000 0.00000 0.00000 0.00000 0.00000 0.00000 0.00000 0.00000 0.00000 0.00000 0.00000 0.00000 0.00000 0.00000 0.00000 0.00000 0.00000 0.00000 0.00000 0.00000 0.00000 0.00000 0.00000 0.00000 0.00000 0.00000 0.00000 0.00000 0.00000 0.00000 0.00000 0.00000 0.00000 0.00000 0.00000 0.00000 0.00000 0.00000 0.00000 0.00000 0.00000 0.00000 0.00000 0.00000 0.00000 0.00000 0.00000 0.00000 0.00000 0.00000 0.00000 0.00000 0.00000 0.00000 0.00000 0.00000 0.00000
0.00000 0.00000 0.00000 0.00000 0.00000 0.00000 0.00000 0.00000 0.00000 0.00000 0.00000 0.00000 0.00000 0.00000 0.00000 0.00000 0.00000 0.00000 0.00000 0.00000 0.00000 0.00000 0.00000 0.00000 0.00000 0.00000 0.00000 0.00000 0.00000 0.00000 0.00000 0.00000 0.00000 0.00000 0.00000 0.00000 0.00000 0.00000 0.00000 0.00000 0.00000 0.00000 0.00000 0.00000 0.00000 0.00000 0.00000 0.00000 0.00000 0.00000 0.00000 0.00000 0.00000 0.00000 0.00000 0.00000 0.00000 0.00000 0.00000 0.00000 0.00000 0.00000 0.00000 0.00000 0.00000 0.00000 0.00000 0.00000 0.00000 0.00000
0.00000 0.00000 0.00000 0.00000 0.00000 0.00000 0.00000 0.00000 0.00000 0.00000 0.00000 0.00000 0.00000 0.00000 0.00000 0.00000 0.00000 0.00000 0.00000 0.00000 0.00000 0.00000 0.00000 0.00000 0.00000 0.00000 0.00000 0.00000 0.00000 0.00000 0.00000 0.00000 0.00000 0.00000 0.00000 0.00000 0.00000 0.00000 0.00000 0.00000 0.00000 0.00000 0.00000 0.00000 0.00000 0.00000 0.00000 0.00000 0.00000 0.00000 0.00000 0.00000 0.00000 0.00000 0.00000 0.00000 0.00000 0.00000 0.00000 0.00000 0.00000 0.00000 0.00000 0.00000 0.00000 0.00000 0.00000 0.00000 0.00000 0.00000
