0.00000 0.00000 0.00000 0.00000 0.00000 0.00000 0.00000 0.00000 0.00000 0.00000 0.00000 0.00000 0.00000 0.00000 0.00000 0.00000 0.00000 0.00000 0.00000 0.00000 0.00000 0.00000 0.00000 0.00000 0.00000 0.00000 0.00000 0.00000 0.00000 0.00000 0.00000 0.00000 0.00000 0.00000 0.00000 0.00000 0.00000 0.00000 0.00000 0.00000 0.00000 0.00000 0.00000 0.00000 0.00000 0.00000 0.00000 0.00000 0.00000 0.00000 0.00000 0.00000 0.00000 0.00000 0.00000 0.00000 0.00000 0.00000 0.00000 0.00000 0.00000 0.00000 0.00000 0.00000 0.00000 0.00000 0.00000 0.00000 0.00000 0.00000 0.00000 0.00000 0.00000 0.00000 0.00000 0.00000 0.00000 0.00000 0.00000 0.00000 0.00000 0.00000 0.00000 0.00000 0.00000 0.00000 0.00000 0.00000 0.00000 0.00000 0.00000 0.00000 0.00000 0.00000 0.00000 0.00000 0.00000 0.00000 0.00000 0.00000
0.00000 0.00000 0.00000 0.00000 0.00000 0.00000 0.00000 0.00000 0.00000 0.00000 0.00000 0.00000 0.00000 0.00000 0.00000 0.00000 0.00000 0.00000 0.00000 0.00000 0.00000 0.00000 0.00000 0.00000 0.00000 0.00000 0.00000 0.00000 0.00000 0.00000 0.00000 0.00000 0.00000 0.00000 0.00000 0.00000 0.00000 0.00000 0.00000 0.00000 0.00000 0.00000 0.00000 0.00000 0.00000 0.00000 0.00000 0.00000 0.00000 0.00000 0.00000 0.00000 0.00000 0.00000 0.00000 0.00000 0.00000 0.00000 0.00000 0.00000 0.00000 0.00000 0.00000 0.00000 0.00000 0.00000 0.00000 0.00000 0.00000 0.00000 0.00000 0.00000 0.00000 0.00000 0.00000 0.00000 0.00000 0.00000 0.00000 0.00000 0.00000 0.00000 0.00000 0.00000 0.00000 0.00000 0.00000 0.00000 0.00000 0.00000 0.00000 0.00000 0.00000 0.00000 0.00000 0.00000 0.00000 0.00000 0.00000 0.00000
0.00000 0.00000 0.00000 0.00000 0.00000 0.00000 0.00000 0.00000 0.00000 0.00000 0.00000 0.00000 0.00000 0.00000 0.00000 0.00000 0.00000 0.00000 0.00000 0.00000 0.00000 0.00000 0.00000 0.00000 0.00000 0.00000 0.00000 0.00000 0.00000 0.00000 0.00000 0.00000 0.00000 0.00000 0.00000 0.00000 0.00000 0.00000 0.00000 0.00000 0.00000 0.00000 0.00000 0.00000 0.00000 0.00000 0.00000 0.00000 0.00000 0.00000 0.00000 0.00000 0.00000 0.00000 0.00000 0.00000 0.00000 0.00000 0.00000 0.00000 0.00000 0.00000 0.00000 0.00000 0.00000 0.00000 0.00000 0.00000 0.00000 0.00000 0.00000 0.00000 0.00000 0.00000 0.00000 0.00000 0.00000 0.00000 0.00000 0.00000 0.00000 0.00000 0.00000 0.00000 0.00000 0.00000 0.00000 0.00000 0.00000 0.00000 0.00000 0.00000 0.00000 0.00000 0.00000 0.00000 0.00000 0.00000 0.00000 0.00000
0.00000 0.00000 0.00000 0.00000 0.00000 0.00000 0.00000 0.00000 0.00000 0.00000 0.00000 0.00000 0.00000 0.00000 0.00000 0.00000 0.00000 0.00000 0.00000 0.00000 0.00000 0.00000 0.00000 0.00000 0.00000 0.00000 0.00000 0.00000 0.00000 0.00000 0.00000 0.00000 0.00000 0.00000 0.00000 0.00000 0.00000 0.00000 0.00000 0.00000 0.00000 0.00000 0.00000 0.00000 0.00000 0.00000 0.00000 0.00000 0.00000 0.00000 0.00000 0.00000 0.00000 0.00000 0.00000 0.00000 0.00000 0.00000 0.00000 0.00000 0.00000 0.00000 0.00000 0.00000 0.00000 0.00000 0.00000 0.00000 0.00000 0.00000 0.00000 0.00000 0.00000 0.00000 0.00000 0.00000 0.00000 0.00000 0.00000 0.00000 0.00000 0.00000 0.00000 0.00000 0.00000 0.00000 0.00000 0.00000 0.00000 0.00000 0.00000 0.00000 0.00000 0.00000 0.00000 0.00000 0.00000 0.00000 0.00000 0.00000
0.00000 0.00000 0.00000 0.00000 0.00000 0.00000 0.00000 0.00000 0.00000 0.00000 0.00000 0.00000 0.00000 0.00000 0.00000 0.00000 0.00000 0.00000 0.00000 0.00000 0.00000 0.00000 0.00000 0.00000 0.00000 0.00000 0.00000 0.00000 0.00000 0.00000 0.00000 0.00000 0.00000 0.00000 0.00000 0.00000 0.00000 0.00000 0.00000 0.00000 0.00000 0.00000 0.00000 0.00000 0.00000 0.00000 0.00000 0.00000 0.00000 0.00000 0.00000 0.00000 0.00000 0.00000 0.00000 0.00000 0.00000 0.00000 0.00000 0.00000 0.00000 0.00000 0.00000 0.00000 0.00000 0.00000 0.00000 0.00000 0.00000 0.00000 0.00000 0.00000 0.00000 0.00000 0.00000 0.00000 0.00000 0.00000 0.00000 0.00000 0.00000 0.00000 0.00000 0.00000 0.00000 0.00000 0.00000 0.00000 0.00000 0.00000 0.00000 0.00000 0.00000 0.00000 0.00000 0.00000 0.00000 0.00000 0.00000 0.00000
0.00000 0.00000 0.00000 0.00000 0.00000 0.00000 0.00000 0.00000 0.00000 0.00000 0.00000 0.00000 0.00000 0.00000 0.00000 0.00000 0.00000 0.00000 0.00000 0.00000 0.00000 0.00000 0.00000 0.00000 0.00000 0.00000 0.00000 0.00000 0.00000 0.00000 0.00000 0.00000 0.00000 0.00000 0.00000 0.00000 0.00000 0.00000 0.00000 0.00000 0.00000 0.00000 0.00000 0.00000 0.00000 0.00000 0.00000 0.00000 0.00000 0.00000 0.00000 0.00000 0.00000 0.00000 0.00000 0.00000 0.00000 0.00000 0.00000 0.00000 0.00000 0.00000 0.00000 0.00000 0.00000 0.00000 0.00000 0.00000 0.00000 0.00000 0.00000 0.00000 0.00000 0.00000 0.00000 0.00000 0.00000 0.00000 0.00000 0.00000 0.00000 0.00000 0.00000 0.00000 0.00000 0.00000 0.00000 0.00000 0.00000 0.00000 0.00000 0.00000 0.00000 0.00000 0.00000 0.00000 0.00000 0.00000 0.00000 0.00000
0.00000 0.00000 0.00000 0.00000 0.00000 0.00000 0.00000 0.00000 0.00000 0.00000 0.00000 0.00000 0.00000 0.00000 0.00000 0.00000 0.00000 0.00000 0.00000 0.00000 0.00000 0.00000 0.00000 0.00000 0.00000 0.00000 0.00000 0.00000 0.00000 0.00000 0.00000 0.00000 0.00000 0.00000 0.00000 0.00000 0.00000 0.00000 0.00000 0.00000 0.00000 0.00000 0.00000 0.00000 0.00000 0.00000 0.00000 0.00000 0.00000 0.00000 0.00000 0.00000 0.00000 0.00000 0.00000 0.00000 0.00000 0.00000 0.00000 0.00000 0.00000 0.00000 0.00000 0.00000 0.00000 0.00000 0.00000 0.00000 0.00000 0.00000 0.00000 0.00000 0.00000 0.00000 0.00000 0.00000 0.00000 0.00000 0.00000 0.00000 0.00000 0.00000 0.00000 0.00000 0.00000 0.00000 0.00000 0.00000 0.00000 0.00000 0.00000 0.00000 0.00000 0.00000 0.00000 0.00000 0.00000 0.00000 0.00000 0.00000
0.00000 0.00000 0.00000 0.00000 0.00000 0.00000 0.00000 0.00000 0.00000 0.00000 0.00000 0.00000 0.00000 0.00000 0.00000 0.00000 0.00000 0.00000 0.00000 0.00000 0.00000 0.00000 0.00000 0.00000 0.00000 0.00000 0.00000 0.00000 0.00000 0.00000 0.00000 0.00000 0.00000 0.00000 0.00000 0.00000 0.00000 0.00000 0.00000 0.00000 0.00000 0.00000 0.00000 0.00000 0.00000 0.00000 0.00000 0.00000 0.00000 0.00000 0.00000 0.00000 0.00000 0.00000 0.00000 0.00000 0.00000 0.00000 0.00000 0.00000 0.00000 0.00000 0.00000 0.00000 0.00000 0.00000 0.00000 0.00000 0.00000 0.00000 0.00000 0.00000 0.00000 0.00000 0.00000 0.00000 0.00000 0.00000 0.00000 0.00000 0.00000 0.00000 0.00000 0.00000 0.00000 0.00000 0.00000 0.00000 0.00000 0.00000 0.00000 0.00000 0.00000 0.00000 0.00000 0.00000 0.00000 0.00000 0.00000 0.00000
0.00000 0.00000 0.00000 0.00000 0.00000 0.00000 0.00000 0.00000 0.00000 0.00000 0.00000 0.00000 0.00000 0.00000 0.00000 0.00000 0.00000 0.00000 0.00000 0.00000 0.00000 0.00000 0.00000 0.00000 0.00000 0.00000 0.00000 0.00000 0.00000 0.00000 0.00000 0.00000 0.00000 0.00000 0.00000 0.00000 0.00000 0.00000 0.00000 0.00000 0.00000 0.00000 0.00000 0.00000 0.00000 0.00000 0.00000 0.00000 0.00000 0.00000 0.00000 0.00000 0.00000 0.00000 0.00000 0.00000 0.00000 0.00000 0.00000 0.00000 0.00000 0.00000 0.00000 0.00000 0.00000 0.00000 0.00000 0.00000 0.00000 0.00000 0.00000 0.00000 0.00000 0.00000 0.00000 0.00000 0.00000 0.00000 0.00000 0.00000 0.00000 0.00000 0.00000 0.00000 0.00000 0.00000 0.00000 0.00000 0.00000 0.00000 0.00000 0.00000 0.00000 0.00000 0.00000 0.00000 0.00000 0.00000 0.00000 0.00000
0.00000 0.00000 0.00000 0.00000 0.00000 0.00000 0.00000 0.00000 0.00000 0.00000 0.00000 0.00000 0.00000 0.00000 0.00000 0.00000 0.00000 0.00000 0.00000 0.00000 0.00000 0.00000 0.00000 0.00000 0.00000 0.00000 0.00000 0.00000 0.00000 0.00000 0.00000 0.00000 0.00000 0.00000 0.00000 0.00000 0.00000 0.00000 0.00000 0.00000 0.00000 0.00000 0.00000 0.00000 0.00000 0.00000 0.00000 0.00000 0.00000 0.00000 0.00000 0.00000 0.00000 0.00000 0.00000 0.00000 0.00000 0.00000 0.00000 0.00000 0.00000 0.00000 0.00000 0.00000 0.00000 0.00000 0.00000 0.00000 0.00000 0.00000 0.00000 0.00000 0.00000 0.00000 0.00000 0.00000 0.00000 0.00000 0.00000 0.00000 0.00000 0.00000 0.00000 0.00000 0.00000 0.00000 0.00000 0.00000 0.00000 0.00000 0.00000 0.00000 0.00000 0.00000 0.00000 0.00000 0.00000 0.00000 0.00000 0.00000
0.00000 0.00000 0.00000 0.00000 0.00000 0.00000 0.00000 0.00000 0.00000 0.00000 0.00000 0.00000 0.00000 0.00000 0.00000 0.00000 0.00000 0.00000 0.00000 0.00000 0.00000 0.00000 0.00000 0.00000 0.00000 0.00000 0.00000 0.00000 0.00000 0.00000 0.00000 0.00000 0.00000 0.00000 0.00000 0.00000 0.00000 0.00000 0.00000 0.00000 0.00000 0.00000 0.00000 0.00000 0.00000 0.00000 0.00000 0.00000 0.00000 0.00000 0.00000 0.00000 0.00000 0.00000 0.00000 0.00000 0.00000 0.00000 0.00000 0.00000 0.00000 0.00000 0.00000 0.00000 0.00000 0.00000 0.00000 0.00000 0.00000 0.00000 0.00000 0.00000 0.00000 0.00000 0.00000 0.00000 0.00000 0.00000 0.00000 0.00000 0.00000 0.00000 0.00000 0.00000 0.00000 0.00000 0.00000 0.00000 0.00000 0.00000 0.00000 0.00000 0.00000 0.00000 0.00000 0.00000 0.00000 0.00000 0.00000 0.00000
0.00000 0.00000 0.00000 0.00000 0.00000 0.00000 0.00000 0.00000 0.00000 0.00000 0.00000 0.00000 0.00000 0.00000 0.00000 0.00000 0.00000 0.00000 0.00000 0.00000 0.00000 0.00000 0.00000 0.00000 0.00000 0.00000 0.00000 0.00000 0.00000 0.00000 0.00000 0.00000 0.00000 0.00000 0.00000 0.00000 0.00000 0.00000 0.00000 0.00000 0.00000 0.00000 0.00000 0.00000 0.00000 0.00000 0.00000 0.00000 0.00000 0.00000 0.00000 0.00000 0.00000 0.00000 0.00000 0.00000 0.00000 0.00000 0.00000 0.00000 0.00000 0.00000 0.00000 0.00000 0.00000 0.00000 0.00000 0.00000 0.00000 0.00000 0.00000 0.00000 0.00000 0.00000 0.00000 0.00000 0.00000 0.00000 0.00000 0.00000 0.00000 0.00000 0.00000 0.00000 0.00000 0.00000 0.00000 0.00000 0.00000 0.00000 0.00000 0.00000 0.00000 0.00000 0.00000 0.00000 0.00000 0.00000 0.00000 0.00000
0.00000 0.00000 0.00000 0.00000 0.00000 0.00000 0.00000 0.00000 0.00000 0.00000 0.00000 0.00000 0.00000 0.00000 0.00000 0.00000 0.00000 0.00000 0.00000 0.00000 0.00000 0.00000 0.00000 0.00000 0.00000 0.00000 0.00000 0.00000 0.00000 0.00000 0.00000 0.00000 0.00000 0.00000 0.00000 0.00000 0.00000 0.00000 0.00000 0.00000 0.00000 0.00000 0.00000 0.00000 0.00000 0.00000 0.00000 0.00000 0.00000 0.00000 0.00000 0.00000 0.00000 0.00000 0.00000 0.00000 0.00000 0.00000 0.00000 0.00000 0.00000 0.00000 0.00000 0.00000 0.00000 0.00000 0.00000 0.00000 0.00000 0.00000 0.00000 0.00000 0.00000 0.00000 0.00000 0.00000 0.00000 0.00000 0.00000 0.00000 0.00000 0.00000 0.00000 0.00000 0.00000 0.00000 0.00000 0.00000 0.00000 0.00000 0.00000 0.00000 0.00000 0.00000 0.00000 0.00000 0.00000 0.00000 0.00000 0.00000
0.00000 0.00000 0.00000 0.00000 0.00000 0.00000 0.00000 0.00000 0.00000 0.00000 0.00000 0.00000 0.00000 0.00000 0.00000 0.00000 0.00000 0.00000 0.00000 0.00000 0.00000 0.00000 0.00000 0.00000 0.00000 0.00000 0.00000 0.00000 0.00000 0.00000 0.00000 0.00000 0.00000 0.00000 0.00000 0.00000 0.00000 0.00000 0.00000 0.00000 0.00000 0.00000 0.00000 0.00000 0.00000 0.00000 0.00000 0.00000 0.00000 0.00000 0.00000 0.00000 0.00000 0.00000 0.00000 0.00000 0.00000 0.00000 0.00000 0.00000 0.00000 0.00000 0.00000 0.00000 0.00000 0.00000 0.00000 0.00000 0.00000 0.00000 0.00000 0.00000 0.00000 0.00000 0.00000 0.00000 0.00000 0.00000 0.00000 0.00000 0.00000 0.00000 0.00000 0.00000 0.00000 0.00000 0.00000 0.00000 0.00000 0.00000 0.00000 0.00000 0.00000 0.00000 0.00000 0.00000 0.00000 0.00000 0.00000 0.00000
0.00000 0.00000 0.00000 0.00000 0.00000 0.00000 0.00000 0.00000 0.00000 0.00000 0.00000 0.00000 0.00000 0.00000 0.00000 0.00000 0.00000 0.00000 0.00000 0.00000 0.00000 0.00000 0.00000 0.00000 0.00000 0.00000 0.00000 0.00000 0.00000 0.00000 0.00000 0.00000 0.00000 0.00000 0.00000 0.00000 0.00000 0.00000 0.00000 0.00000 0.00000 0.00000 0.00000 0.00000 0.00000 0.00000 0.00000 0.00000 0.00000 0.00000 0.00000 0.00000 0.00000 0.00000 0.00000 0.00000 0.00000 0.00000 0.00000 0.00000 0.00000 0.00000 0.00000 0.00000 0.00000 0.00000 0.00000 0.00000 0.00000 0.00000 0.00000 0.00000 0.00000 0.00000 0.00000 0.00000 0.00000 0.00000 0.00000 0.00000 0.00000 0.00000 0.00000 0.00000 0.00000 0.00000 0.00000 0.00000 0.00000 0.00000 0.00000 0.00000 0.00000 0.00000 0.00000 0.00000 0.00000 0.00000 0.00000 0.00000
0.00000 0.00000 0.00000 0.00000 0.00000 0.00000 0.00000 0.00000 0.00000 0.00000 0.00000 0.00000 0.00000 0.00000 0.00000 0.00069 0.00204 0.00339 0.00474 0.00604 0.00728 0.00859 0.00991 0.01113 0.01230 0.01225 0.01082 0.00959 0.00829 0.00686 0.00556 0.00435 0.00308 0.00181 0.00060 0.00000 0.00000 0.00000 0.00000 0.00000 0.00000 0.00000 0.00000 0.00000 0.00000 0.00000 0.00000 0.00000 0.00000 0.00000 0.00000 0.00000 0.00000 0.00000 0.00000 0.00000 0.00000 0.00000 0.00000 0.00000 0.00000 0.00000 0.00000 0.00000 0.00000 0.00044 0.00131 0.00215 0.00299 0.00379 0.00455 0.00534 0.00617 0.00691 0.00759 0.00736 0.00660 0.00582 0.00497 0.00405 0.00330 0.00256 0.00182 0.00106 0.00035 0.00000 0.00000 0.00000 0.00000 0.00000 0.00000 0.00000 0.00000 0.00000 0.00000 0.00000 0.00000 0.00000 0.00000 0.00000
0.00000 0.00000 0.00000 0.00000 0.00000 0.00000 0.00000 0.00000 0.00000 0.00000 0.00000 0.00000 0.00000 0.00000 0.00000 0.00208 0.00623 0.01002 0.01396 0.01830 0.02219 0.02529 0.02913 0.03361 0.03695 0.03626 0.03256 0.02841 0.02455 0.02090 0.01672 0.01282 0.00922 0.00552 0.00180 0.00000 0.00000 0.00000 0.00000 0.00000 0.00000 0.00000 0.00000 0.00000 0.00000 0.00000 0.00000 0.00000 0.00000 0.00000 0.00000 0.00000 0.00000 0.00000 0.00000 0.00000 0.00000 0.00000 0.00000 0.00000 0.00000 0.00000 0.00000 0.00000 0.00000 0.00131 0.00389 0.00640 0.00887 0.01136 0.01360 0.01573 0.01821 0.02054 0.02275 0.02216 0.01941 0.01714 0.01483 0.01224 0.00974 0.00756 0.00539 0.00319 0.00105 0.00000 0.00000 0.00000 0.00000 0.00000 0.00000 0.00000 0.00000 0.00000 0.00000 0.00000 0.00000 0.00000 0.00000 0.00000
0.00000 0.00000 0.00000 0.00000 0.00000 0.00000 0.00000 0.00000 0.00000 0.00000 0.00000 0.00000 0.00000 0.00000 0.00000 0.00343 0.01014 0.01690 0.02358 0.03024 0.03657 0.04272 0.04893 0.05537 0.06108 0.06044 0.05509 0.04747 0.04045 0.03482 0.02824 0.02131 0.01512 0.00921 0.00302 0.00000 0.00000 0.00000 0.00000 0.00000 0.00000 0.00000 0.00000 0.00000 0.00000 0.00000 0.00000 0.00000 0.00000 0.00000 0.00000 0.00000 0.00000 0.00000 0.00000 0.00000 0.00000 0.00000 0.00000 0.00000 0.00000 0.00000 0.00000 0.00000 0.00000 0.00218 0.00647 0.01064 0.01467 0.01875 0.02293 0.02636 0.02984 0.03387 0.03770 0.03719 0.03228 0.02802 0.02446 0.02051 0.01637 0.01237 0.00890 0.00524 0.00173 0.00000 0.00000 0.00000 0.00000 0.00000 0.00000 0.00000 0.00000 0.00000 0.00000 0.00000 0.00000 0.00000 0.00000 0.00000
0.00000 0.00000 0.00000 0.00000 0.00000 0.00000 0.00000 0.00000 0.00000 0.00000 0.00000 0.00000 0.00000 0.00000 0.00000 0.00476 0.01411 0.02380 0.03317 0.04156 0.05044 0.06079 0.06824 0.07588 0.08610 0.08539 0.07495 0.06737 0.05753 0.04755 0.03932 0.03045 0.02121 0.01261 0.00424 0.00000 0.00000 0.00000 0.00000 0.00000 0.00000 0.00000 0.00000 0.00000 0.00000 0.00000 0.00000 0.00000 0.00000 0.00000 0.00000 0.00000 0.00000 0.00000 0.00000 0.00000 0.00000 0.00000 0.00000 0.00000 0.00000 0.00000 0.00000 0.00000 0.00000 0.00306 0.00901 0.01487 0.02071 0.02599 0.03185 0.03770 0.04177 0.04623 0.05208 0.05182 0.04552 0.03879 0.03340 0.02833 0.02305 0.01740 0.01216 0.00733 0.00240 0.00000 0.00000 0.00000 0.00000 0.00000 0.00000 0.00000 0.00000 0.00000 0.00000 0.00000 0.00000 0.00000 0.00000 0.00000
0.00000 0.00000 0.00000 0.00000 0.00000 0.00000 0.00000 0.00000 0.00000 0.00000 0.00000 0.00000 0.00000 0.00000 0.00000 0.00614 0.01845 0.03048 0.04172 0.05352 0.06563 0.07735 0.08821 0.09818 0.11147 0.10985 0.09628 0.08575 0.07435 0.06120 0.04942 0.03913 0.02769 0.01610 0.00536 0.00000 0.00000 0.00000 0.00000 0.00000 0.00000 0.00000 0.00000 0.00000 0.00000 0.00000 0.00000 0.00000 0.00000 0.00000 0.00000 0.00000 0.00000 0.00000 0.00000 0.00000 0.00000 0.00000 0.00000 0.00000 0.00000 0.00000 0.00000 0.00000 0.00000 0.00395 0.01166 0.01886 0.02616 0.03361 0.04048 0.04784 0.05484 0.05945 0.06524 0.06570 0.05881 0.05076 0.04251 0.03551 0.02936 0.02254 0.01562 0.00922 0.00309 0.00000 0.00000 0.00000 0.00000 0.00000 0.00000 0.00000 0.00000 0.00000 0.00000 0.00000 0.00000 0.00000 0.00000 0.00000
0.00000 0.00000 0.00000 0.00000 0.00000 0.00000 0.00000 0.00000 0.00000 0.00000 0.00000 0.00000 0.00000 0.00000 0.00000 0.00743 0.02255 0.03700 0.05094 0.06585 0.07961 0.09309 0.10825 0.12252 0.13336 0.13427 0.12002 0.10362 0.08924 0.07565 0.06122 0.04726 0.03361 0.01987 0.00654 0.00000 0.00000 0.00000 0.00000 0.00000 0.00000 0.00000 0.00000 0.00000 0.00000 0.00000 0.00000 0.00000 0.00000 0.00000 0.00000 0.00000 0.00000 0.00000 0.00000 0.00000 0.00000 0.00000 0.00000 0.00000 0.00000 0.00000 0.00000 0.00000 0.00000 0.00473 0.01417 0.02317 0.03178 0.04068 0.04873 0.05679 0.06628 0.07443 0.07930 0.07798 0.07057 0.06204 0.05275 0.04277 0.03475 0.02734 0.01929 0.01116 0.00372 0.00000 0.00000 0.00000 0.00000 0.00000 0.00000 0.00000 0.00000 0.00000 0.00000 0.00000 0.00000 0.00000 0.00000 0.00000
0.00000 0.00000 0.00000 0.00000 0.00000 0.00000 0.00000 0.00000 0.00000 0.00000 0.00000 0.00000 0.00000 0.00000 0.00000 0.00882 0.02632 0.04367 0.06124 0.07794 0.09390 0.10967 0.12744 0.14351 0.15742 0.15766 0.14248 0.12264 0.10479 0.08984 0.07304 0.05510 0.03926 0.02371 0.00781 0.00000 0.00000 0.00000 0.00000 0.00000 0.00000 0.00000 0.00000 0.00000 0.00000 0.00000 0.00000 0.00000 0.00000 0.00000 0.00000 0.00000 0.00000 0.00000 0.00000 0.00000 0.00000 0.00000 0.00000 0.00000 0.00000 0.00000 0.00000 0.00000 0.00000 0.00552 0.01640 0.02749 0.03794 0.04751 0.05770 0.06668 0.07615 0.08714 0.09693 0.09165 0.08109 0.07188 0.06263 0.05202 0.04068 0.03113 0.02273 0.01329 0.00429 0.00000 0.00000 0.00000 0.00000 0.00000 0.00000 0.00000 0.00000 0.00000 0.00000 0.00000 0.00000 0.00000 0.00000 0.00000
0.00000 0.00000 0.00000 0.00000 0.00000 0.00000 0.00000 0.00000 0.00000 0.00000 0.00000 0.00000 0.00000 0.00000 0.00000 0.01036 0.03009 0.04984 0.07018 0.08991 0.10921 0.12756 0.14523 0.16361 0.18537 0.18220 0.16061 0.14229 0.12271 0.10291 0.08316 0.06403 0.04536 0.02722 0.00899 0.00000 0.00000 0.00000 0.00000 0.00000 0.00000 0.00000 0.00000 0.00000 0.00000 0.00000 0.00000 0.00000 0.00000 0.00000 0.00000 0.00000 0.00000 0.00000 0.00000 0.00000 0.00000 0.00000 0.00000 0.00000 0.00000 0.00000 0.00000 0.00000 0.00000 0.00643 0.01879 0.03093 0.04351 0.05519 0.06638 0.07773 0.08676 0.09699 0.11072 0.10923 0.09266 0.08050 0.07046 0.05970 0.04825 0.03557 0.02527 0.01541 0.00500 0.00000 0.00000 0.00000 0.00000 0.00000 0.00000 0.00000 0.00000 0.00000 0.00000 0.00000 0.00000 0.00000 0.00000 0.00000
0.00000 0.00000 0.00000 0.00000 0.00000 0.00000 0.00000 0.00000 0.00000 0.00000 0.00000 0.00000 0.00000 0.00000 0.00000 0.01164 0.03429 0.05646 0.07989 0.10164 0.12183 0.14437 0.16695 0.18678 0.20827 0.20581 0.18142 0.16132 0.13972 0.11499 0.09364 0.07323 0.05179 0.03026 0.01008 0.00000 0.00000 0.00000 0.00000 0.00000 0.00000 0.00000 0.00000 0.00000 0.00000 0.00000 0.00000 0.00000 0.00000 0.00000 0.00000 0.00000 0.00000 0.00000 0.00000 0.00000 0.00000 0.00000 0.00000 0.00000 0.00000 0.00000 0.00000 0.00000 0.00000 0.00732 0.02156 0.03475 0.04809 0.06211 0.07514 0.08754 0.09991 0.10910 0.12049 0.12255 0.10896 0.09060 0.07766 0.06574 0.05443 0.04166 0.02820 0.01686 0.00574 0.00000 0.00000 0.00000 0.00000 0.00000 0.00000 0.00000 0.00000 0.00000 0.00000 0.00000 0.00000 0.00000 0.00000 0.00000
0.00000 0.00000 0.00000 0.00000 0.00000 0.00000 0.00000 0.00000 0.00000 0.00000 0.00000 0.00000 0.00000 0.00000 0.00000 0.01279 0.03859 0.06366 0.08860 0.11278 0.13689 0.15997 0.18729 0.21038 0.22952 0.22863 0.20637 0.18029 0.15334 0.12892 0.10512 0.08168 0.05734 0.03398 0.01124 0.00000 0.00000 0.00000 0.00000 0.00000 0.00000 0.00000 0.00000 0.00000 0.00000 0.00000 0.00000 0.00000 0.00000 0.00000 0.00000 0.00000 0.00000 0.00000 0.00000 0.00000 0.00000 0.00000 0.00000 0.00000 0.00000 0.00000 0.00000 0.00000 0.00000 0.00797 0.02406 0.03933 0.05345 0.06779 0.08289 0.09674 0.11112 0.12394 0.13354 0.13147 0.12017 0.10490 0.08579 0.07160 0.05895 0.04618 0.03255 0.01854 0.00625 0.00000 0.00000 0.00000 0.00000 0.00000 0.00000 0.00000 0.00000 0.00000 0.00000 0.00000 0.00000 0.00000 0.00000 0.00000
0.00000 0.00000 0.00000 0.00000 0.00000 0.00000 0.00000 0.00000 0.00000 0.00000 0.00000 0.00000 0.00000 0.00000 0.00000 0.01339 0.04083 0.06764 0.09141 0.11746 0.14579 0.17041 0.19124 0.21825 0.24316 0.24358 0.21770 0.19019 0.16564 0.14229 0.11789 0.09217 0.06905 0.04635 0.02322 0.01110 0.00985 0.00867 0.00744 0.00621 0.00502 0.00389 0.00274 0.00163 0.00054 0.00000 0.00000 0.00000 0.00000 0.00000 0.00000 0.00000 0.00000 0.00000 0.00000 0.00000 0.00000 0.00000 0.00000 0.00000 0.00000 0.00000 0.00000 0.00000 0.00000 0.00790 0.02339 0.03930 0.05420 0.06717 0.08110 0.09592 0.10938 0.12328 0.13622 0.13059 0.11549 0.10348 0.08908 0.07106 0.05732 0.04468 0.03234 0.01891 0.00603 0.00000 0.00000 0.00000 0.00000 0.00000 0.00000 0.00000 0.00000 0.00000 0.00000 0.00000 0.00000 0.00000 0.00000 0.00000
0.00000 0.00000 0.00000 0.00000 0.00000 0.00000 0.00000 0.00000 0.00000 0.00000 0.00000 0.00000 0.00000 0.00000 0.00000 0.01343 0.04039 0.06689 0.09289 0.11779 0.14525 0.17037 0.19322 0.21590 0.24521 0.24455 0.21849 0.19649 0.17532 0.15359 0.12973 0.10814 0.08708 0.06668 0.04568 0.03322 0.02946 0.02603 0.02231 0.01849 0.01506 0.01167 0.00821 0.00482 0.00162 0.00000 0.00000 0.00000 0.00000 0.00000 0.00000 0.00000 0.00000 0.00000 0.00000 0.00000 0.00000 0.00000 0.00000 0.00000 0.00000 0.00000 0.00000 0.00000 0.00000 0.00713 0.02082 0.03422 0.04831 0.06112 0.07208 0.08391 0.09711 0.10882 0.12169 0.11971 0.10230 0.08921 0.07875 0.06577 0.05100 0.03899 0.02814 0.01686 0.00547 0.00000 0.00000 0.00000 0.00000 0.00000 0.00000 0.00000 0.00000 0.00000 0.00000 0.00000 0.00000 0.00000 0.00000 0.00000
0.00000 0.00000 0.00000 0.00000 0.00000 0.00000 0.00000 0.00000 0.00000 0.00000 0.00000 0.00000 0.00000 0.00000 0.00000 0.01367 0.03963 0.06559 0.09365 0.11947 0.14147 0.16711 0.19548 0.21983 0.23841 0.24257 0.22409 0.20431 0.18427 0.16178 0.14297 0.12470 0.10567 0.08590 0.06755 0.05562 0.04943 0.04304 0.03674 0.03091 0.02510 0.01933 0.01357 0.00812 0.00267 0.00000 0.00000 0.00000 0.00000 0.00000 0.00000 0.00000 0.00000 0.00000 0.00000 0.00000 0.00000 0.00000 0.00000 0.00000 0.00000 0.00000 0.00000 0.00000 0.00000 0.00630 0.01856 0.02994 0.04127 0.05372 0.06490 0.07344 0.08352 0.09533 0.10581 0.10464 0.09225 0.07765 0.06664 0.05722 0.04645 0.03453 0.02395 0.01453 0.00484 0.00000 0.00000 0.00000 0.00000 0.00000 0.00000 0.00000 0.00000 0.00000 0.00000 0.00000 0.00000 0.00000 0.00000 0.00000
0.00000 0.00000 0.00000 0.00000 0.00000 0.00000 0.00000 0.00000 0.00000 0.00000 0.00000 0.00000 0.00000 0.00000 0.00000 0.01363 0.04015 0.06588 0.09310 0.11939 0.14315 0.16701 0.19512 0.21913 0.24041 0.24278 0.22843 0.21049 0.19017 0.17328 0.15675 0.14048 0.12272 0.10581 0.08982 0.07798 0.06907 0.05974 0.05139 0.04338 0.03507 0.02674 0.01909 0.01139 0.00372 0.00000 0.00000 0.00000 0.00000 0.00000 0.00000 0.00000 0.00000 0.00000 0.00000 0.00000 0.00000 0.00000 0.00000 0.00000 0.00000 0.00000 0.00000 0.00000 0.00000 0.00533 0.01608 0.02622 0.03561 0.04505 0.05580 0.06495 0.07206 0.08007 0.09025 0.08941 0.07940 0.06856 0.05702 0.04763 0.03950 0.03051 0.02125 0.01223 0.00408 0.00000 0.00000 0.00000 0.00000 0.00000 0.00000 0.00000 0.00000 0.00000 0.00000 0.00000 0.00000 0.00000 0.00000 0.00000
0.00000 0.00000 0.00000 0.00000 0.00000 0.00000 0.00000 0.00000 0.00000 0.00000 0.00000 0.00000 0.00000 0.00000 0.00000 0.01335 0.04054 0.06717 0.09175 0.11642 0.14497 0.16920 0.19057 0.21589 0.24368 0.24728 0.22992 0.21353 0.19902 0.18504 0.17077 0.15422 0.13985 0.12635 0.11272 0.09960 0.08770 0.07689 0.06634 0.05551 0.04459 0.03450 0.02444 0.01452 0.00478 0.00000 0.00000 0.00000 0.00000 0.00000 0.00000 0.00000 0.00000 0.00000 0.00000 0.00000 0.00000 0.00000 0.00000 0.00000 0.00000 0.00000 0.00000 0.00000 0.00000 0.00447 0.01320 0.02218 0.03058 0.03782 0.04561 0.05455 0.06215 0.06748 0.07389 0.07454 0.06595 0.05764 0.04944 0.04002 0.03221 0.02514 0.01804 0.01062 0.00340 0.00000 0.00000 0.00000 0.00000 0.00000 0.00000 0.00000 0.00000 0.00000 0.00000 0.00000 0.00000 0.00000 0.00000 0.00000
0.00000 0.00000 0.00000 0.00000 0.00000 0.00000 0.00000 0.00000 0.00000 0.00000 0.00000 0.00000 0.00000 0.00000 0.00000 0.01334 0.04037 0.06731 0.09155 0.11662 0.14442 0.16964 0.19173 0.21464 0.24329 0.24697 0.23188 0.22016 0.20850 0.19631 0.18196 0.16950 0.15784 0.14678 0.13460 0.12068 0.10713 0.09427 0.08088 0.06710 0.05461 0.04223 0.02977 0.01757 0.00584 0.00000 0.00000 0.00000 0.00000 0.00000 0.00000 0.00000 0.00000 0.00000 0.00000 0.00000 0.00000 0.00000 0.00000 0.00000 0.00000 0.00000 0.00000 0.00000 0.00000 0.00367 0.01075 0.01766 0.02491 0.03144 0.03703 0.04314 0.05038 0.05648 0.06010 0.05909 0.05333 0.04651 0.04008 0.03340 0.02637 0.02008 0.01433 0.00860 0.00286 0.00000 0.00000 0.00000 0.00000 0.00000 0.00000 0.00000 0.00000 0.00000 0.00000 0.00000 0.00000 0.00000 0.00000 0.00000
0.00000 0.00000 0.00000 0.00000 0.00000 0.00000 0.00000 0.00000 0.00000 0.00000 0.00000 0.00000 0.00000 0.00000 0.00000 0.01347 0.04017 0.06592 0.09269 0.11819 0.14221 0.16686 0.19439 0.21769 0.23695 0.24634 0.23738 0.22717 0.21761 0.20486 0.19449 0.18558 0.17670 0.16589 0.15532 0.14265 0.12716 0.11105 0.09448 0.07930 0.06454 0.04971 0.03495 0.02079 0.00686 0.00000 0.00000 0.00000 0.00000 0.00000 0.00000 0.00000 0.00000 0.00000 0.00000 0.00000 0.00000 0.00000 0.00000 0.00000 0.00000 0.00000 0.00000 0.00000 0.00000 0.00287 0.00843 0.01361 0.01878 0.02439 0.02933 0.03323 0.03777 0.04346 0.04816 0.04557 0.04047 0.03580 0.03065 0.02557 0.02062 0.01570 0.01097 0.00648 0.00216 0.00000 0.00000 0.00000 0.00000 0.00000 0.00000 0.00000 0.00000 0.00000 0.00000 0.00000 0.00000 0.00000 0.00000 0.00000
0.00000 0.00000 0.00000 0.00000 0.00000 0.00000 0.00000 0.00000 0.00000 0.00000 0.00000 0.00000 0.00000 0.00000 0.00000 0.01357 0.03936 0.06582 0.09291 0.11868 0.14046 0.16592 0.19436 0.21784 0.23834 0.24583 0.24140 0.23399 0.22298 0.21539 0.20845 0.20176 0.19319 0.18454 0.17727 0.16499 0.14638 0.12688 0.10891 0.09167 0.07423 0.05686 0.04036 0.02399 0.00788 0.00000 0.00000 0.00000 0.00000 0.00000 0.00000 0.00000 0.00000 0.00000 0.00000 0.00000 0.00000 0.00000 0.00000 0.00000 0.00000 0.00000 0.00000 0.00000 0.00000 0.00200 0.00602 0.00979 0.01331 0.01690 0.02087 0.02414 0.02680 0.02983 0.03401 0.03340 0.02873 0.02508 0.02169 0.01800 0.01448 0.01113 0.00789 0.00460 0.00150 0.00000 0.00000 0.00000 0.00000 0.00000 0.00000 0.00000 0.00000 0.00000 0.00000 0.00000 0.00000 0.00000 0.00000 0.00000
0.00000 0.00000 0.00000 0.00000 0.00000 0.00000 0.00000 0.00000 0.00000 0.00000 0.00000 0.00000 0.00000 0.00000 0.00000 0.01347 0.03958 0.06552 0.09243 0.11763 0.14246 0.16636 0.19016 0.21609 0.24125 0.24924 0.24491 0.23720 0.23125 0.22687 0.22254 0.21581 0.20932 0.20440 0.20010 0.18657 0.16427 0.14337 0.12359 0.10371 0.08364 0.06427 0.04547 0.02709 0.00895 0.00000 0.00000 0.00000 0.00000 0.00000 0.00000 0.00000 0.00000 0.00000 0.00000 0.00000 0.00000 0.00000 0.00000 0.00000 0.00000 0.00000 0.00000 0.00000 0.00000 0.00119 0.00352 0.00589 0.00807 0.01002 0.01211 0.01442 0.01638 0.01772 0.01967 0.01989 0.01741 0.01486 0.01285 0.01073 0.00858 0.00656 0.00468 0.00277 0.00090 0.00000 0.00000 0.00000 0.00000 0.00000 0.00000 0.00000 0.00000 0.00000 0.00000 0.00000 0.00000 0.00000 0.00000 0.00000
0.00000 0.00000 0.00000 0.00000 0.00000 0.00000 0.00000 0.00000 0.00000 0.00000 0.00000 0.00000 0.00000 0.00000 0.00000 0.01337 0.04041 0.06588 0.09083 0.11730 0.14399 0.16623 0.18920 0.21412 0.24153 0.25252 0.24569 0.24242 0.24084 0.23843 0.23386 0.22967 0.22691 0.22469 0.22169 0.20699 0.18285 0.16035 0.13793 0.11522 0.09311 0.07173 0.05072 0.03015 0.00995 0.00000 0.00000 0.00000 0.00000 0.00000 0.00000 0.00000 0.00000 0.00000 0.00000 0.00000 0.00000 0.00000 0.00000 0.00000 0.00000 0.00000 0.00000 0.00000 0.00000 0.00040 0.00116 0.00192 0.00269 0.00336 0.00399 0.00467 0.00542 0.00601 0.00644 0.00646 0.00577 0.00496 0.00423 0.00354 0.00285 0.00216 0.00153 0.00091 0.00030 0.00000 0.00000 0.00000 0.00000 0.00000 0.00000 0.00000 0.00000 0.00000 0.00000 0.00000 0.00000 0.00000 0.00000 0.00000
0.00000 0.00000 0.00000 0.00000 0.00000 0.00000 0.00000 0.00000 0.00000 0.00000 0.00000 0.00000 0.00000 0.00000 0.00000 0.01257 0.03824 0.06352 0.08555 0.10960 0.13550 0.15975 0.18153 0.20289 0.22693 0.23837 0.23679 0.23668 0.23740 0.23546 0.23317 0.23327 0.23368 0.23228 0.23039 0.21735 0.19440 0.17161 0.14843 0.12529 0.10355 0.08250 0.06142 0.04044 0.02021 0.01031 0.01023 0.01002 0.00989 0.00984 0.00974 0.00951 0.00940 0.00937 0.00925 0.00902 0.00893 0.00891 0.00875 0.00854 0.00845 0.00844 0.00826 0.00805 0.00797 0.00757 0.00661 0.00567 0.00488 0.00413 0.00330 0.00248 0.00176 0.00106 0.00035 0.00000 0.00000 0.00000 0.00000 0.00000 0.00000 0.00000 0.00000 0.00000 0.00000 0.00000 0.00000 0.00000 0.00000 0.00000 0.00000 0.00000 0.00000 0.00000 0.00000 0.00000 0.00000 0.00000 0.00000 0.00000
0.00000 0.00000 0.00000 0.00000 0.00000 0.00000 0.00000 0.00000 0.00000 0.00000 0.00000 0.00000 0.00000 0.00000 0.00000 0.01132 0.03384 0.05632 0.07819 0.09850 0.12022 0.14251 0.16291 0.18347 0.20248 0.21255 0.21640 0.21936 0.21968 0.22030 0.22288 0.22547 0.22678 0.22734 0.22800 0.21843 0.19786 0.17660 0.15484 0.13488 0.11556 0.09620 0.07688 0.05801 0.03985 0.03084 0.03044 0.02995 0.02956 0.02938 0.02898 0.02850 0.02810 0.02789 0.02753 0.02704 0.02665 0.02644 0.02614 0.02559 0.02514 0.02497 0.02476 0.02414 0.02361 0.02233 0.01988 0.01703 0.01439 0.01214 0.00992 0.00747 0.00519 0.00312 0.00104 0.00000 0.00000 0.00000 0.00000 0.00000 0.00000 0.00000 0.00000 0.00000 0.00000 0.00000 0.00000 0.00000 0.00000 0.00000 0.00000 0.00000 0.00000 0.00000 0.00000 0.00000 0.00000 0.00000 0.00000 0.00000
0.00000 0.00000 0.00000 0.00000 0.00000 0.00000 0.00000 0.00000 0.00000 0.00000 0.00000 0.00000 0.00000 0.00000 0.00000 0.01009 0.02930 0.04892 0.06930 0.08818 0.10443 0.12336 0.14403 0.16208 0.17774 0.18952 0.19561 0.19935 0.20230 0.20758 0.21267 0.21611 0.21918 0.22290 0.22713 0.21959 0.20036 0.18042 0.16221 0.14496 0.12731 0.10911 0.09195 0.07588 0.05963 0.05091 0.05016 0.04992 0.04945 0.04837 0.04775 0.04754 0.04696 0.04584 0.04533 0.04518 0.04447 0.04343 0.04299 0.04280 0.04197 0.04095 0.04061 0.04041 0.03946 0.03651 0.03251 0.02855 0.02409 0.01982 0.01618 0.01251 0.00871 0.00506 0.00169 0.00000 0.00000 0.00000 0.00000 0.00000 0.00000 0.00000 0.00000 0.00000 0.00000 0.00000 0.00000 0.00000 0.00000 0.00000 0.00000 0.00000 0.00000 0.00000 0.00000 0.00000 0.00000 0.00000 0.00000 0.00000
0.00000 0.00000 0.00000 0.00000 0.00000 0.00000 0.00000 0.00000 0.00000 0.00000 0.00000 0.00000 0.00000 0.00000 0.00000 0.00871 0.02555 0.04246 0.05967 0.07636 0.09080 0.10654 0.12435 0.13905 0.15401 0.16704 0.17323 0.17926 0.18705 0.19467 0.20091 0.20640 0.21261 0.21915 0.22594 0.22011 0.20175 0.18551 0.17029 0.15445 0.13782 0.12230 0.10789 0.09337 0.07874 0.07082 0.07011 0.06963 0.06866 0.06749 0.06659 0.06613 0.06516 0.06409 0.06328 0.06270 0.06174 0.06068 0.05985 0.05933 0.05844 0.05724 0.05620 0.05589 0.05521 0.05110 0.04470 0.03937 0.03389 0.02775 0.02221 0.01721 0.01223 0.00708 0.00231 0.00000 0.00000 0.00000 0.00000 0.00000 0.00000 0.00000 0.00000 0.00000 0.00000 0.00000 0.00000 0.00000 0.00000 0.00000 0.00000 0.00000 0.00000 0.00000 0.00000 0.00000 0.00000 0.00000 0.00000 0.00000
0.00000 0.00000 0.00000 0.00000 0.00000 0.00000 0.00000 0.00000 0.00000 0.00000 0.00000 0.00000 0.00000 0.00000 0.00000 0.00729 0.02202 0.03596 0.04935 0.06392 0.07846 0.09045 0.10268 0.11755 0.13163 0.14235 0.15103 0.16143 0.17171 0.18042 0.18851 0.19799 0.20710 0.21547 0.22359 0.21930 0.20485 0.19143 0.17752 0.16242 0.14875 0.13651 0.12354 0.11003 0.09723 0.09123 0.09029 0.08854 0.08732 0.08681 0.08586 0.08387 0.08292 0.08248 0.08136 0.07953 0.07865 0.07807 0.07682 0.07514 0.07444 0.07365 0.07222 0.07047 0.07011 0.06602 0.05753 0.04954 0.04278 0.03595 0.02855 0.02165 0.01541 0.00916 0.00297 0.00000 0.00000 0.00000 0.00000 0.00000 0.00000 0.00000 0.00000 0.00000 0.00000 0.00000 0.00000 0.00000 0.00000 0.00000 0.00000 0.00000 0.00000 0.00000 0.00000 0.00000 0.00000 0.00000 0.00000 0.00000
0.00000 0.00000 0.00000 0.00000 0.00000 0.00000 0.00000 0.00000 0.00000 0.00000 0.00000 0.00000 0.00000 0.00000 0.00000 0.00597 0.01796 0.02961 0.04031 0.05196 0.06389 0.07470 0.08370 0.09649 0.10695 0.11755 0.13044 0.14343 0.15509 0.16602 0.17775 0.18930 0.20098 0.21141 0.22067 0.21962 0.20871 0.19670 0.18310 0.17133 0.16101 0.14986 0.13807 0.12669 0.11664 0.11112 0.10954 0.10763 0.10631 0.10561 0.10403 0.10231 0.10078 0.10009 0.09840 0.09697 0.09588 0.09480 0.09295 0.09150 0.09029 0.08944 0.08766 0.08597 0.08425 0.07976 0.07064 0.06039 0.05129 0.04319 0.03515 0.02637 0.01845 0.01100 0.00364 0.00000 0.00000 0.00000 0.00000 0.00000 0.00000 0.00000 0.00000 0.00000 0.00000 0.00000 0.00000 0.00000 0.00000 0.00000 0.00000 0.00000 0.00000 0.00000 0.00000 0.00000 0.00000 0.00000 0.00000 0.00000
0.00000 0.00000 0.00000 0.00000 0.00000 0.00000 0.00000 0.00000 0.00000 0.00000 0.00000 0.00000 0.00000 0.00000 0.00000 0.00460 0.01373 0.02297 0.03204 0.04025 0.04870 0.05798 0.06663 0.07414 0.08217 0.09429 0.10992 0.12450 0.13817 0.15307 0.16724 0.18082 0.19380 0.20674 0.21929 0.22108 0.21134 0.20002 0.19001 0.18161 0.17232 0.16186 0.15246 0.14458 0.13586 0.12995 0.12821 0.12725 0.12580 0.12329 0.12179 0.12066 0.11938 0.11655 0.11543 0.11444 0.11289 0.11082 0.10935 0.10772 0.10621 0.10419 0.10308 0.10115 0.09945 0.09218 0.08219 0.07213 0.06043 0.05009 0.04067 0.03142 0.02175 0.01271 0.00421 0.00000 0.00000 0.00000 0.00000 0.00000 0.00000 0.00000 0.00000 0.00000 0.00000 0.00000 0.00000 0.00000 0.00000 0.00000 0.00000 0.00000 0.00000 0.00000 0.00000 0.00000 0.00000 0.00000 0.00000 0.00000
0.00000 0.00000 0.00000 0.00000 0.00000 0.00000 0.00000 0.00000 0.00000 0.00000 0.00000 0.00000 0.00000 0.00000 0.00000 0.00331 0.00971 0.01628 0.02287 0.02894 0.03452 0.04102 0.04754 0.05300 0.05824 0.07112 0.08865 0.10552 0.12263 0.13953 0.15630 0.17199 0.18710 0.20214 0.21856 0.22215 0.21232 0.20448 0.19836 0.19091 0.18203 0.17446 0.16834 0.16154 0.15397 0.14905 0.14744 0.14631 0.14427 0.14168 0.13949 0.13867 0.13632 0.13440 0.13289 0.13134 0.12888 0.12707 0.12585 0.12407 0.12103 0.11940 0.11811 0.11653 0.11345 0.10615 0.09351 0.08167 0.07061 0.05738 0.04614 0.03543 0.02525 0.01462 0.00476 0.00000 0.00000 0.00000 0.00000 0.00000 0.00000 0.00000 0.00000 0.00000 0.00000 0.00000 0.00000 0.00000 0.00000 0.00000 0.00000 0.00000 0.00000 0.00000 0.00000 0.00000 0.00000 0.00000 0.00000 0.00000
0.00000 0.00000 0.00000 0.00000 0.00000 0.00000 0.00000 0.00000 0.00000 0.00000 0.00000 0.00000 0.00000 0.00000 0.00000 0.00200 0.00588 0.00966 0.01354 0.01743 0.02092 0.02440 0.02817 0.03181 0.03546 0.04718 0.06724 0.08738 0.10706 0.12629 0.14463 0.16331 0.18099 0.19904 0.21664 0.22108 0.21497 0.21051 0.20539 0.19837 0.19263 0.18851 0.18343 0.17707 0.17191 0.16893 0.16697 0.16422 0.16206 0.16015 0.15836 0.15537 0.15342 0.15168 0.15016 0.14863 0.14533 0.14319 0.14152 0.13956 0.13715 0.13412 0.13251 0.13092 0.12867 0.11927 0.10509 0.09153 0.07808 0.06580 0.05193 0.03952 0.02792 0.01667 0.00542 0.00000 0.00000 0.00000 0.00000 0.00000 0.00000 0.00000 0.00000 0.00000 0.00000 0.00000 0.00000 0.00000 0.00000 0.00000 0.00000 0.00000 0.00000 0.00000 0.00000 0.00000 0.00000 0.00000 0.00000 0.00000
0.00000 0.00000 0.00000 0.00000 0.00000 0.00000 0.00000 0.00000 0.00000 0.00000 0.00000 0.00000 0.00000 0.00000 0.00000 0.00066 0.00198 0.00324 0.00445 0.00576 0.00704 0.00818 0.00929 0.01063 0.01172 0.02382 0.04656 0.06916 0.09123 0.11284 0.13384 0.15411 0.17554 0.19569 0.21340 0.22089 0.21914 0.21577 0.21039 0.20691 0.20482 0.20154 0.19690 0.19340 0.19051 0.18826 0.18562 0.18248 0.17991 0.17851 0.17643 0.17278 0.17054 0.16909 0.16697 0.16382 0.16228 0.15987 0.15618 0.15417 0.15270 0.15020 0.14605 0.14424 0.14321 0.13338 0.11686 0.10085 0.08654 0.07178 0.05860 0.04392 0.03071 0.01815 0.00605 0.00000 0.00000 0.00000 0.00000 0.00000 0.00000 0.00000 0.00000 0.00000 0.00000 0.00000 0.00000 0.00000 0.00000 0.00000 0.00000 0.00000 0.00000 0.00000 0.00000 0.00000 0.00000 0.00000 0.00000 0.00000
0.00000 0.00000 0.00000 0.00000 0.00000 0.00000 0.00000 0.00000 0.00000 0.00000 0.00000 0.00000 0.00000 0.00000 0.00000 0.00000 0.00000 0.00000 0.00000 0.00000 0.00000 0.00000 0.00000 0.00000 0.00000 0.01157 0.03445 0.05694 0.07898 0.10089 0.12156 0.14279 0.16356 0.18278 0.20142 0.21144 0.21089 0.20808 0.20633 0.20623 0.20530 0.20250 0.20103 0.20029 0.19912 0.19634 0.19399 0.19161 0.18913 0.18697 0.18373 0.18143 0.17929 0.17750 0.17378 0.17081 0.16834 0.16514 0.16125 0.15694 0.15460 0.15216 0.14826 0.14371 0.14118 0.13289 0.11613 0.10101 0.08507 0.07102 0.05710 0.04423 0.03063 0.01783 0.00590 0.00000 0.00000 0.00000 0.00000 0.00000 0.00000 0.00000 0.00000 0.00000 0.00000 0.00000 0.00000 0.00000 0.00000 0.00000 0.00000 0.00000 0.00000 0.00000 0.00000 0.00000 0.00000 0.00000 0.00000 0.00000
0.00000 0.00000 0.00000 0.00000 0.00000 0.00000 0.00000 0.00000 0.00000 0.00000 0.00000 0.00000 0.00000 0.00000 0.00000 0.00000 0.00000 0.00000 0.00000 0.00000 0.00000 0.00000 0.00000 0.00000 0.00000 0.01033 0.03062 0.05099 0.07075 0.08954 0.10870 0.12782 0.14504 0.16241 0.18112 0.19022 0.18978 0.19094 0.19324 0.19410 0.19350 0.19448 0.19584 0.19677 0.19658 0.19537 0.19276 0.19102 0.18907 0.18503 0.18291 0.18078 0.17879 0.17502 0.17327 0.16990 0.16405 0.15915 0.15459 0.15005 0.14410 0.13972 0.13622 0.13125 0.12565 0.11646 0.10359 0.08914 0.07649 0.06251 0.05053 0.03838 0.02748 0.01610 0.00516 0.00000 0.00000 0.00000 0.00000 0.00000 0.00000 0.00000 0.00000 0.00000 0.00000 0.00000 0.00000 0.00000 0.00000 0.00000 0.00000 0.00000 0.00000 0.00000 0.00000 0.00000 0.00000 0.00000 0.00000 0.00000
0.00000 0.00000 0.00000 0.00000 0.00000 0.00000 0.00000 0.00000 0.00000 0.00000 0.00000 0.00000 0.00000 0.00000 0.00000 0.00000 0.00000 0.00000 0.00000 0.00000 0.00000 0.00000 0.00000 0.00000 0.00000 0.00911 0.02724 0.04468 0.06171 0.07892 0.09614 0.11169 0.12721 0.14390 0.15937 0.16753 0.17055 0.17506 0.17876 0.18068 0.18342 0.18709 0.19026 0.19195 0.19456 0.19446 0.19231 0.19042 0.18699 0.18466 0.18181 0.18046 0.17672 0.17419 0.17235 0.16788 0.16064 0.15339 0.14785 0.14170 0.13519 0.12826 0.12283 0.11797 0.11164 0.10190 0.08944 0.07830 0.06630 0.05554 0.04408 0.03352 0.02369 0.01412 0.00463 0.00000 0.00000 0.00000 0.00000 0.00000 0.00000 0.00000 0.00000 0.00000 0.00000 0.00000 0.00000 0.00000 0.00000 0.00000 0.00000 0.00000 0.00000 0.00000 0.00000 0.00000 0.00000 0.00000 0.00000 0.00000
0.00000 0.00000 0.00000 0.00000 0.00000 0.00000 0.00000 0.00000 0.00000 0.00000 0.00000 0.00000 0.00000 0.00000 0.00000 0.00000 0.00000 0.00000 0.00000 0.00000 0.00000 0.00000 0.00000 0.00000 0.00000 0.00790 0.02346 0.03861 0.05326 0.06846 0.08272 0.09642 0.11037 0.12424 0.13673 0.14594 0.15298 0.15839 0.16285 0.16844 0.17447 0.17937 0.18325 0.18811 0.19269 0.19406 0.19198 0.18822 0.18622 0.18371 0.18192 0.17775 0.17606 0.17386 0.17096 0.16516 0.15706 0.14944 0.14058 0.13293 0.12572 0.11832 0.11033 0.10335 0.09739 0.08803 0.07708 0.06650 0.05720 0.04711 0.03833 0.02918 0.02020 0.01189 0.00396 0.00000 0.00000 0.00000 0.00000 0.00000 0.00000 0.00000 0.00000 0.00000 0.00000 0.00000 0.00000 0.00000 0.00000 0.00000 0.00000 0.00000 0.00000 0.00000 0.00000 0.00000 0.00000 0.00000 0.00000 0.00000
0.00000 0.00000 0.00000 0.00000 0.00000 0.00000 0.00000 0.00000 0.00000 0.00000 0.00000 0.00000 0.00000 0.00000 0.00000 0.00000 0.00000 0.00000 0.00000 0.00000 0.00000 0.00000 0.00000 0.00000 0.00000 0.00665 0.01962 0.03257 0.04546 0.05745 0.06929 0.08171 0.09363 0.10397 0.11483 0.12560 0.13389 0.14106 0.14847 0.15690 0.16453 0.17080 0.17744 0.18428 0.19120 0.19317 0.18991 0.18783 0.18483 0.18362 0.17964 0.17729 0.17485 0.17294 0.16968 0.16290 0.15376 0.14410 0.13438 0.12451 0.11598 0.10765 0.09879 0.09003 0.08196 0.07422 0.06483 0.05612 0.04734 0.03963 0.03177 0.02448 0.01722 0.00991 0.00327 0.00000 0.00000 0.00000 0.00000 0.00000 0.00000 0.00000 0.00000 0.00000 0.00000 0.00000 0.00000 0.00000 0.00000 0.00000 0.00000 0.00000 0.00000 0.00000 0.00000 0.00000 0.00000 0.00000 0.00000 0.00000
0.00000 0.00000 0.00000 0.00000 0.00000 0.00000 0.00000 0.00000 0.00000 0.00000 0.00000 0.00000 0.00000 0.00000 0.00000 0.00000 0.00000 0.00000 0.00000 0.00000 0.00000 0.00000 0.00000 0.00000 0.00000 0.00542 0.01602 0.02665 0.03698 0.04689 0.05640 0.06657 0.07608 0.08493 0.09430 0.10402 0.11422 0.12454 0.13542 0.14478 0.15351 0.16289 0.17224 0.18084 0.18902 0.19125 0.18927 0.18660 0.18517 0.18069 0.17913 0.17668 0.17411 0.17082 0.16865 0.16199 0.14977 0.13851 0.12782 0.11737 0.10639 0.09636 0.08714 0.07737 0.06782 0.05947 0.05285 0.04541 0.03867 0.03203 0.02581 0.01969 0.01385 0.00819 0.00263 0.00000 0.00000 0.00000 0.00000 0.00000 0.00000 0.00000 0.00000 0.00000 0.00000 0.00000 0.00000 0.00000 0.00000 0.00000 0.00000 0.00000 0.00000 0.00000 0.00000 0.00000 0.00000 0.00000 0.00000 0.00000
0.00000 0.00000 0.00000 0.00000 0.00000 0.00000 0.00000 0.00000 0.00000 0.00000 0.00000 0.00000 0.00000 0.00000 0.00000 0.00000 0.00000 0.00000 0.00000 0.00000 0.00000 0.00000 0.00000 0.00000 0.00000 0.00421 0.01257 0.02061 0.02843 0.03636 0.04425 0.05126 0.05850 0.06626 0.07319 0.08258 0.09534 0.10881 0.12110 0.13243 0.14360 0.15541 0.16660 0.17684 0.18646 0.19055 0.18794 0.18689 0.18244 0.18050 0.17791 0.17600 0.17261 0.16975 0.16777 0.15989 0.14644 0.13323 0.12126 0.10949 0.09758 0.08580 0.07483 0.06471 0.05409 0.04598 0.04016 0.03518 0.02984 0.02474 0.02004 0.01505 0.01057 0.00626 0.00206 0.00000 0.00000 0.00000 0.00000 0.00000 0.00000 0.00000 0.00000 0.00000 0.00000 0.00000 0.00000 0.00000 0.00000 0.00000 0.00000 0.00000 0.00000 0.00000 0.00000 0.00000 0.00000 0.00000 0.00000 0.00000
0.00000 0.00000 0.00000 0.00000 0.00000 0.00000 0.00000 0.00000 0.00000 0.00000 0.00000 0.00000 0.00000 0.00000 0.00000 0.00000 0.00000 0.00000 0.00000 0.00000 0.00000 0.00000 0.00000 0.00000 0.00000 0.00300 0.00893 0.01468 0.02022 0.02591 0.03141 0.03662 0.04162 0.04692 0.05182 0.06193 0.07757 0.09219 0.10633 0.12047 0.13483 0.14766 0.16017 0.17248 0.18524 0.18944 0.18800 0.18356 0.18229 0.17999 0.17740 0.17420 0.17167 0.16935 0.16633 0.15731 0.14301 0.12897 0.11464 0.10121 0.08865 0.07590 0.06332 0.05149 0.04049 0.03268 0.02853 0.02469 0.02119 0.01754 0.01400 0.01077 0.00749 0.00438 0.00144 0.00000 0.00000 0.00000 0.00000 0.00000 0.00000 0.00000 0.00000 0.00000 0.00000 0.00000 0.00000 0.00000 0.00000 0.00000 0.00000 0.00000 0.00000 0.00000 0.00000 0.00000 0.00000 0.00000 0.00000 0.00000
0.00000 0.00000 0.00000 0.00000 0.00000 0.00000 0.00000 0.00000 0.00000 0.00000 0.00000 0.00000 0.00000 0.00000 0.00000 0.00000 0.00000 0.00000 0.00000 0.00000 0.00000 0.00000 0.00000 0.00000 0.00000 0.00179 0.00529 0.00878 0.01222 0.01545 0.01863 0.02191 0.02513 0.02786 0.03081 0.04157 0.05913 0.07585 0.09224 0.10912 0.12492 0.13997 0.15411 0.16894 0.18294 0.18952 0.18526 0.18365 0.18174 0.17919 0.17614 0.17295 0.17093 0.16826 0.16492 0.15523 0.13947 0.12407 0.10867 0.09349 0.07934 0.06589 0.05230 0.03910 0.02660 0.01951 0.01710 0.01469 0.01254 0.01040 0.00834 0.00635 0.00449 0.00260 0.00085 0.00000 0.00000 0.00000 0.00000 0.00000 0.00000 0.00000 0.00000 0.00000 0.00000 0.00000 0.00000 0.00000 0.00000 0.00000 0.00000 0.00000 0.00000 0.00000 0.00000 0.00000 0.00000 0.00000 0.00000 0.00000
0.00000 0.00000 0.00000 0.00000 0.00000 0.00000 0.00000 0.00000 0.00000 0.00000 0.00000 0.00000 0.00000 0.00000 0.00000 0.00000 0.00000 0.00000 0.00000 0.00000 0.00000 0.00000 0.00000 0.00000 0.00000 0.00060 0.00176 0.00291 0.00406 0.00515 0.00618 0.00727 0.00832 0.00930 0.01026 0.02085 0.04059 0.05994 0.07924 0.09712 0.11474 0.13197 0.14948 0.16493 0.18129 0.18667 0.18524 0.18385 0.18068 0.17789 0.17477 0.17237 0.16955 0.16664 0.16407 0.15354 0.13588 0.11885 0.10253 0.08646 0.07045 0.05556 0.04126 0.02707 0.01334 0.00640 0.00566 0.00489 0.00411 0.00344 0.00276 0.00210 0.00146 0.00087 0.00028 0.00000 0.00000 0.00000 0.00000 0.00000 0.00000 0.00000 0.00000 0.00000 0.00000 0.00000 0.00000 0.00000 0.00000 0.00000 0.00000 0.00000 0.00000 0.00000 0.00000 0.00000 0.00000 0.00000 0.00000 0.00000
0.00000 0.00000 0.00000 0.00000 0.00000 0.00000 0.00000 0.00000 0.00000 0.00000 0.00000 0.00000 0.00000 0.00000 0.00000 0.00000 0.00000 0.00000 0.00000 0.00000 0.00000 0.00000 0.00000 0.00000 0.00000 0.00000 0.00000 0.00000 0.00000 0.00000 0.00000 0.00000 0.00000 0.00000 0.00000 0.01006 0.02983 0.04960 0.06841 0.08659 0.10392 0.12186 0.13844 0.15518 0.16970 0.17746 0.17758 0.17560 0.17385 0.17132 0.17009 0.16836 0.16598 0.16403 0.16238 0.15282 0.13491 0.11769 0.10169 0.08582 0.07032 0.05493 0.04075 0.02689 0.01334 0.00632 0.00558 0.00484 0.00410 0.00337 0.00274 0.00207 0.00144 0.00085 0.00028 0.00000 0.00000 0.00000 0.00000 0.00000 0.00000 0.00000 0.00000 0.00000 0.00000 0.00000 0.00000 0.00000 0.00000 0.00000 0.00000 0.00000 0.00000 0.00000 0.00000 0.00000 0.00000 0.00000 0.00000 0.00000
0.00000 0.00000 0.00000 0.00000 0.00000 0.00000 0.00000 0.00000 0.00000 0.00000 0.00000 0.00000 0.00000 0.00000 0.00000 0.00000 0.00000 0.00000 0.00000 0.00000 0.00000 0.00000 0.00000 0.00000 0.00000 0.00000 0.00000 0.00000 0.00000 0.00000 0.00000 0.00000 0.00000 0.00000 0.00000 0.00901 0.02677 0.04391 0.06066 0.07698 0.09343 0.10803 0.12315 0.13694 0.15220 0.16063 0.15995 0.16091 0.16054 0.16107 0.16122 0.16099 0.16082 0.16039 0.16041 0.15225 0.13645 0.12115 0.10571 0.09183 0.07785 0.06419 0.05061 0.03829 0.02617 0.01895 0.01642 0.01431 0.01223 0.01010 0.00799 0.00614 0.00432 0.00251 0.00082 0.00000 0.00000 0.00000 0.00000 0.00000 0.00000 0.00000 0.00000 0.00000 0.00000 0.00000 0.00000 0.00000 0.00000 0.00000 0.00000 0.00000 0.00000 0.00000 0.00000 0.00000 0.00000 0.00000 0.00000 0.00000
0.00000 0.00000 0.00000 0.00000 0.00000 0.00000 0.00000 0.00000 0.00000 0.00000 0.00000 0.00000 0.00000 0.00000 0.00000 0.00000 0.00000 0.00000 0.00000 0.00000 0.00000 0.00000 0.00000 0.00000 0.00000 0.00000 0.00000 0.00000 0.00000 0.00000 0.00000 0.00000 0.00000 0.00000 0.00000 0.00795 0.02354 0.03856 0.05308 0.06788 0.08165 0.09529 0.10733 0.12087 0.13421 0.14100 0.14435 0.14554 0.14834 0.15060 0.15217 0.15375 0.15552 0.15732 0.15825 0.15153 0.13787 0.12404 0.11068 0.09706 0.08514 0.07300 0.06093 0.04921 0.03862 0.03132 0.02733 0.02346 0.02012 0.01665 0.01327 0.01007 0.00712 0.00416 0.00135 0.00000 0.00000 0.00000 0.00000 0.00000 0.00000 0.00000 0.00000 0.00000 0.00000 0.00000 0.00000 0.00000 0.00000 0.00000 0.00000 0.00000 0.00000 0.00000 0.00000 0.00000 0.00000 0.00000 0.00000 0.00000
0.00000 0.00000 0.00000 0.00000 0.00000 0.00000 0.00000 0.00000 0.00000 0.00000 0.00000 0.00000 0.00000 0.00000 0.00000 0.00000 0.00000 0.00000 0.00000 0.00000 0.00000 0.00000 0.00000 0.00000 0.00000 0.00000 0.00000 0.00000 0.00000 0.00000 0.00000 0.00000 0.00000 0.00000 0.00000 0.00682 0.02021 0.03328 0.04629 0.05821 0.07025 0.08176 0.09366 0.10431 0.11464 0.12338 0.12700 0.13195 0.13600 0.13979 0.14343 0.14683 0.15051 0.15354 0.15653 0.15140 0.13863 0.12702 0.11502 0.10340 0.09160 0.08142 0.07112 0.06060 0.05035 0.04328 0.03813 0.03282 0.02750 0.02299 0.01854 0.01403 0.00970 0.00574 0.00189 0.00000 0.00000 0.00000 0.00000 0.00000 0.00000 0.00000 0.00000 0.00000 0.00000 0.00000 0.00000 0.00000 0.00000 0.00000 0.00000 0.00000 0.00000 0.00000 0.00000 0.00000 0.00000 0.00000 0.00000 0.00000
0.00000 0.00000 0.00000 0.00000 0.00000 0.00000 0.00000 0.00000 0.00000 0.00000 0.00000 0.00000 0.00000 0.00000 0.00000 0.00000 0.00000 0.00000 0.00000 0.00000 0.00000 0.00000 0.00000 0.00000 0.00000 0.00000 0.00000 0.00000 0.00000 0.00000 0.00000 0.00000 0.00000 0.00000 0.00000 0.00573 0.01696 0.02817 0.03882 0.04921 0.05887 0.06911 0.07845 0.08782 0.09755 0.10406 0.11139 0.11763 0.12374 0.12930 0.13477 0.14040 0.14506 0.14986 0.15464 0.15128 0.14027 0.12906 0.11932 0.10923 0.09902 0.08915 0.08066 0.07175 0.06258 0.05464 0.04843 0.04180 0.03522 0.02901 0.02352 0.01781 0.01237 0.00723 0.00239 0.00000 0.00000 0.00000 0.00000 0.00000 0.00000 0.00000 0.00000 0.00000 0.00000 0.00000 0.00000 0.00000 0.00000 0.00000 0.00000 0.00000 0.00000 0.00000 0.00000 0.00000 0.00000 0.00000 0.00000 0.00000
0.00000 0.00000 0.00000 0.00000 0.00000 0.00000 0.00000 0.00000 0.00000 0.00000 0.00000 0.00000 0.00000 0.00000 0.00000 0.00000 0.00000 0.00000 0.00000 0.00000 0.00000 0.00000 0.00000 0.00000 0.00000 0.00000 0.00000 0.00000 0.00000 0.00000 0.00000 0.00000 0.00000 0.00000 0.00000 0.00468 0.01395 0.02279 0.03150 0.03997 0.04847 0.05589 0.06374 0.07175 0.07876 0.08710 0.09481 0.10363 0.11147 0.11903 0.12675 0.13335 0.14013 0.14633 0.15268 0.15107 0.14145 0.13223 0.12281 0.11466 0.10648 0.09773 0.08926 0.08218 0.07492 0.06653 0.05780 0.05035 0.04295 0.03535 0.02798 0.02142 0.01511 0.00877 0.00285 0.00000 0.00000 0.00000 0.00000 0.00000 0.00000 0.00000 0.00000 0.00000 0.00000 0.00000 0.00000 0.00000 0.00000 0.00000 0.00000 0.00000 0.00000 0.00000 0.00000 0.00000 0.00000 0.00000 0.00000 0.00000
0.00000 0.00000 0.00000 0.00000 0.00000 0.00000 0.00000 0.00000 0.00000 0.00000 0.00000 0.00000 0.00000 0.00000 0.00000 0.00000 0.00000 0.00000 0.00000 0.00000 0.00000 0.00000 0.00000 0.00000 0.00000 0.00000 0.00000 0.00000 0.00000 0.00000 0.00000 0.00000 0.00000 0.00000 0.00000 0.00365 0.01078 0.01769 0.02428 0.03102 0.03735 0.04351 0.04933 0.05519 0.06110 0.06881 0.07984 0.08967 0.09943 0.10925 0.11797 0.12690 0.13500 0.14326 0.15088 0.15035 0.14275 0.13495 0.12712 0.11964 0.11310 0.10622 0.09868 0.09195 0.08639 0.07821 0.06785 0.05851 0.05015 0.04139 0.03283 0.02496 0.01761 0.01028 0.00332 0.00000 0.00000 0.00000 0.00000 0.00000 0.00000 0.00000 0.00000 0.00000 0.00000 0.00000 0.00000 0.00000 0.00000 0.00000 0.00000 0.00000 0.00000 0.00000 0.00000 0.00000 0.00000 0.00000 0.00000 0.00000
0.00000 0.00000 0.00000 0.00000 0.00000 0.00000 0.00000 0.00000 0.00000 0.00000 0.00000 0.00000 0.00000 0.00000 0.00000 0.00000 0.00000 0.00000 0.00000 0.00000 0.00000 0.00000 0.00000 0.00000 0.00000 0.00000 0.00000 0.00000 0.00000 0.00000 0.00000 0.00000 0.00000 0.00000 0.00000 0.00258 0.00763 0.01256 0.01745 0.02193 0.02644 0.03087 0.03524 0.03932 0.04304 0.05169 0.06405 0.07616 0.08791 0.09887 0.10989 0.12001 0.13041 0.13994 0.14899 0.15018 0.14357 0.13740 0.13155 0.12516 0.11898 0.11386 0.10859 0.10241 0.09663 0.08907 0.07830 0.06714 0.05646 0.04702 0.03787 0.02862 0.01981 0.01165 0.00383 0.00000 0.00000 0.00000 0.00000 0.00000 0.00000 0.00000 0.00000 0.00000 0.00000 0.00000 0.00000 0.00000 0.00000 0.00000 0.00000 0.00000 0.00000 0.00000 0.00000 0.00000 0.00000 0.00000 0.00000 0.00000
0.00000 0.00000 0.00000 0.00000 0.00000 0.00000 0.00000 0.00000 0.00000 0.00000 0.00000 0.00000 0.00000 0.00000 0.00000 0.00000 0.00000 0.00000 0.00000 0.00000 0.00000 0.00000 0.00000 0.00000 0.00000 0.00000 0.00000 0.00000 0.00000 0.00000 0.00000 0.00000 0.00000 0.00000 0.00000 0.00154 0.00454 0.00752 0.01039 0.01314 0.01574 0.01845 0.02100 0.02339 0.02585 0.03432 0.04872 0.06261 0.07613 0.08939 0.10156 0.11375 0.12546 0.13652 0.14729 0.14978 0.14467 0.13986 0.13523 0.13067 0.12549 0.12106 0.11741 0.11288 0.10770 0.09932 0.08773 0.07545 0.06337 0.05243 0.04236 0.03202 0.02216 0.01298 0.00427 0.00000 0.00000 0.00000 0.00000 0.00000 0.00000 0.00000 0.00000 0.00000 0.00000 0.00000 0.00000 0.00000 0.00000 0.00000 0.00000 0.00000 0.00000 0.00000 0.00000 0.00000 0.00000 0.00000 0.00000 0.00000
0.00000 0.00000 0.00000 0.00000 0.00000 0.00000 0.00000 0.00000 0.00000 0.00000 0.00000 0.00000 0.00000 0.00000 0.00000 0.00000 0.00000 0.00000 0.00000 0.00000 0.00000 0.00000 0.00000 0.00000 0.00000 0.00000 0.00000 0.00000 0.00000 0.00000 0.00000 0.00000 0.00000 0.00000 0.00000 0.00051 0.00152 0.00248 0.00343 0.00435 0.00527 0.00610 0.00693 0.00777 0.00856 0.01731 0.03357 0.04937 0.06468 0.07937 0.09376 0.10755 0.12038 0.13325 0.14527 0.14930 0.14596 0.14219 0.13869 0.13548 0.13259 0.12871 0.12500 0.12250 0.11954 0.11003 0.09582 0.08317 0.07076 0.05816 0.04616 0.03514 0.02472 0.01437 0.00467 0.00000 0.00000 0.00000 0.00000 0.00000 0.00000 0.00000 0.00000 0.00000 0.00000 0.00000 0.00000 0.00000 0.00000 0.00000 0.00000 0.00000 0.00000 0.00000 0.00000 0.00000 0.00000 0.00000 0.00000 0.00000
0.00000 0.00000 0.00000 0.00000 0.00000 0.00000 0.00000 0.00000 0.00000 0.00000 0.00000 0.00000 0.00000 0.00000 0.00000 0.00000 0.00000 0.00000 0.00000 0.00000 0.00000 0.00000 0.00000 0.00000 0.00000 0.00057 0.00169 0.00282 0.00389 0.00489 0.00594 0.00698 0.00796 0.00882 0.00975 0.00970 0.00856 0.00743 0.00631 0.00530 0.00428 0.00327 0.00230 0.00136 0.00045 0.00835 0.02471 0.04064 0.05587 0.07051 0.08500 0.09865 0.11200 0.12428 0.13654 0.14109 0.13831 0.13581 0.13275 0.13046 0.12824 0.12542 0.12224 0.11981 0.11798 0.10924 0.09476 0.08199 0.06997 0.05754 0.04556 0.03472 0.02441 0.01422 0.00459 0.00000 0.00000 0.00000 0.00000 0.00000 0.00000 0.00000 0.00000 0.00000 0.00000 0.00000 0.00000 0.00000 0.00000 0.00000 0.00000 0.00000 0.00000 0.00000 0.00000 0.00000 0.00000 0.00000 0.00000 0.00000
0.00000 0.00000 0.00000 0.00000 0.00000 0.00000 0.00000 0.00000 0.00000 0.00000 0.00000 0.00000 0.00000 0.00000 0.00000 0.00000 0.00000 0.00000 0.00000 0.00000 0.00000 0.00000 0.00000 0.00000 0.00000 0.00170 0.00505 0.00840 0.01161 0.01468 0.01768 0.02085 0.02365 0.02645 0.02930 0.02887 0.02541 0.02214 0.01903 0.01579 0.01270 0.00976 0.00689 0.00406 0.00133 0.00744 0.02198 0.03605 0.04968 0.06291 0.07525 0.08766 0.09925 0.11057 0.12110 0.12509 0.12271 0.12014 0.11827 0.11557 0.11302 0.11119 0.10901 0.10613 0.10343 0.09663 0.08475 0.07262 0.06113 0.05070 0.04074 0.03080 0.02132 0.01246 0.00409 0.00000 0.00000 0.00000 0.00000 0.00000 0.00000 0.00000 0.00000 0.00000 0.00000 0.00000 0.00000 0.00000 0.00000 0.00000 0.00000 0.00000 0.00000 0.00000 0.00000 0.00000 0.00000 0.00000 0.00000 0.00000
0.00000 0.00000 0.00000 0.00000 0.00000 0.00000 0.00000 0.00000 0.00000 0.00000 0.00000 0.00000 0.00000 0.00000 0.00000 0.00000 0.00000 0.00000 0.00000 0.00000 0.00000 0.00000 0.00000 0.00000 0.00000 0.00286 0.00840 0.01379 0.01920 0.02455 0.02960 0.03416 0.03916 0.04410 0.04865 0.04780 0.04205 0.03680 0.03148 0.02618 0.02105 0.01621 0.01141 0.00672 0.00221 0.00654 0.01928 0.03152 0.04351 0.05505 0.06621 0.07649 0.08691 0.09667 0.10606 0.10941 0.10717 0.10533 0.10309 0.10110 0.09885 0.09691 0.09525 0.09280 0.09030 0.08408 0.07396 0.06338 0.05324 0.04412 0.03550 0.02678 0.01850 0.01084 0.00355 0.00000 0.00000 0.00000 0.00000 0.00000 0.00000 0.00000 0.00000 0.00000 0.00000 0.00000 0.00000 0.00000 0.00000 0.00000 0.00000 0.00000 0.00000 0.00000 0.00000 0.00000 0.00000 0.00000 0.00000 0.00000
0.00000 0.00000 0.00000 0.00000 0.00000 0.00000 0.00000 0.00000 0.00000 0.00000 0.00000 0.00000 0.00000 0.00000 0.00000 0.00000 0.00000 0.00000 0.00000 0.00000 0.00000 0.00000 0.00000 0.00000 0.00000 0.00396 0.01179 0.01927 0.02665 0.03426 0.04121 0.04792 0.05446 0.06138 0.06750 0.06653 0.05905 0.05120 0.04362 0.03640 0.02949 0.02254 0.01585 0.00935 0.00308 0.00562 0.01661 0.02723 0.03737 0.04732 0.05684 0.06609 0.07453 0.08307 0.09111 0.09401 0.09230 0.09028 0.08847 0.08673 0.08517 0.08316 0.08107 0.07971 0.07800 0.07204 0.06271 0.05424 0.04604 0.03784 0.03004 0.02276 0.01598 0.00930 0.00302 0.00000 0.00000 0.00000 0.00000 0.00000 0.00000 0.00000 0.00000 0.00000 0.00000 0.00000 0.00000 0.00000 0.00000 0.00000 0.00000 0.00000 0.00000 0.00000 0.00000 0.00000 0.00000 0.00000 0.00000 0.00000
0.00000 0.00000 0.00000 0.00000 0.00000 0.00000 0.00000 0.00000 0.00000 0.00000 0.00000 0.00000 0.00000 0.00000 0.00000 0.00000 0.00000 0.00000 0.00000 0.00000 0.00000 0.00000 0.00000 0.00000 0.00000 0.00503 0.01505 0.02491 0.03435 0.04326 0.05258 0.06167 0.07031 0.07789 0.08613 0.08551 0.07544 0.06541 0.05572 0.04671 0.03764 0.02876 0.02022 0.01201 0.00393 0.00472 0.01393 0.02290 0.03151 0.03963 0.04771 0.05538 0.06279 0.06959 0.07638 0.07891 0.07727 0.07577 0.07414 0.07273 0.07125 0.06963 0.06802 0.06654 0.06529 0.06033 0.05243 0.04531 0.03850 0.03162 0.02504 0.01905 0.01333 0.00776 0.00251 0.00000 0.00000 0.00000 0.00000 0.00000 0.00000 0.00000 0.00000 0.00000 0.00000 0.00000 0.00000 0.00000 0.00000 0.00000 0.00000 0.00000 0.00000 0.00000 0.00000 0.00000 0.00000 0.00000 0.00000 0.00000
0.00000 0.00000 0.00000 0.00000 0.00000 0.00000 0.00000 0.00000 0.00000 0.00000 0.00000 0.00000 0.00000 0.00000 0.00000 0.00000 0.00000 0.00000 0.00000 0.00000 0.00000 0.00000 0.00000 0.00000 0.00000 0.00614 0.01822 0.03029 0.04188 0.05290 0.06369 0.07507 0.08526 0.09513 0.10505 0.10384 0.09136 0.07938 0.06816 0.05673 0.04565 0.03490 0.02465 0.01455 0.00478 0.00384 0.01132 0.01856 0.02558 0.03234 0.03864 0.04494 0.05090 0.05662 0.06194 0.06395 0.06268 0.06138 0.06028 0.05888 0.05752 0.05649 0.05529 0.05385 0.05243 0.04887 0.04275 0.03663 0.03083 0.02549 0.02042 0.01543 0.01067 0.00621 0.00204 0.00000 0.00000 0.00000 0.00000 0.00000 0.00000 0.00000 0.00000 0.00000 0.00000 0.00000 0.00000 0.00000 0.00000 0.00000 0.00000 0.00000 0.00000 0.00000 0.00000 0.00000 0.00000 0.00000 0.00000 0.00000
0.00000 0.00000 0.00000 0.00000 0.00000 0.00000 0.00000 0.00000 0.00000 0.00000 0.00000 0.00000 0.00000 0.00000 0.00000 0.00000 0.00000 0.00000 0.00000 0.00000 0.00000 0.00000 0.00000 0.00000 0.00000 0.00729 0.02147 0.03528 0.04907 0.06275 0.07557 0.08734 0.09996 0.11243 0.12387 0.12166 0.10721 0.09366 0.07993 0.06655 0.05358 0.04123 0.02888 0.01705 0.00560 0.00298 0.00875 0.01431 0.01972 0.02495 0.02996 0.03458 0.03922 0.04365 0.04785 0.04926 0.04828 0.04737 0.04633 0.04534 0.04439 0.04341 0.04250 0.04142 0.04038 0.03749 0.03284 0.02814 0.02367 0.01957 0.01566 0.01181 0.00817 0.00477 0.00156 0.00000 0.00000 0.00000 0.00000 0.00000 0.00000 0.00000 0.00000 0.00000 0.00000 0.00000 0.00000 0.00000 0.00000 0.00000 0.00000 0.00000 0.00000 0.00000 0.00000 0.00000 0.00000 0.00000 0.00000 0.00000
0.00000 0.00000 0.00000 0.00000 0.00000 0.00000 0.00000 0.00000 0.00000 0.00000 0.00000 0.00000 0.00000 0.00000 0.00000 0.00000 0.00000 0.00000 0.00000 0.00000 0.00000 0.00000 0.00000 0.00000 0.00000 0.00835 0.02485 0.04066 0.05614 0.07198 0.08683 0.10091 0.11465 0.12901 0.14203 0.13962 0.12357 0.10750 0.09164 0.07619 0.06164 0.04722 0.03325 0.01953 0.00642 0.00211 0.00623 0.01018 0.01395 0.01766 0.02122 0.02463 0.02774 0.03089 0.03388 0.03495 0.03421 0.03347 0.03277 0.03211 0.03144 0.03068 0.02991 0.02933 0.02864 0.02646 0.02303 0.01986 0.01680 0.01380 0.01096 0.00829 0.00579 0.00337 0.00109 0.00000 0.00000 0.00000 0.00000 0.00000 0.00000 0.00000 0.00000 0.00000 0.00000 0.00000 0.00000 0.00000 0.00000 0.00000 0.00000 0.00000 0.00000 0.00000 0.00000 0.00000 0.00000 0.00000 0.00000 0.00000
0.00000 0.00000 0.00000 0.00000 0.00000 0.00000 0.00000 0.00000 0.00000 0.00000 0.00000 0.00000 0.00000 0.00000 0.00000 0.00000 0.00000 0.00000 0.00000 0.00000 0.00000 0.00000 0.00000 0.00000 0.00000 0.00937 0.02794 0.04621 0.06379 0.08039 0.09751 0.11435 0.13030 0.14452 0.15953 0.15821 0.13936 0.12079 0.10307 0.08630 0.06936 0.05305 0.03730 0.02214 0.00722 0.00125 0.00370 0.00607 0.00834 0.01049 0.01262 0.01463 0.01657 0.01836 0.02014 0.02076 0.02033 0.01991 0.01949 0.01905 0.01864 0.01822 0.01779 0.01735 0.01697 0.01571 0.01366 0.01175 0.00994 0.00817 0.00649 0.00491 0.00342 0.00199 0.00064 0.00000 0.00000 0.00000 0.00000 0.00000 0.00000 0.00000 0.00000 0.00000 0.00000 0.00000 0.00000 0.00000 0.00000 0.00000 0.00000 0.00000 0.00000 0.00000 0.00000 0.00000 0.00000 0.00000 0.00000 0.00000
0.00000 0.00000 0.00000 0.00000 0.00000 0.00000 0.00000 0.00000 0.00000 0.00000 0.00000 0.00000 0.00000 0.00000 0.00000 0.00000 0.00000 0.00000 0.00000 0.00000 0.00000 0.00000 0.00000 0.00000 0.00000 0.01045 0.03103 0.05132 0.07087 0.08992 0.10848 0.12722 0.14445 0.16112 0.17801 0.17583 0.15462 0.13411 0.11499 0.09588 0.07714 0.05885 0.04152 0.02451 0.00805 0.00041 0.00122 0.00201 0.00276 0.00348 0.00416 0.00484 0.00548 0.00609 0.00665 0.00687 0.00672 0.00658 0.00644 0.00629 0.00614 0.00602 0.00588 0.00572 0.00557 0.00518 0.00452 0.00387 0.00326 0.00269 0.00214 0.00162 0.00112 0.00066 0.00021 0.00000 0.00000 0.00000 0.00000 0.00000 0.00000 0.00000 0.00000 0.00000 0.00000 0.00000 0.00000 0.00000 0.00000 0.00000 0.00000 0.00000 0.00000 0.00000 0.00000 0.00000 0.00000 0.00000 0.00000 0.00000
0.00000 0.00000 0.00000 0.00000 0.00000 0.00000 0.00000 0.00000 0.00000 0.00000 0.00000 0.00000 0.00000 0.00000 0.00000 0.00000 0.00000 0.00000 0.00000 0.00000 0.00000 0.00000 0.00000 0.00000 0.00000 0.01099 0.03255 0.05347 0.07412 0.09457 0.11404 0.13244 0.15100 0.16946 0.18645 0.18342 0.16178 0.14090 0.12005 0.10007 0.08068 0.06188 0.04328 0.02558 0.00840 0.00000 0.00000 0.00000 0.00000 0.00000 0.00000 0.00000 0.00000 0.00000 0.00000 0.00000 0.00000 0.00000 0.00000 0.00000 0.00000 0.00000 0.00000 0.00000 0.00000 0.00000 0.00000 0.00000 0.00000 0.00000 0.00000 0.00000 0.00000 0.00000 0.00000 0.00000 0.00000 0.00000 0.00000 0.00000 0.00000 0.00000 0.00000 0.00000 0.00000 0.00000 0.00000 0.00000 0.00000 0.00000 0.00000 0.00000 0.00000 0.00000 0.00000 0.00000 0.00000 0.00000 0.00000 0.00000
0.00000 0.00000 0.00000 0.00000 0.00000 0.00000 0.00000 0.00000 0.00000 0.00000 0.00000 0.00000 0.00000 0.00000 0.00000 0.00000 0.00000 0.00000 0.00000 0.00000 0.00000 0.00000 0.00000 0.00000 0.00000 0.01090 0.03252 0.05350 0.07388 0.09388 0.11362 0.13231 0.15058 0.16861 0.18564 0.18248 0.16120 0.14034 0.11963 0.09937 0.08021 0.06149 0.04327 0.02540 0.00833 0.00000 0.00000 0.00000 0.00000 0.00000 0.00000 0.00000 0.00000 0.00000 0.00000 0.00000 0.00000 0.00000 0.00000 0.00000 0.00000 0.00000 0.00000 0.00000 0.00000 0.00000 0.00000 0.00000 0.00000 0.00000 0.00000 0.00000 0.00000 0.00000 0.00000 0.00000 0.00000 0.00000 0.00000 0.00000 0.00000 0.00000 0.00000 0.00000 0.00000 0.00000 0.00000 0.00000 0.00000 0.00000 0.00000 0.00000 0.00000 0.00000 0.00000 0.00000 0.00000 0.00000 0.00000 0.00000
0.00000 0.00000 0.00000 0.00000 0.00000 0.00000 0.00000 0.00000 0.00000 0.00000 0.00000 0.00000 0.00000 0.00000 0.00000 0.00000 0.00000 0.00000 0.00000 0.00000 0.00000 0.00000 0.00000 0.00000 0.00000 0.01086 0.03228 0.05339 0.07360 0.09325 0.11286 0.13207 0.15017 0.16699 0.18425 0.18229 0.16049 0.13901 0.11874 0.09920 0.07975 0.06095 0.04283 0.02535 0.00828 0.00000 0.00000 0.00000 0.00000 0.00000 0.00000 0.00000 0.00000 0.00000 0.00000 0.00000 0.00000 0.00000 0.00000 0.00000 0.00000 0.00000 0.00000 0.00000 0.00000 0.00000 0.00000 0.00000 0.00000 0.00000 0.00000 0.00000 0.00000 0.00000 0.00000 0.00000 0.00000 0.00000 0.00000 0.00000 0.00000 0.00000 0.00000 0.00000 0.00000 0.00000 0.00000 0.00000 0.00000 0.00000 0.00000 0.00000 0.00000 0.00000 0.00000 0.00000 0.00000 0.00000 0.00000 0.00000
0.00000 0.00000 0.00000 0.00000 0.00000 0.00000 0.00000 0.00000 0.00000 0.00000 0.00000 0.00000 0.00000 0.00000 0.00000 0.00000 0.00000 0.00000 0.00000 0.00000 0.00000 0.00000 0.00000 0.00000 0.00000 0.01085 0.03218 0.05293 0.07321 0.09309 0.11256 0.13128 0.14896 0.16644 0.18392 0.18140 0.15929 0.13833 0.11840 0.09870 0.07930 0.06058 0.04265 0.02517 0.00825 0.00000 0.00000 0.00000 0.00000 0.00000 0.00000 0.00000 0.00000 0.00000 0.00000 0.00000 0.00000 0.00000 0.00000 0.00000 0.00000 0.00000 0.00000 0.00000 0.00000 0.00000 0.00000 0.00000 0.00000 0.00000 0.00000 0.00000 0.00000 0.00000 0.00000 0.00000 0.00000 0.00000 0.00000 0.00000 0.00000 0.00000 0.00000 0.00000 0.00000 0.00000 0.00000 0.00000 0.00000 0.00000 0.00000 0.00000 0.00000 0.00000 0.00000 0.00000 0.00000 0.00000 0.00000 0.00000
0.00000 0.00000 0.00000 0.00000 0.00000 0.00000 0.00000 0.00000 0.00000 0.00000 0.00000 0.00000 0.00000 0.00000 0.00000 0.00000 0.00000 0.00000 0.00000 0.00000 0.00000 0.00000 0.00000 0.00000 0.00000 0.01080 0.03194 0.05262 0.07298 0.09273 0.11178 0.13029 0.14843 0.16589 0.18244 0.17980 0.15876 0.13779 0.11735 0.09785 0.07892 0.06033 0.04225 0.02494 0.00819 0.00000 0.00000 0.00000 0.00000 0.00000 0.00000 0.00000 0.00000 0.00000 0.00000 0.00000 0.00000 0.00000 0.00000 0.00000 0.00000 0.00000 0.00000 0.00000 0.00000 0.00000 0.00000 0.00000 0.00000 0.00000 0.00000 0.00000 0.00000 0.00000 0.00000 0.00000 0.00000 0.00000 0.00000 0.00000 0.00000 0.00000 0.00000 0.00000 0.00000 0.00000 0.00000 0.00000 0.00000 0.00000 0.00000 0.00000 0.00000 0.00000 0.00000 0.00000 0.00000 0.00000 0.00000 0.00000
0.00000 0.00000 0.00000 0.00000 0.00000 0.00000 0.00000 0.00000 0.00000 0.00000 0.00000 0.00000 0.00000 0.00000 0.00000 0.00000 0.00000 0.00000 0.00000 0.00000 0.00000 0.00000 0.00000 0.00000 0.00000 0.01074 0.03195 0.05265 0.07256 0.09244 0.11163 0.12993 0.14782 0.16536 0.18209 0.17914 0.15786 0.13738 0.11712 0.09739 0.07840 0.06005 0.04219 0.02482 0.00812 0.00000 0.00000 0.00000 0.00000 0.00000 0.00000 0.00000 0.00000 0.00000 0.00000 0.00000 0.00000 0.00000 0.00000 0.00000 0.00000 0.00000 0.00000 0.00000 0.00000 0.00000 0.00000 0.00000 0.00000 0.00000 0.00000 0.00000 0.00000 0.00000 0.00000 0.00000 0.00000 0.00000 0.00000 0.00000 0.00000 0.00000 0.00000 0.00000 0.00000 0.00000 0.00000 0.00000 0.00000 0.00000 0.00000 0.00000 0.00000 0.00000 0.00000 0.00000 0.00000 0.00000 0.00000 0.00000
0.00000 0.00000 0.00000 0.00000 0.00000 0.00000 0.00000 0.00000 0.00000 0.00000 0.00000 0.00000 0.00000 0.00000 0.00000 0.00000 0.00000 0.00000 0.00000 0.00000 0.00000 0.00000 0.00000 0.00000 0.00000 0.01071 0.03185 0.05212 0.07235 0.09202 0.11110 0.12956 0.14707 0.16410 0.18106 0.17855 0.15717 0.13628 0.11634 0.09698 0.07802 0.05960 0.04184 0.02469 0.00808 0.00000 0.00000 0.00000 0.00000 0.00000 0.00000 0.00000 0.00000 0.00000 0.00000 0.00000 0.00000 0.00000 0.00000 0.00000 0.00000 0.00000 0.00000 0.00000 0.00000 0.00000 0.00000 0.00000 0.00000 0.00000 0.00000 0.00000 0.00000 0.00000 0.00000 0.00000 0.00000 0.00000 0.00000 0.00000 0.00000 0.00000 0.00000 0.00000 0.00000 0.00000 0.00000 0.00000 0.00000 0.00000 0.00000 0.00000 0.00000 0.00000 0.00000 0.00000 0.00000 0.00000 0.00000 0.00000
0.00000 0.00000 0.00000 0.00000 0.00000 0.00000 0.00000 0.00000 0.00000 0.00000 0.00000 0.00000 0.00000 0.00000 0.00000 0.00000 0.00000 0.00000 0.00000 0.00000 0.00000 0.00000 0.00000 0.00000 0.00000 0.01071 0.03146 0.05210 0.07216 0.09162 0.11046 0.12870 0.14631 0.16360 0.18040 0.17754 0.15614 0.13571 0.11591 0.09649 0.07753 0.05928 0.04166 0.02456 0.00804 0.00000 0.00000 0.00000 0.00000 0.00000 0.00000 0.00000 0.00000 0.00000 0.00000 0.00000 0.00000 0.00000 0.00000 0.00000 0.00000 0.00000 0.00000 0.00000 0.00000 0.00000 0.00000 0.00000 0.00000 0.00000 0.00000 0.00000 0.00000 0.00000 0.00000 0.00000 0.00000 0.00000 0.00000 0.00000 0.00000 0.00000 0.00000 0.00000 0.00000 0.00000 0.00000 0.00000 0.00000 0.00000 0.00000 0.00000 0.00000 0.00000 0.00000 0.00000 0.00000 0.00000 0.00000 0.00000
0.00000 0.00000 0.00000 0.00000 0.00000 0.00000 0.00000 0.00000 0.00000 0.00000 0.00000 0.00000 0.00000 0.00000 0.00000 0.00000 0.00000 0.00000 0.00000 0.00000 0.00000 0.00000 0.00000 0.00000 0.00000 0.01060 0.03164 0.05185 0.07151 0.09084 0.10992 0.12807 0.14573 0.16275 0.17902 0.17640 0.15556 0.13498 0.11501 0.09580 0.07715 0.05894 0.04132 0.02437 0.00799 0.00000 0.00000 0.00000 0.00000 0.00000 0.00000 0.00000 0.00000 0.00000 0.00000 0.00000 0.00000 0.00000 0.00000 0.00000 0.00000 0.00000 0.00000 0.00000 0.00000 0.00000 0.00000 0.00000 0.00000 0.00000 0.00000 0.00000 0.00000 0.00000 0.00000 0.00000 0.00000 0.00000 0.00000 0.00000 0.00000 0.00000 0.00000 0.00000 0.00000 0.00000 0.00000 0.00000 0.00000 0.00000 0.00000 0.00000 0.00000 0.00000 0.00000 0.00000 0.00000 0.00000 0.00000 0.00000
0.00000 0.00000 0.00000 0.00000 0.00000 0.00000 0.00000 0.00000 0.00000 0.00000 0.00000 0.00000 0.00000 0.00000 0.00000 0.00000 0.00000 0.00000 0.00000 0.00000 0.00000 0.00000 0.00000 0.00000 0.00000 0.01059 0.03144 0.05191 0.07136 0.09062 0.10966 0.12795 0.14541 0.16244 0.17889 0.17602 0.15502 0.13472 0.11485 0.09553 0.07684 0.05876 0.04124 0.02430 0.00795 0.00000 0.00000 0.00000 0.00000 0.00000 0.00000 0.00000 0.00000 0.00000 0.00000 0.00000 0.00000 0.00000 0.00000 0.00000 0.00000 0.00000 0.00000 0.00000 0.00000 0.00000 0.00000 0.00000 0.00000 0.00000 0.00000 0.00000 0.00000 0.00000 0.00000 0.00000 0.00000 0.00000 0.00000 0.00000 0.00000 0.00000 0.00000 0.00000 0.00000 0.00000 0.00000 0.00000 0.00000 0.00000 0.00000 0.00000 0.00000 0.00000 0.00000 0.00000 0.00000 0.00000 0.00000 0.00000
0.00000 0.00000 0.00000 0.00000 0.00000 0.00000 0.00000 0.00000 0.00000 0.00000 0.00000 0.00000 0.00000 0.00000 0.00000 0.00000 0.00000 0.00000 0.00000 0.00000 0.00000 0.00000 0.00000 0.00000 0.00000 0.01003 0.02972 0.04871 0.06776 0.08604 0.10367 0.12091 0.13760 0.15365 0.16917 0.16659 0.14669 0.12730 0.10853 0.09035 0.07268 0.05552 0.03895 0.02296 0.00751 0.00000 0.00000 0.00000 0.00000 0.00000 0.00000 0.00000 0.00000 0.00000 0.00000 0.00000 0.00000 0.00000 0.00000 0.00000 0.00000 0.00000 0.00000 0.00000 0.00000 0.00000 0.00000 0.00000 0.00000 0.00000 0.00000 0.00000 0.00000 0.00000 0.00000 0.00000 0.00000 0.00000 0.00000 0.00000 0.00000 0.00000 0.00000 0.00000 0.00000 0.00000 0.00000 0.00000 0.00000 0.00000 0.00000 0.00000 0.00000 0.00000 0.00000 0.00000 0.00000 0.00000 0.00000 0.00000
0.00000 0.00000 0.00000 0.00000 0.00000 0.00000 0.00000 0.00000 0.00000 0.00000 0.00000 0.00000 0.00000 0.00000 0.00000 0.00000 0.00000 0.00000 0.00000 0.00000 0.00000 0.00000 0.00000 0.00000 0.00000 0.00899 0.02639 0.04356 0.06037 0.07671 0.09224 0.10760 0.12253 0.13689 0.15068 0.14825 0.13052 0.11337 0.09667 0.08042 0.06466 0.04942 0.03468 0.02043 0.00668 0.00000 0.00000 0.00000 0.00000 0.00000 0.00000 0.00000 0.00000 0.00000 0.00000 0.00000 0.00000 0.00000 0.00000 0.00000 0.00000 0.00000 0.00000 0.00000 0.00000 0.00000 0.00000 0.00000 0.00000 0.00000 0.00000 0.00000 0.00000 0.00000 0.00000 0.00000 0.00000 0.00000 0.00000 0.00000 0.00000 0.00000 0.00000 0.00000 0.00000 0.00000 0.00000 0.00000 0.00000 0.00000 0.00000 0.00000 0.00000 0.00000 0.00000 0.00000 0.00000 0.00000 0.00000 0.00000
0.00000 0.00000 0.00000 0.00000 0.00000 0.00000 0.00000 0.00000 0.00000 0.00000 0.00000 0.00000 0.00000 0.00000 0.00000 0.00000 0.00000 0.00000 0.00000 0.00000 0.00000 0.00000 0.00000 0.00000 0.00000 0.00787 0.02326 0.03821 0.05307 0.06733 0.08135 0.09466 0.10771 0.12027 0.13231 0.13026 0.11475 0.09959 0.08486 0.07062 0.05680 0.04339 0.03043 0.01793 0.00587 0.00000 0.00000 0.00000 0.00000 0.00000 0.00000 0.00000 0.00000 0.00000 0.00000 0.00000 0.00000 0.00000 0.00000 0.00000 0.00000 0.00000 0.00000 0.00000 0.00000 0.00000 0.00000 0.00000 0.00000 0.00000 0.00000 0.00000 0.00000 0.00000 0.00000 0.00000 0.00000 0.00000 0.00000 0.00000 0.00000 0.00000 0.00000 0.00000 0.00000 0.00000 0.00000 0.00000 0.00000 0.00000 0.00000 0.00000 0.00000 0.00000 0.00000 0.00000 0.00000 0.00000 0.00000 0.00000
0.00000 0.00000 0.00000 0.00000 0.00000 0.00000 0.00000 0.00000 0.00000 0.00000 0.00000 0.00000 0.00000 0.00000 0.00000 0.00000 0.00000 0.00000 0.00000 0.00000 0.00000 0.00000 0.00000 0.00000 0.00000 0.00681 0.02020 0.03324 0.04573 0.05859 0.07060 0.08215 0.09341 0.10434 0.11482 0.11298 0.09947 0.08636 0.07360 0.06121 0.04922 0.03761 0.02638 0.01554 0.00508 0.00000 0.00000 0.00000 0.00000 0.00000 0.00000 0.00000 0.00000 0.00000 0.00000 0.00000 0.00000 0.00000 0.00000 0.00000 0.00000 0.00000 0.00000 0.00000 0.00000 0.00000 0.00000 0.00000 0.00000 0.00000 0.00000 0.00000 0.00000 0.00000 0.00000 0.00000 0.00000 0.00000 0.00000 0.00000 0.00000 0.00000 0.00000 0.00000 0.00000 0.00000 0.00000 0.00000 0.00000 0.00000 0.00000 0.00000 0.00000 0.00000 0.00000 0.00000 0.00000 0.00000 0.00000 0.00000
0.00000 0.00000 0.00000 0.00000 0.00000 0.00000 0.00000 0.00000 0.00000 0.00000 0.00000 0.00000 0.00000 0.00000 0.00000 0.00000 0.00000 0.00000 0.00000 0.00000 0.00000 0.00000 0.00000 0.00000 0.00000 0.00574 0.01711 0.02799 0.03876 0.04922 0.05962 0.06942 0.07890 0.08808 0.09693 0.09540 0.08399 0.07289 0.06211 0.05167 0.04154 0.03173 0.02225 0.01311 0.00429 0.00000 0.00000 0.00000 0.00000 0.00000 0.00000 0.00000 0.00000 0.00000 0.00000 0.00000 0.00000 0.00000 0.00000 0.00000 0.00000 0.00000 0.00000 0.00000 0.00000 0.00000 0.00000 0.00000 0.00000 0.00000 0.00000 0.00000 0.00000 0.00000 0.00000 0.00000 0.00000 0.00000 0.00000 0.00000 0.00000 0.00000 0.00000 0.00000 0.00000 0.00000 0.00000 0.00000 0.00000 0.00000 0.00000 0.00000 0.00000 0.00000 0.00000 0.00000 0.00000 0.00000 0.00000 0.00000
0.00000 0.00000 0.00000 0.00000 0.00000 0.00000 0.00000 0.00000 0.00000 0.00000 0.00000 0.00000 0.00000 0.00000 0.00000 0.00000 0.00000 0.00000 0.00000 0.00000 0.00000 0.00000 0.00000 0.00000 0.00000 0.00471 0.01388 0.02278 0.03163 0.04030 0.04842 0.05655 0.06429 0.07177 0.07897 0.07771 0.06841 0.05938 0.05060 0.04208 0.03383 0.02584 0.01813 0.01067 0.00349 0.00000 0.00000 0.00000 0.00000 0.00000 0.00000 0.00000 0.00000 0.00000 0.00000 0.00000 0.00000 0.00000 0.00000 0.00000 0.00000 0.00000 0.00000 0.00000 0.00000 0.00000 0.00000 0.00000 0.00000 0.00000 0.00000 0.00000 0.00000 0.00000 0.00000 0.00000 0.00000 0.00000 0.00000 0.00000 0.00000 0.00000 0.00000 0.00000 0.00000 0.00000 0.00000 0.00000 0.00000 0.00000 0.00000 0.00000 0.00000 0.00000 0.00000 0.00000 0.00000 0.00000 0.00000 0.00000
0.00000 0.00000 0.00000 0.00000 0.00000 0.00000 0.00000 0.00000 0.00000 0.00000 0.00000 0.00000 0.00000 0.00000 0.00000 0.00000 0.00000 0.00000 0.00000 0.00000 0.00000 0.00000 0.00000 0.00000 0.00000 0.00366 0.01081 0.01776 0.02457 0.03116 0.03771 0.04390 0.04998 0.05578 0.06136 0.06039 0.05316 0.04613 0.03931 0.03269 0.02628 0.02007 0.01407 0.00829 0.00271 0.00000 0.00000 0.00000 0.00000 0.00000 0.00000 0.00000 0.00000 0.00000 0.00000 0.00000 0.00000 0.00000 0.00000 0.00000 0.00000 0.00000 0.00000 0.00000 0.00000 0.00000 0.00000 0.00000 0.00000 0.00000 0.00000 0.00000 0.00000 0.00000 0.00000 0.00000 0.00000 0.00000 0.00000 0.00000 0.00000 0.00000 0.00000 0.00000 0.00000 0.00000 0.00000 0.00000 0.00000 0.00000 0.00000 0.00000 0.00000 0.00000 0.00000 0.00000 0.00000 0.00000 0.00000 0.00000
0.00000 0.00000 0.00000 0.00000 0.00000 0.00000 0.00000 0.00000 0.00000 0.00000 0.00000 0.00000 0.00000 0.00000 0.00000 0.00000 0.00000 0.00000 0.00000 0.00000 0.00000 0.00000 0.00000 0.00000 0.00000 0.00260 0.00774 0.01276 0.01752 0.02226 0.02696 0.03152 0.03579 0.03997 0.04398 0.04328 0.03809 0.03306 0.02816 0.02342 0.01882 0.01438 0.01008 0.00594 0.00194 0.00000 0.00000 0.00000 0.00000 0.00000 0.00000 0.00000 0.00000 0.00000 0.00000 0.00000 0.00000 0.00000 0.00000 0.00000 0.00000 0.00000 0.00000 0.00000 0.00000 0.00000 0.00000 0.00000 0.00000 0.00000 0.00000 0.00000 0.00000 0.00000 0.00000 0.00000 0.00000 0.00000 0.00000 0.00000 0.00000 0.00000 0.00000 0.00000 0.00000 0.00000 0.00000 0.00000 0.00000 0.00000 0.00000 0.00000 0.00000 0.00000 0.00000 0.00000 0.00000 0.00000 0.00000 0.00000
0.00000 0.00000 0.00000 0.00000 0.00000 0.00000 0.00000 0.00000 0.00000 0.00000 0.00000 0.00000 0.00000 0.00000 0.00000 0.00000 0.00000 0.00000 0.00000 0.00000 0.00000 0.00000 0.00000 0.00000 0.00000 0.00156 0.00465 0.00764 0.01056 0.01336 0.01618 0.01888 0.02151 0.02400 0.02641 0.02599 0.02287 0.01985 0.01691 0.01406 0.01130 0.00863 0.00605 0.00356 0.00117 0.00000 0.00000 0.00000 0.00000 0.00000 0.00000 0.00000 0.00000 0.00000 0.00000 0.00000 0.00000 0.00000 0.00000 0.00000 0.00000 0.00000 0.00000 0.00000 0.00000 0.00000 0.00000 0.00000 0.00000 0.00000 0.00000 0.00000 0.00000 0.00000 0.00000 0.00000 0.00000 0.00000 0.00000 0.00000 0.00000 0.00000 0.00000 0.00000 0.00000 0.00000 0.00000 0.00000 0.00000 0.00000 0.00000 0.00000 0.00000 0.00000 0.00000 0.00000 0.00000 0.00000 0.00000 0.00000
0.00000 0.00000 0.00000 0.00000 0.00000 0.00000 0.00000 0.00000 0.00000 0.00000 0.00000 0.00000 0.00000 0.00000 0.00000 0.00000 0.00000 0.00000 0.00000 0.00000 0.00000 0.00000 0.00000 0.00000 0.00000 0.00053 0.00155 0.00254 0.00352 0.00448 0.00536 0.00627 0.00715 0.00799 0.00878 0.00864 0.00761 0.00660 0.00562 0.00468 0.00376 0.00287 0.00201 0.00118 0.00039 0.00000 0.00000 0.00000 0.00000 0.00000 0.00000 0.00000 0.00000 0.00000 0.00000 0.00000 0.00000 0.00000 0.00000 0.00000 0.00000 0.00000 0.00000 0.00000 0.00000 0.00000 0.00000 0.00000 0.00000 0.00000 0.00000 0.00000 0.00000 0.00000 0.00000 0.00000 0.00000 0.00000 0.00000 0.00000 0.00000 0.00000 0.00000 0.00000 0.00000 0.00000 0.00000 0.00000 0.00000 0.00000 0.00000 0.00000 0.00000 0.00000 0.00000 0.00000 0.00000 0.00000 0.00000 0.00000
0.00000 0.00000 0.00000 0.00000 0.00000 0.00000 0.00000 0.00000 0.00000 0.00000 0.00000 0.00000 0.00000 0.00000 0.00000 0.00000 0.00000 0.00000 0.00000 0.00000 0.00000 0.00000 0.00000 0.00000 0.00000 0.00053 0.00155 0.00255 0.00353 0.00448 0.00539 0.00626 0.00716 0.00801 0.00881 0.00866 0.00763 0.00662 0.00564 0.00469 0.00377 0.00288 0.00202 0.00119 0.00039 0.00000 0.00000 0.00000 0.00000 0.00000 0.00000 0.00000 0.00000 0.00000 0.00000 0.00000 0.00000 0.00000 0.00000 0.00000 0.00000 0.00000 0.00000 0.00000 0.00000 0.00000 0.00000 0.00000 0.00000 0.00000 0.00000 0.00000 0.00000 0.00000 0.00000 0.00000 0.00000 0.00000 0.00000 0.00000 0.00000 0.00000 0.00000 0.00000 0.00000 0.00000 0.00000 0.00000 0.00000 0.00000 0.00000 0.00000 0.00000 0.00000 0.00000 0.00000 0.00000 0.00000 0.00000 0.00000
0.00000 0.00000 0.00000 0.00000 0.00000 0.00000 0.00000 0.00000 0.00000 0.00000 0.00000 0.00000 0.00000 0.00000 0.00000 0.00000 0.00000 0.00000 0.00000 0.00000 0.00000 0.00000 0.00000 0.00000 0.00000 0.00157 0.00467 0.00769 0.01060 0.01340 0.01619 0.01896 0.02151 0.02406 0.02649 0.02606 0.02294 0.01990 0.01696 0.01410 0.01133 0.00865 0.00607 0.00357 0.00117 0.00000 0.00000 0.00000 0.00000 0.00000 0.00000 0.00000 0.00000 0.00000 0.00000 0.00000 0.00000 0.00000 0.00000 0.00000 0.00000 0.00000 0.00000 0.00000 0.00000 0.00000 0.00000 0.00000 0.00000 0.00000 0.00000 0.00000 0.00000 0.00000 0.00000 0.00000 0.00000 0.00000 0.00000 0.00000 0.00000 0.00000 0.00000 0.00000 0.00000 0.00000 0.00000 0.00000 0.00000 0.00000 0.00000 0.00000 0.00000 0.00000 0.00000 0.00000 0.00000 0.00000 0.00000 0.00000
0.00000 0.00000 0.00000 0.00000 0.00000 0.00000 0.00000 0.00000 0.00000 0.00000 0.00000 0.00000 0.00000 0.00000 0.00000 0.00000 0.00000 0.00000 0.00000 0.00000 0.00000 0.00000 0.00000 0.00000 0.00000 0.00262 0.00784 0.01284 0.01776 0.02238 0.02719 0.03164 0.03608 0.04021 0.04430 0.04360 0.03837 0.03329 0.02836 0.02358 0.01895 0.01448 0.01015 0.00598 0.00195 0.00000 0.00000 0.00000 0.00000 0.00000 0.00000 0.00000 0.00000 0.00000 0.00000 0.00000 0.00000 0.00000 0.00000 0.00000 0.00000 0.00000 0.00000 0.00000 0.00000 0.00000 0.00000 0.00000 0.00000 0.00000 0.00000 0.00000 0.00000 0.00000 0.00000 0.00000 0.00000 0.00000 0.00000 0.00000 0.00000 0.00000 0.00000 0.00000 0.00000 0.00000 0.00000 0.00000 0.00000 0.00000 0.00000 0.00000 0.00000 0.00000 0.00000 0.00000 0.00000 0.00000 0.00000 0.00000
0.00000 0.00000 0.00000 0.00000 0.00000 0.00000 0.00000 0.00000 0.00000 0.00000 0.00000 0.00000 0.00000 0.00000 0.00000 0.00000 0.00000 0.00000 0.00000 0.00000 0.00000 0.00000 0.00000 0.00000 0.00000 0.00370 0.01098 0.01792 0.02487 0.03145 0.03800 0.04433 0.05038 0.05635 0.06199 0.06100 0.05369 0.04658 0.03968 0.03300 0.02652 0.02025 0.01420 0.00836 0.00273 0.00000 0.00000 0.00000 0.00000 0.00000 0.00000 0.00000 0.00000 0.00000 0.00000 0.00000 0.00000 0.00000 0.00000 0.00000 0.00000 0.00000 0.00000 0.00000 0.00000 0.00000 0.00000 0.00000 0.00000 0.00000 0.00000 0.00000 0.00000 0.00000 0.00000 0.00000 0.00000 0.00000 0.00000 0.00000 0.00000 0.00000 0.00000 0.00000 0.00000 0.00000 0.00000 0.00000 0.00000 0.00000 0.00000 0.00000 0.00000 0.00000 0.00000 0.00000 0.00000 0.00000 0.00000 0.00000
0.00000 0.00000 0.00000 0.00000 0.00000 0.00000 0.00000 0.00000 0.00000 0.00000 0.00000 0.00000 0.00000 0.00000 0.00000 0.00000 0.00000 0.00000 0.00000 0.00000 0.00000 0.00000 0.00000 0.00000 0.00000 0.00478 0.01411 0.02310 0.03215 0.04047 0.04922 0.05681 0.06514 0.07269 0.07996 0.07868 0.06925 0.06008 0.05119 0.04256 0.03421 0.02613 0.01832 0.01078 0.00353 0.00000 0.00000 0.00000 0.00000 0.00000 0.00000 0.00000 0.00000 0.00000 0.00000 0.00000 0.00000 0.00000 0.00000 0.00000 0.00000 0.00000 0.00000 0.00000 0.00000 0.00000 0.00000 0.00000 0.00000 0.00000 0.00000 0.00000 0.00000 0.00000 0.00000 0.00000 0.00000 0.00000 0.00000 0.00000 0.00000 0.00000 0.00000 0.00000 0.00000 0.00000 0.00000 0.00000 0.00000 0.00000 0.00000 0.00000 0.00000 0.00000 0.00000 0.00000 0.00000 0.00000 0.00000 0.00000
