0.00000 0.00000 0.00000 0.00000 0.00000 0.00000 0.00000 0.00000 0.00000 0.00000 0.00000 0.00000 0.00000 0.00000 0.00000 0.00000 0.00000 0.00000 0.00000 0.00000 0.00000 0.00000 0.00000 0.00000 0.00000 0.01946 0.05852 0.09745 0.13658 0.17494 0.21381 0.25277 0.29256 0.33108 0.36786 0.40363 0.43676 0.46879 0.49711 0.53003 0.56383 0.59582 0.62412 0.65623 0.69157 0.68727 0.64309 0.60715 0.56602 0.53401 0.48583 0.45489 0.41138 0.37748 0.33411 0.33487 0.37350 0.40940 0.44692 0.48356
0.00000 0.00000 0.00000 0.00000 0.00000 0.00000 0.00000 0.00000 0.00000 0.00000 0.00000 0.00000 0.00000 0.00000 0.00000 0.00000 0.00000 0.00000 0.00000 0.00000 0.00000 0.00000 0.00000 0.00000 0.00000 0.02312 0.06926 0.11475 0.16093 0.20756 0.25302 0.29890 0.34521 0.39026 0.43572 0.47215 0.49633 0.52017 0.54439 0.57086 0.59481 0.61857 0.64324 0.66948 0.69366 0.68126 0.63500 0.59150 0.54345 0.49974 0.45068 0.40877 0.36061 0.31628 0.26855 0.26920 0.31483 0.36069 0.40592 0.45132
0.00000 0.00000 0.00000 0.00000 0.00000 0.00000 0.00000 0.00000 0.00000 0.00000 0.00000 0.00000 0.00000 0.00000 0.00000 0.00000 0.00000 0.00000 0.00000 0.00000 0.00000 0.00000 0.00000 0.00000 0.00000 0.02668 0.07994 0.13235 0.18537 0.23983 0.29312 0.34486 0.39623 0.44981 0.50538 0.54019 0.55387 0.57215 0.59334 0.61074 0.62378 0.64205 0.66420 0.68118 0.69375 0.67651 0.62763 0.57501 0.51642 0.46643 0.41394 0.36376 0.30638 0.25538 0.20277 0.20248 0.25406 0.30582 0.35784 0.40905
0.00000 0.00000 0.00000 0.00000 0.00000 0.00000 0.00000 0.00000 0.00000 0.00000 0.00000 0.00000 0.00000 0.00000 0.00000 0.00000 0.00000 0.00000 0.00000 0.00000 0.00000 0.00000 0.00000 0.00000 0.00000 0.03004 0.09030 0.15108 0.21081 0.27041 0.33194 0.39125 0.44929 0.51078 0.57267 0.60627 0.61417 0.62667 0.63922 0.64825 0.65598 0.66858 0.68164 0.69049 0.69799 0.67528 0.61740 0.55661 0.49387 0.43558 0.37627 0.31684 0.25485 0.19543 0.13590 0.13613 0.19566 0.25552 0.31502 0.37599
0.00000 0.00000 0.00000 0.00000 0.00000 0.00000 0.00000 0.00000 0.00000 0.00000 0.00000 0.00000 0.00000 0.00000 0.00000 0.00000 0.00000 0.00000 0.00000 0.00000 0.00000 0.00000 0.00000 0.00000 0.00000 0.03358 0.10095 0.16899 0.23642 0.30165 0.36849 0.43746 0.50615 0.57160 0.63562 0.67234 0.67928 0.68097 0.68066 0.68582 0.69293 0.69437 0.69433 0.69974 0.70674 0.67283 0.60245 0.53725 0.47213 0.40548 0.33536 0.26942 0.20325 0.13642 0.06858 0.06843 0.13525 0.20159 0.26825 0.33402
0.00000 0.00000 0.00000 0.00000 0.00000 0.00000 0.00000 0.00000 0.00000 0.00000 0.00000 0.00000 0.00000 0.00000 0.00000 0.00000 0.00000 0.00000 0.00000 0.00000 0.00000 0.00000 0.00000 0.00000 0.00000 0.03383 0.10113 0.16775 0.23576 0.30377 0.36872 0.43636 0.50620 0.57221 0.63564 0.67211 0.67942 0.68140 0.68066 0.68560 0.69312 0.69528 0.69433 0.69935 0.70717 0.67427 0.60299 0.53707 0.47292 0.40562 0.33619 0.26901 0.20340 0.13629 0.06877 0.06853 0.13576 0.20352 0.27073 0.33853
0.00000 0.00000 0.00000 0.00000 0.00000 0.00000 0.00000 0.00000 0.00000 0.00000 0.00000 0.00000 0.00000 0.00000 0.00000 0.00000 0.00000 0.00000 0.00000 0.00000 0.00000 0.00000 0.00000 0.00000 0.00000 0.03029 0.09034 0.15010 0.21073 0.27208 0.33221 0.39076 0.44991 0.51094 0.57295 0.60682 0.61482 0.62667 0.63971 0.64822 0.65647 0.66967 0.68187 0.68879 0.69846 0.67681 0.61773 0.55626 0.49446 0.43557 0.37672 0.31739 0.25548 0.19503 0.13575 0.13637 0.19581 0.25423 0.31366 0.37267
0.00000 0.00000 0.00000 0.00000 0.00000 0.00000 0.00000 0.00000 0.00000 0.00000 0.00000 0.00000 0.00000 0.00000 0.00000 0.00000 0.00000 0.00000 0.00000 0.00000 0.00000 0.00000 0.00000 0.00000 0.00000 0.02655 0.07985 0.13340 0.18581 0.23828 0.29323 0.34645 0.39676 0.44981 0.50591 0.54080 0.55467 0.57260 0.59403 0.61117 0.62442 0.64269 0.66380 0.68197 0.69508 0.67765 0.62784 0.57606 0.51915 0.46608 0.41562 0.36329 0.30848 0.25430 0.20309 0.20380 0.25686 0.30871 0.36096 0.41393
0.00000 0.00000 0.00000 0.00000 0.00000 0.00000 0.00000 0.00000 0.00000 0.00000 0.00000 0.00000 0.00000 0.00000 0.00000 0.00000 0.00000 0.00000 0.00000 0.00000 0.00000 0.00000 0.00000 0.00000 0.00000 0.02299 0.06942 0.11568 0.16083 0.20659 0.25319 0.29921 0.34580 0.39173 0.43588 0.47107 0.49788 0.52226 0.54451 0.57040 0.59676 0.61798 0.64277 0.67128 0.69560 0.68039 0.63582 0.59328 0.54659 0.50183 0.45316 0.40634 0.36210 0.31746 0.27040 0.26816 0.31464 0.36195 0.40773 0.45206
0.00000 0.00000 0.00000 0.00000 0.00000 0.00000 0.00000 0.00000 0.00000 0.00000 0.00000 0.00000 0.00000 0.00000 0.00000 0.00000 0.00000 0.00000 0.00000 0.00000 0.00000 0.00000 0.00000 0.00000 0.00000 0.01954 0.05848 0.09743 0.13668 0.17594 0.21404 0.25214 0.29249 0.33205 0.36901 0.40347 0.43734 0.46998 0.49912 0.52999 0.56358 0.59733 0.62718 0.65649 0.68884 0.68974 0.64830 0.60693 0.56865 0.53414 0.49244 0.45162 0.41479 0.37748 0.33775 0.33549 0.37501 0.41553 0.45523 0.49333
0.00000 0.00000 0.00000 0.00000 0.00000 0.00000 0.00000 0.00000 0.00000 0.00000 0.00000 0.00000 0.00000 0.00000 0.00000 0.00000 0.00000 0.00000 0.00000 0.00000 0.00000 0.00000 0.00000 0.00000 0.00000 0.01604 0.04774 0.07951 0.11211 0.14372 0.17534 0.20765 0.23863 0.26988 0.30304 0.33888 0.37576 0.41396 0.45518 0.49390 0.53043 0.57137 0.61073 0.64642 0.68536 0.69220 0.65981 0.62778 0.59421 0.56221 0.53200 0.50121 0.46810 0.43345 0.40375 0.40622 0.43786 0.46559 0.49745 0.53044
0.00000 0.00000 0.00000 0.00000 0.00000 0.00000 0.00000 0.00000 0.00000 0.00000 0.00000 0.00000 0.00000 0.00000 0.00000 0.00000 0.00000 0.00000 0.00000 0.00000 0.00000 0.00000 0.00000 0.00000 0.00000 0.01245 0.03729 0.06201 0.08689 0.11147 0.13605 0.16179 0.18632 0.20992 0.23476 0.27146 0.31701 0.36120 0.40713 0.45560 0.50144 0.54411 0.58936 0.64003 0.68575 0.69168 0.66651 0.64756 0.62248 0.59274 0.56924 0.54803 0.52157 0.49336 0.47062 0.47304 0.49824 0.52046 0.54429 0.56966
0.00000 0.00000 0.00000 0.00000 0.00000 0.00000 0.00000 0.00000 0.00000 0.00000 0.00000 0.00000 0.00000 0.00000 0.00000 0.00000 0.00000 0.00000 0.00000 0.00000 0.00000 0.00000 0.00000 0.00000 0.00000 0.00885 0.02669 0.04450 0.06195 0.07978 0.09731 0.11491 0.13311 0.15079 0.16764 0.20283 0.25703 0.31012 0.36132 0.41445 0.46941 0.52145 0.57259 0.62711 0.68143 0.69814 0.67859 0.66210 0.64535 0.62954 0.60902 0.58906 0.57392 0.55761 0.53978 0.53531 0.55458 0.57577 0.59362 0.60919
0.00000 0.00000 0.00000 0.00000 0.00000 0.00000 0.00000 0.00000 0.00000 0.00000 0.00000 0.00000 0.00000 0.00000 0.00000 0.00000 0.00000 0.00000 0.00000 0.00000 0.00000 0.00000 0.00000 0.00000 0.00000 0.00531 0.01600 0.02669 0.03712 0.04785 0.05870 0.06892 0.07940 0.09048 0.10115 0.13583 0.19561 0.25698 0.31732 0.37539 0.43469 0.49795 0.55848 0.61462 0.67380 0.70411 0.69348 0.67752 0.66742 0.66215 0.65055 0.63461 0.62602 0.61811 0.60699 0.60294 0.61377 0.62708 0.63912 0.64913
0.00000 0.00000 0.00000 0.00000 0.00000 0.00000 0.00000 0.00000 0.00000 0.00000 0.00000 0.00000 0.00000 0.00000 0.00000 0.00000 0.00000 0.00000 0.00000 0.00000 0.00000 0.00000 0.00000 0.00000 0.00000 0.00178 0.00533 0.00886 0.01239 0.01594 0.01957 0.02307 0.02647 0.03003 0.03373 0.06913 0.13569 0.20287 0.27129 0.33815 0.40330 0.47099 0.54042 0.60688 0.67111 0.70375 0.70256 0.69984 0.69313 0.68870 0.68744 0.68614 0.68043 0.67322 0.67212 0.67562 0.67907 0.67788 0.68104 0.68591
0.00000 0.00000 0.00000 0.00000 0.00000 0.00000 0.00000 0.00000 0.00000 0.00000 0.00000 0.00000 0.00000 0.00000 0.00000 0.00178 0.00536 0.00896 0.01245 0.01599 0.01963 0.02323 0.02659 0.03012 0.03387 0.03386 0.03007 0.02652 0.02314 0.01952 0.01589 0.01241 0.00888 0.00530 0.00176 0.03365 0.10110 0.16770 0.23427 0.30271 0.37047 0.43549 0.50172 0.57231 0.63996 0.66928 0.66912 0.67427 0.67363 0.66877 0.66996 0.67398 0.67281 0.66795 0.66965 0.67245 0.67248 0.66960 0.66845 0.66773
0.00000 0.00000 0.00000 0.00000 0.00000 0.00000 0.00000 0.00000 0.00000 0.00000 0.00000 0.00000 0.00000 0.00000 0.00000 0.00538 0.01608 0.02671 0.03741 0.04822 0.05883 0.06931 0.07991 0.09078 0.10144 0.10115 0.09032 0.07986 0.06938 0.05856 0.04766 0.03713 0.02666 0.01596 0.00529 0.03001 0.09051 0.15054 0.20954 0.26991 0.33162 0.39116 0.44896 0.50952 0.57238 0.60234 0.59899 0.59894 0.60151 0.60290 0.60029 0.59830 0.60051 0.60261 0.60167 0.59773 0.59881 0.60209 0.60240 0.60146
0.00000 0.00000 0.00000 0.00000 0.00000 0.00000 0.00000 0.00000 0.00000 0.00000 0.00000 0.00000 0.00000 0.00000 0.00000 0.00897 0.02671 0.04448 0.06258 0.08045 0.09753 0.11537 0.13386 0.15160 0.16818 0.16825 0.15141 0.13340 0.11493 0.09738 0.07996 0.06202 0.04414 0.02655 0.00887 0.02654 0.07933 0.13263 0.18616 0.23844 0.29068 0.34500 0.39873 0.44971 0.50208 0.53172 0.53168 0.52844 0.52879 0.53265 0.53135 0.52781 0.52924 0.53150 0.53069 0.52764 0.52810 0.52940 0.53032 0.52973
0.00000 0.00000 0.00000 0.00000 0.00000 0.00000 0.00000 0.00000 0.00000 0.00000 0.00000 0.00000 0.00000 0.00000 0.00000 0.01249 0.03743 0.06253 0.08757 0.11227 0.13677 0.16178 0.18720 0.21185 0.23565 0.23596 0.21182 0.18640 0.16090 0.13646 0.11196 0.08690 0.06177 0.03712 0.01243 0.02303 0.06872 0.11479 0.16146 0.20704 0.25178 0.29811 0.34591 0.39132 0.43487 0.45816 0.46064 0.46120 0.45842 0.45766 0.45978 0.46097 0.45963 0.45759 0.45880 0.46103 0.46069 0.45745 0.45748 0.45858
0.00000 0.00000 0.00000 0.00000 0.00000 0.00000 0.00000 0.00000 0.00000 0.00000 0.00000 0.00000 0.00000 0.00000 0.00000 0.01605 0.04835 0.08051 0.11195 0.14403 0.17679 0.20877 0.23964 0.27137 0.30431 0.30457 0.27140 0.23901 0.20758 0.17570 0.14349 0.11152 0.07979 0.04786 0.01589 0.01944 0.05851 0.09736 0.13576 0.17492 0.21438 0.25262 0.29082 0.33094 0.37027 0.38798 0.38790 0.39021 0.38977 0.38753 0.38821 0.39021 0.38925 0.38702 0.38796 0.38906 0.38915 0.38773 0.38710 0.38686
0.00000 0.00000 0.00000 0.00000 0.00000 0.00000 0.00000 0.00000 0.00000 0.00000 0.00000 0.00000 0.00000 0.00000 0.00000 0.01968 0.05910 0.09821 0.13690 0.17603 0.21602 0.25528 0.29280 0.33140 0.37220 0.37197 0.33114 0.29260 0.25395 0.21455 0.17540 0.13648 0.09757 0.05840 0.01942 0.01593 0.04790 0.07955 0.11101 0.14311 0.17563 0.20696 0.23773 0.26984 0.30341 0.31908 0.31703 0.31706 0.31879 0.31942 0.31793 0.31702 0.31812 0.31901 0.31847 0.31655 0.31718 0.31898 0.31911 0.31809
0.00000 0.00000 0.00000 0.00000 0.00000 0.00000 0.00000 0.00000 0.00000 0.00000 0.00000 0.00000 0.00000 0.00000 0.00000 0.02327 0.06948 0.11580 0.16255 0.20887 0.25477 0.30022 0.34638 0.39402 0.44009 0.43758 0.39160 0.34653 0.30006 0.25352 0.20729 0.16134 0.11517 0.06894 0.02301 0.01242 0.03711 0.06178 0.08673 0.11152 0.13585 0.16082 0.18593 0.21020 0.23460 0.24800 0.24807 0.24690 0.24702 0.24848 0.24788 0.24653 0.24725 0.24789 0.24757 0.24655 0.24662 0.24704 0.24752 0.24741
0.00000 0.00000 0.00000 0.00000 0.00000 0.00000 0.00000 0.00000 0.00000 0.00000 0.00000 0.00000 0.00000 0.00000 0.00000 0.02680 0.08011 0.13375 0.18780 0.24130 0.29329 0.34618 0.40058 0.45434 0.50650 0.50561 0.45267 0.39947 0.34609 0.29265 0.23919 0.18595 0.13287 0.07980 0.02657 0.00883 0.02649 0.04429 0.06205 0.07951 0.09693 0.11483 0.13312 0.15047 0.16733 0.17633 0.17740 0.17752 0.17637 0.17615 0.17703 0.17731 0.17684 0.17626 0.17658 0.17724 0.17709 0.17593 0.17600 0.17657
0.00000 0.00000 0.00000 0.00000 0.00000 0.00000 0.00000 0.00000 0.00000 0.00000 0.00000 0.00000 0.00000 0.00000 0.00000 0.03038 0.09122 0.15170 0.21221 0.27237 0.33246 0.39385 0.45511 0.51290 0.57218 0.57454 0.51414 0.45249 0.39191 0.33164 0.27127 0.21085 0.15048 0.09041 0.03013 0.00530 0.01591 0.02661 0.03713 0.04768 0.05839 0.06901 0.07944 0.09022 0.10096 0.10598 0.10590 0.10635 0.10635 0.10585 0.10599 0.10638 0.10616 0.10576 0.10596 0.10610 0.10612 0.10585 0.10566 0.10561
0.00000 0.00000 0.00000 0.00000 0.00000 0.00000 0.00000 0.00000 0.00000 0.00000 0.00000 0.00000 0.00000 0.00000 0.00000 0.03399 0.10211 0.16971 0.23678 0.30427 0.37253 0.44058 0.50762 0.57360 0.64060 0.64190 0.57430 0.50589 0.43811 0.37066 0.30325 0.23579 0.16824 0.10089 0.03366 0.00177 0.00531 0.00883 0.01236 0.01594 0.01951 0.02299 0.02644 0.03002 0.03375 0.03546 0.03524 0.03525 0.03546 0.03552 0.03533 0.03529 0.03539 0.03544 0.03538 0.03523 0.03527 0.03544 0.03546 0.03538
0.00000 0.00000 0.00000 0.00000 0.00000 0.00000 0.00000 0.00000 0.00000 0.00000 0.00000 0.00000 0.00000 0.00000 0.00000 0.03564 0.10701 0.17866 0.24952 0.32059 0.39296 0.46279 0.53216 0.60479 0.67720 0.67524 0.60337 0.53257 0.46145 0.39028 0.31917 0.24815 0.17723 0.10628 0.03540 0.00000 0.00000 0.00000 0.00000 0.00000 0.00000 0.00000 0.00000 0.00000 0.00000 0.00000 0.00000 0.00000 0.00000 0.00000 0.00000 0.00000 0.00000 0.00000 0.00000 0.00000 0.00000 0.00000 0.00000 0.00000
0.00000 0.00000 0.00000 0.00000 0.00000 0.00000 0.00000 0.00000 0.00000 0.00000 0.00000 0.00000 0.00000 0.00000 0.00000 0.03568 0.10713 0.17870 0.24981 0.32115 0.39232 0.46252 0.53290 0.60520 0.67675 0.67529 0.60353 0.53258 0.46154 0.39036 0.31919 0.24816 0.17724 0.10633 0.03541 0.00000 0.00000 0.00000 0.00000 0.00000 0.00000 0.00000 0.00000 0.00000 0.00000 0.00000 0.00000 0.00000 0.00000 0.00000 0.00000 0.00000 0.00000 0.00000 0.00000 0.00000 0.00000 0.00000 0.00000 0.00000
0.00000 0.00000 0.00000 0.00000 0.00000 0.00000 0.00000 0.00000 0.00000 0.00000 0.00000 0.00000 0.00000 0.00000 0.00000 0.03584 0.10732 0.17801 0.24946 0.32130 0.39144 0.46277 0.53482 0.60489 0.67526 0.67539 0.60406 0.53272 0.46153 0.39035 0.31925 0.24825 0.17724 0.10632 0.03544 0.00000 0.00000 0.00000 0.00000 0.00000 0.00000 0.00000 0.00000 0.00000 0.00000 0.00000 0.00000 0.00000 0.00000 0.00000 0.00000 0.00000 0.00000 0.00000 0.00000 0.00000 0.00000 0.00000 0.00000 0.00000
0.00000 0.00000 0.00000 0.00000 0.00000 0.00000 0.00000 0.00000 0.00000 0.00000 0.00000 0.00000 0.00000 0.00000 0.00000 0.03583 0.10709 0.17805 0.25002 0.32135 0.39162 0.46331 0.53460 0.60480 0.67546 0.67552 0.60420 0.53285 0.46157 0.39039 0.31933 0.24831 0.17728 0.10634 0.03544 0.00000 0.00000 0.00000 0.00000 0.00000 0.00000 0.00000 0.00000 0.00000 0.00000 0.00000 0.00000 0.00000 0.00000 0.00000 0.00000 0.00000 0.00000 0.00000 0.00000 0.00000 0.00000 0.00000 0.00000 0.00000
0.00000 0.00000 0.00000 0.00000 0.00000 0.00000 0.00000 0.00000 0.00000 0.00000 0.00000 0.00000 0.00000 0.00000 0.00000 0.03566 0.10689 0.17893 0.25021 0.32039 0.39205 0.46347 0.53388 0.60483 0.67606 0.67571 0.60418 0.53285 0.46167 0.39051 0.31938 0.24832 0.17732 0.10638 0.03545 0.00000 0.00000 0.00000 0.00000 0.00000 0.00000 0.00000 0.00000 0.00000 0.00000 0.00000 0.00000 0.00000 0.00000 0.00000 0.00000 0.00000 0.00000 0.00000 0.00000 0.00000 0.00000 0.00000 0.00000 0.00000
0.00000 0.00000 0.00000 0.00000 0.00000 0.00000 0.00000 0.00000 0.00000 0.00000 0.00000 0.00000 0.00000 0.00000 0.00000 0.03565 0.10726 0.17901 0.24947 0.32053 0.39252 0.46340 0.53392 0.60502 0.67619 0.67580 0.60425 0.53293 0.46178 0.39061 0.31944 0.24837 0.17736 0.10640 0.03546 0.00000 0.00000 0.00000 0.00000 0.00000 0.00000 0.00000 0.00000 0.00000 0.00000 0.00000 0.00000 0.00000 0.00000 0.00000 0.00000 0.00000 0.00000 0.00000 0.00000 0.00000 0.00000 0.00000 0.00000 0.00000
0.00000 0.00000 0.00000 0.00000 0.00000 0.00000 0.00000 0.00000 0.00000 0.00000 0.00000 0.00000 0.00000 0.00000 0.00000 0.03576 0.10753 0.17849 0.24920 0.32109 0.39252 0.46326 0.53419 0.60524 0.67619 0.67581 0.60441 0.53310 0.46185 0.39065 0.31952 0.24845 0.17740 0.10642 0.03547 0.00000 0.00000 0.00000 0.00000 0.00000 0.00000 0.00000 0.00000 0.00000 0.00000 0.00000 0.00000 0.00000 0.00000 0.00000 0.00000 0.00000 0.00000 0.00000 0.00000 0.00000 0.00000 0.00000 0.00000 0.00000
0.00000 0.00000 0.00000 0.00000 0.00000 0.00000 0.00000 0.00000 0.00000 0.00000 0.00000 0.00000 0.00000 0.00000 0.00000 0.03582 0.10719 0.17810 0.24983 0.32138 0.39238 0.46334 0.53432 0.60532 0.67633 0.67596 0.60454 0.53323 0.46195 0.39073 0.31960 0.24852 0.17745 0.10644 0.03548 0.00000 0.00000 0.00000 0.00000 0.00000 0.00000 0.00000 0.00000 0.00000 0.00000 0.00000 0.00000 0.00000 0.00000 0.00000 0.00000 0.00000 0.00000 0.00000 0.00000 0.00000 0.00000 0.00000 0.00000 0.00000
0.00000 0.00000 0.00000 0.00000 0.00000 0.00000 0.00000 0.00000 0.00000 0.00000 0.00000 0.00000 0.00000 0.00000 0.00000 0.03583 0.10687 0.17828 0.25045 0.32136 0.39230 0.46352 0.53442 0.60535 0.67651 0.67619 0.60465 0.53330 0.46208 0.39086 0.31968 0.24857 0.17751 0.10648 0.03549 0.00000 0.00000 0.00000 0.00000 0.00000 0.00000 0.00000 0.00000 0.00000 0.00000 0.00000 0.00000 0.00000 0.00000 0.00000 0.00000 0.00000 0.00000 0.00000 0.00000 0.00000 0.00000 0.00000 0.00000 0.00000
0.00000 0.00000 0.00000 0.00000 0.00000 0.00000 0.00000 0.00000 0.00000 0.00000 0.00000 0.00000 0.00000 0.00000 0.00000 0.03566 0.10715 0.17894 0.25004 0.32100 0.39245 0.46364 0.53459 0.60552 0.67661 0.67632 0.60482 0.53344 0.46220 0.39098 0.31977 0.24864 0.17756 0.10652 0.03550 0.00000 0.00000 0.00000 0.00000 0.00000 0.00000 0.00000 0.00000 0.00000 0.00000 0.00000 0.00000 0.00000 0.00000 0.00000 0.00000 0.00000 0.00000 0.00000 0.00000 0.00000 0.00000 0.00000 0.00000 0.00000
0.00000 0.00000 0.00000 0.00000 0.00000 0.00000 0.00000 0.00000 0.00000 0.00000 0.00000 0.00000 0.00000 0.00000 0.00000 0.03385 0.10212 0.17012 0.23723 0.30498 0.37301 0.44050 0.50800 0.57544 0.64290 0.64261 0.57476 0.50694 0.43920 0.37152 0.30388 0.23629 0.16874 0.10122 0.03374 0.00000 0.00000 0.00000 0.00000 0.00000 0.00000 0.00000 0.00000 0.00000 0.00000 0.00000 0.00000 0.00000 0.00000 0.00000 0.00000 0.00000 0.00000 0.00000 0.00000 0.00000 0.00000 0.00000 0.00000 0.00000
0.00000 0.00000 0.00000 0.00000 0.00000 0.00000 0.00000 0.00000 0.00000 0.00000 0.00000 0.00000 0.00000 0.00000 0.00000 0.03048 0.09133 0.15140 0.21238 0.27334 0.33384 0.39418 0.45460 0.51497 0.57544 0.57514 0.51438 0.45371 0.39310 0.33251 0.27198 0.21150 0.15103 0.09060 0.03020 0.00000 0.00000 0.00000 0.00000 0.00000 0.00000 0.00000 0.00000 0.00000 0.00000 0.00000 0.00000 0.00000 0.00000 0.00000 0.00000 0.00000 0.00000 0.00000 0.00000 0.00000 0.00000 0.00000 0.00000 0.00000
0.00000 0.00000 0.00000 0.00000 0.00000 0.00000 0.00000 0.00000 0.00000 0.00000 0.00000 0.00000 0.00000 0.00000 0.00000 0.02690 0.08040 0.13369 0.18764 0.24122 0.29452 0.34792 0.40122 0.45445 0.50790 0.50767 0.45400 0.40044 0.34697 0.29350 0.24007 0.18668 0.13331 0.07997 0.02665 0.00000 0.00000 0.00000 0.00000 0.00000 0.00000 0.00000 0.00000 0.00000 0.00000 0.00000 0.00000 0.00000 0.00000 0.00000 0.00000 0.00000 0.00000 0.00000 0.00000 0.00000 0.00000 0.00000 0.00000 0.00000
0.00000 0.00000 0.00000 0.00000 0.00000 0.00000 0.00000 0.00000 0.00000 0.00000 0.00000 0.00000 0.00000 0.00000 0.00000 0.02317 0.06968 0.11659 0.16277 0.20835 0.25521 0.30188 0.34786 0.39397 0.44028 0.44010 0.39361 0.34716 0.30081 0.25446 0.20813 0.16184 0.11558 0.06934 0.02311 0.00000 0.00000 0.00000 0.00000 0.00000 0.00000 0.00000 0.00000 0.00000 0.00000 0.00000 0.00000 0.00000 0.00000 0.00000 0.00000 0.00000 0.00000 0.00000 0.00000 0.00000 0.00000 0.00000 0.00000 0.00000
0.00000 0.00000 0.00000 0.00000 0.00000 0.00000 0.00000 0.00000 0.00000 0.00000 0.00000 0.00000 0.00000 0.00000 0.00000 0.01963 0.05902 0.09859 0.13764 0.17629 0.21610 0.25555 0.29440 0.33348 0.37266 0.37248 0.33317 0.29388 0.25462 0.21538 0.17618 0.13700 0.09784 0.05870 0.01956 0.00000 0.00000 0.00000 0.00000 0.00000 0.00000 0.00000 0.00000 0.00000 0.00000 0.00000 0.00000 0.00000 0.00000 0.00000 0.00000 0.00000 0.00000 0.00000 0.00000 0.00000 0.00000 0.00000 0.00000 0.00000
0.00000 0.00000 0.00000 0.00000 0.00000 0.00000 0.00000 0.00000 0.00000 0.00000 0.00000 0.00000 0.00000 0.00000 0.00000 0.01617 0.04838 0.08021 0.11250 0.14521 0.17703 0.20850 0.24085 0.27309 0.30504 0.30486 0.27269 0.24053 0.20841 0.17629 0.14421 0.11214 0.08008 0.04804 0.01601 0.00000 0.00000 0.00000 0.00000 0.00000 0.00000 0.00000 0.00000 0.00000 0.00000 0.00000 0.00000 0.00000 0.00000 0.00000 0.00000 0.00000 0.00000 0.00000 0.00000 0.00000 0.00000 0.00000 0.00000 0.00000
0.00000 0.00000 0.00000 0.00000 0.00000 0.00000 0.00000 0.00000 0.00000 0.00000 0.00000 0.00000 0.00000 0.00000 0.00000 0.01257 0.03764 0.06237 0.08757 0.11296 0.13766 0.16201 0.18744 0.21255 0.23733 0.23721 0.21217 0.18714 0.16216 0.13718 0.11221 0.08726 0.06232 0.03739 0.01246 0.00000 0.00000 0.00000 0.00000 0.00000 0.00000 0.00000 0.00000 0.00000 0.00000 0.00000 0.00000 0.00000 0.00000 0.00000 0.00000 0.00000 0.00000 0.00000 0.00000 0.00000 0.00000 0.00000 0.00000 0.00000
0.00000 0.00000 0.00000 0.00000 0.00000 0.00000 0.00000 0.00000 0.00000 0.00000 0.00000 0.00000 0.00000 0.00000 0.00000 0.00893 0.02683 0.04487 0.06268 0.08023 0.09821 0.11642 0.13402 0.15164 0.16955 0.16953 0.15162 0.13373 0.11588 0.09803 0.08018 0.06235 0.04453 0.02672 0.00890 0.00000 0.00000 0.00000 0.00000 0.00000 0.00000 0.00000 0.00000 0.00000 0.00000 0.00000 0.00000 0.00000 0.00000 0.00000 0.00000 0.00000 0.00000 0.00000 0.00000 0.00000 0.00000 0.00000 0.00000 0.00000
0.00000 0.00000 0.00000 0.00000 0.00000 0.00000 0.00000 0.00000 0.00000 0.00000 0.00000 0.00000 0.00000 0.00000 0.00000 0.00535 0.01609 0.02695 0.03764 0.04810 0.05895 0.06992 0.08044 0.09088 0.10178 0.10179 0.09101 0.08027 0.06956 0.05884 0.04813 0.03743 0.02673 0.01604 0.00535 0.00000 0.00000 0.00000 0.00000 0.00000 0.00000 0.00000 0.00000 0.00000 0.00000 0.00000 0.00000 0.00000 0.00000 0.00000 0.00000 0.00000 0.00000 0.00000 0.00000 0.00000 0.00000 0.00000 0.00000 0.00000
0.00000 0.00000 0.00000 0.00000 0.00000 0.00000 0.00000 0.00000 0.00000 0.00000 0.00000 0.00000 0.00000 0.00000 0.00000 0.00180 0.00538 0.00894 0.01252 0.01614 0.01968 0.02319 0.02681 0.03040 0.03394 0.03392 0.03035 0.02677 0.02320 0.01962 0.01605 0.01248 0.00891 0.00535 0.00178 0.00000 0.00000 0.00000 0.00000 0.00000 0.00000 0.00000 0.00000 0.00000 0.00000 0.00000 0.00000 0.00000 0.00000 0.00000 0.00000 0.00000 0.00000 0.00000 0.00000 0.00000 0.00000 0.00000 0.00000 0.00000
0.00000 0.00000 0.00000 0.00000 0.00000 0.00000 0.00000 0.00000 0.00000 0.00000 0.00000 0.00000 0.00000 0.00000 0.00000 0.00000 0.00000 0.00000 0.00000 0.00000 0.00000 0.00000 0.00000 0.00000 0.00000 0.00000 0.00000 0.00000 0.00000 0.00000 0.00000 0.00000 0.00000 0.00000 0.00000 0.00000 0.00000 0.00000 0.00000 0.00000 0.00000 0.00000 0.00000 0.00000 0.00000 0.00000 0.00000 0.00000 0.00000 0.00000 0.00000 0.00000 0.00000 0.00000 0.00000 0.00000 0.00000 0.00000 0.00000 0.00000
0.00000 0.00000 0.00000 0.00000 0.00000 0.00000 0.00000 0.00000 0.00000 0.00000 0.00000 0.00000 0.00000 0.00000 0.00000 0.00000 0.00000 0.00000 0.00000 0.00000 0.00000 0.00000 0.00000 0.00000 0.00000 0.00000 0.00000 0.00000 0.00000 0.00000 0.00000 0.00000 0.00000 0.00000 0.00000 0.00000 0.00000 0.00000 0.00000 0.00000 0.00000 0.00000 0.00000 0.00000 0.00000 0.00000 0.00000 0.00000 0.00000 0.00000 0.00000 0.00000 0.00000 0.00000 0.00000 0.00000 0.00000 0.00000 0.00000 0.00000
0.00000 0.00000 0.00000 0.00000 0.00000 0.00000 0.00000 0.00000 0.00000 0.00000 0.00000 0.00000 0.00000 0.00000 0.00000 0.00000 0.00000 0.00000 0.00000 0.00000 0.00000 0.00000 0.00000 0.00000 0.00000 0.00000 0.00000 0.00000 0.00000 0.00000 0.00000 0.00000 0.00000 0.00000 0.00000 0.00000 0.00000 0.00000 0.00000 0.00000 0.00000 0.00000 0.00000 0.00000 0.00000 0.00000 0.00000 0.00000 0.00000 0.00000 0.00000 0.00000 0.00000 0.00000 0.00000 0.00000 0.00000 0.00000 0.00000 0.00000
0.00000 0.00000 0.00000 0.00000 0.00000 0.00000 0.00000 0.00000 0.00000 0.00000 0.00000 0.00000 0.00000 0.00000 0.00000 0.00000 0.00000 0.00000 0.00000 0.00000 0.00000 0.00000 0.00000 0.00000 0.00000 0.00000 0.00000 0.00000 0.00000 0.00000 0.00000 0.00000 0.00000 0.00000 0.00000 0.00000 0.00000 0.00000 0.00000 0.00000 0.00000 0.00000 0.00000 0.00000 0.00000 0.00000 0.00000 0.00000 0.00000 0.00000 0.00000 0.00000 0.00000 0.00000 0.00000 0.00000 0.00000 0.00000 0.00000 0.00000
0.00000 0.00000 0.00000 0.00000 0.00000 0.00000 0.00000 0.00000 0.00000 0.00000 0.00000 0.00000 0.00000 0.00000 0.00000 0.00000 0.00000 0.00000 0.00000 0.00000 0.00000 0.00000 0.00000 0.00000 0.00000 0.00000 0.00000 0.00000 0.00000 0.00000 0.00000 0.00000 0.00000 0.00000 0.00000 0.00000 0.00000 0.00000 0.00000 0.00000 0.00000 0.00000 0.00000 0.00000 0.00000 0.00000 0.00000 0.00000 0.00000 0.00000 0.00000 0.00000 0.00000 0.00000 0.00000 0.00000 0.00000 0.00000 0.00000 0.00000
0.00000 0.00000 0.00000 0.00000 0.00000 0.00000 0.00000 0.00000 0.00000 0.00000 0.00000 0.00000 0.00000 0.00000 0.00000 0.00000 0.00000 0.00000 0.00000 0.00000 0.00000 0.00000 0.00000 0.00000 0.00000 0.00000 0.00000 0.00000 0.00000 0.00000 0.00000 0.00000 0.00000 0.00000 0.00000 0.00000 0.00000 0.00000 0.00000 0.00000 0.00000 0.00000 0.00000 0.00000 0.00000 0.00000 0.00000 0.00000 0.00000 0.00000 0.00000 0.00000 0.00000 0.00000 0.00000 0.00000 0.00000 0.00000 0.00000 0.00000
0.00000 0.00000 0.00000 0.00000 0.00000 0.00000 0.00000 0.00000 0.00000 0.00000 0.00000 0.00000 0.00000 0.00000 0.00000 0.00000 0.00000 0.00000 0.00000 0.00000 0.00000 0.00000 0.00000 0.00000 0.00000 0.00000 0.00000 0.00000 0.00000 0.00000 0.00000 0.00000 0.00000 0.00000 0.00000 0.00000 0.00000 0.00000 0.00000 0.00000 0.00000 0.00000 0.00000 0.00000 0.00000 0.00000 0.00000 0.00000 0.00000 0.00000 0.00000 0.00000 0.00000 0.00000 0.00000 0.00000 0.00000 0.00000 0.00000 0.00000
0.00000 0.00000 0.00000 0.00000 0.00000 0.00000 0.00000 0.00000 0.00000 0.00000 0.00000 0.00000 0.00000 0.00000 0.00000 0.00000 0.00000 0.00000 0.00000 0.00000 0.00000 0.00000 0.00000 0.00000 0.00000 0.00000 0.00000 0.00000 0.00000 0.00000 0.00000 0.00000 0.00000 0.00000 0.00000 0.00000 0.00000 0.00000 0.00000 0.00000 0.00000 0.00000 0.00000 0.00000 0.00000 0.00000 0.00000 0.00000 0.00000 0.00000 0.00000 0.00000 0.00000 0.00000 0.00000 0.00000 0.00000 0.00000 0.00000 0.00000
0.00000 0.00000 0.00000 0.00000 0.00000 0.00000 0.00000 0.00000 0.00000 0.00000 0.00000 0.00000 0.00000 0.00000 0.00000 0.00000 0.00000 0.00000 0.00000 0.00000 0.00000 0.00000 0.00000 0.00000 0.00000 0.00000 0.00000 0.00000 0.00000 0.00000 0.00000 0.00000 0.00000 0.00000 0.00000 0.00000 0.00000 0.00000 0.00000 0.00000 0.00000 0.00000 0.00000 0.00000 0.00000 0.00000 0.00000 0.00000 0.00000 0.00000 0.00000 0.00000 0.00000 0.00000 0.00000 0.00000 0.00000 0.00000 0.00000 0.00000
0.00000 0.00000 0.00000 0.00000 0.00000 0.00000 0.00000 0.00000 0.00000 0.00000 0.00000 0.00000 0.00000 0.00000 0.00000 0.00000 0.00000 0.00000 0.00000 0.00000 0.00000 0.00000 0.00000 0.00000 0.00000 0.00000 0.00000 0.00000 0.00000 0.00000 0.00000 0.00000 0.00000 0.00000 0.00000 0.00000 0.00000 0.00000 0.00000 0.00000 0.00000 0.00000 0.00000 0.00000 0.00000 0.00000 0.00000 0.00000 0.00000 0.00000 0.00000 0.00000 0.00000 0.00000 0.00000 0.00000 0.00000 0.00000 0.00000 0.00000
0.00000 0.00000 0.00000 0.00000 0.00000 0.00000 0.00000 0.00000 0.00000 0.00000 0.00000 0.00000 0.00000 0.00000 0.00000 0.00000 0.00000 0.00000 0.00000 0.00000 0.00000 0.00000 0.00000 0.00000 0.00000 0.00000 0.00000 0.00000 0.00000 0.00000 0.00000 0.00000 0.00000 0.00000 0.00000 0.00000 0.00000 0.00000 0.00000 0.00000 0.00000 0.00000 0.00000 0.00000 0.00000 0.00000 0.00000 0.00000 0.00000 0.00000 0.00000 0.00000 0.00000 0.00000 0.00000 0.00000 0.00000 0.00000 0.00000 0.00000
0.00000 0.00000 0.00000 0.00000 0.00000 0.00000 0.00000 0.00000 0.00000 0.00000 0.00000 0.00000 0.00000 0.00000 0.00000 0.00000 0.00000 0.00000 0.00000 0.00000 0.00000 0.00000 0.00000 0.00000 0.00000 0.00000 0.00000 0.00000 0.00000 0.00000 0.00000 0.00000 0.00000 0.00000 0.00000 0.00000 0.00000 0.00000 0.00000 0.00000 0.00000 0.00000 0.00000 0.00000 0.00000 0.00000 0.00000 0.00000 0.00000 0.00000 0.00000 0.00000 0.00000 0.00000 0.00000 0.00000 0.00000 0.00000 0.00000 0.00000
0.00000 0.00000 0.00000 0.00000 0.00000 0.00000 0.00000 0.00000 0.00000 0.00000 0.00000 0.00000 0.00000 0.00000 0.00000 0.00000 0.00000 0.00000 0.00000 0.00000 0.00000 0.00000 0.00000 0.00000 0.00000 0.00000 0.00000 0.00000 0.00000 0.00000 0.00000 0.00000 0.00000 0.00000 0.00000 0.00000 0.00000 0.00000 0.00000 0.00000 0.00000 0.00000 0.00000 0.00000 0.00000 0.00000 0.00000 0.00000 0.00000 0.00000 0.00000 0.00000 0.00000 0.00000 0.00000 0.00000 0.00000 0.00000 0.00000 0.00000
0.00000 0.00000 0.00000 0.00000 0.00000 0.00000 0.00000 0.00000 0.00000 0.00000 0.00000 0.00000 0.00000 0.00000 0.00000 0.00000 0.00000 0.00000 0.00000 0.00000 0.00000 0.00000 0.00000 0.00000 0.00000 0.00000 0.00000 0.00000 0.00000 0.00000 0.00000 0.00000 0.00000 0.00000 0.00000 0.00000 0.00000 0.00000 0.00000 0.00000 0.00000 0.00000 0.00000 0.00000 0.00000 0.00000 0.00000 0.00000 0.00000 0.00000 0.00000 0.00000 0.00000 0.00000 0.00000 0.00000 0.00000 0.00000 0.00000 0.00000
0.00000 0.00000 0.00000 0.00000 0.00000 0.00000 0.00000 0.00000 0.00000 0.00000 0.00000 0.00000 0.00000 0.00000 0.00000 0.00000 0.00000 0.00000 0.00000 0.00000 0.00000 0.00000 0.00000 0.00000 0.00000 0.00000 0.00000 0.00000 0.00000 0.00000 0.00000 0.00000 0.00000 0.00000 0.00000 0.00000 0.00000 0.00000 0.00000 0.00000 0.00000 0.00000 0.00000 0.00000 0.00000 0.00000 0.00000 0.00000 0.00000 0.00000 0.00000 0.00000 0.00000 0.00000 0.00000 0.00000 0.00000 0.00000 0.00000 0.00000
0.00000 0.00000 0.00000 0.00000 0.00000 0.00000 0.00000 0.00000 0.00000 0.00000 0.00000 0.00000 0.00000 0.00000 0.00000 0.00000 0.00000 0.00000 0.00000 0.00000 0.00000 0.00000 0.00000 0.00000 0.00000 0.00000 0.00000 0.00000 0.00000 0.00000 0.00000 0.00000 0.00000 0.00000 0.00000 0.00000 0.00000 0.00000 0.00000 0.00000 0.00000 0.00000 0.00000 0.00000 0.00000 0.00000 0.00000 0.00000 0.00000 0.00000 0.00000 0.00000 0.00000 0.00000 0.00000 0.00000 0.00000 0.00000 0.00000 0.00000
0.00000 0.00000 0.00000 0.00000 0.00000 0.00000 0.00000 0.00000 0.00000 0.00000 0.00000 0.00000 0.00000 0.00000 0.00000 0.00000 0.00000 0.00000 0.00000 0.00000 0.00000 0.00000 0.00000 0.00000 0.00000 0.00000 0.00000 0.00000 0.00000 0.00000 0.00000 0.00000 0.00000 0.00000 0.00000 0.00000 0.00000 0.00000 0.00000 0.00000 0.00000 0.00000 0.00000 0.00000 0.00000 0.00000 0.00000 0.00000 0.00000 0.00000 0.00000 0.00000 0.00000 0.00000 0.00000 0.00000 0.00000 0.00000 0.00000 0.00000
0.00000 0.00000 0.00000 0.00000 0.00000 0.00000 0.00000 0.00000 0.00000 0.00000 0.00000 0.00000 0.00000 0.00000 0.00000 0.00000 0.00000 0.00000 0.00000 0.00000 0.00000 0.00000 0.00000 0.00000 0.00000 0.00000 0.00000 0.00000 0.00000 0.00000 0.00000 0.00000 0.00000 0.00000 0.00000 0.00000 0.00000 0.00000 0.00000 0.00000 0.00000 0.00000 0.00000 0.00000 0.00000 0.00000 0.00000 0.00000 0.00000 0.00000 0.00000 0.00000 0.00000 0.00000 0.00000 0.00000 0.00000 0.00000 0.00000 0.00000
0.00000 0.00000 0.00000 0.00000 0.00000 0.00000 0.00000 0.00000 0.00000 0.00000 0.00000 0.00000 0.00000 0.00000 0.00000 0.00000 0.00000 0.00000 0.00000 0.00000 0.00000 0.00000 0.00000 0.00000 0.00000 0.00000 0.00000 0.00000 0.00000 0.00000 0.00000 0.00000 0.00000 0.00000 0.00000 0.00000 0.00000 0.00000 0.00000 0.00000 0.00000 0.00000 0.00000 0.00000 0.00000 0.00000 0.00000 0.00000 0.00000 0.00000 0.00000 0.00000 0.00000 0.00000 0.00000 0.00000 0.00000 0.00000 0.00000 0.00000
0.00000 0.00000 0.00000 0.00000 0.00000 0.00000 0.00000 0.00000 0.00000 0.00000 0.00000 0.00000 0.00000 0.00000 0.00000 0.00000 0.00000 0.00000 0.00000 0.00000 0.00000 0.00000 0.00000 0.00000 0.00000 0.00000 0.00000 0.00000 0.00000 0.00000 0.00000 0.00000 0.00000 0.00000 0.00000 0.00000 0.00000 0.00000 0.00000 0.00000 0.00000 0.00000 0.00000 0.00000 0.00000 0.00000 0.00000 0.00000 0.00000 0.00000 0.00000 0.00000 0.00000 0.00000 0.00000 0.00000 0.00000 0.00000 0.00000 0.00000
0.00000 0.00000 0.00000 0.00000 0.00000 0.00000 0.00000 0.00000 0.00000 0.00000 0.00000 0.00000 0.00000 0.00000 0.00000 0.00000 0.00000 0.00000 0.00000 0.00000 0.00000 0.00000 0.00000 0.00000 0.00000 0.00000 0.00000 0.00000 0.00000 0.00000 0.00000 0.00000 0.00000 0.00000 0.00000 0.00000 0.00000 0.00000 0.00000 0.00000 0.00000 0.00000 0.00000 0.00000 0.00000 0.00000 0.00000 0.00000 0.00000 0.00000 0.00000 0.00000 0.00000 0.00000 0.00000 0.00000 0.00000 0.00000 0.00000 0.00000
0.00000 0.00000 0.00000 0.00000 0.00000 0.00000 0.00000 0.00000 0.00000 0.00000 0.00000 0.00000 0.00000 0.00000 0.00000 0.00000 0.00000 0.00000 0.00000 0.00000 0.00000 0.00000 0.00000 0.00000 0.00000 0.00000 0.00000 0.00000 0.00000 0.00000 0.00000 0.00000 0.00000 0.00000 0.00000 0.00000 0.00000 0.00000 0.00000 0.00000 0.00000 0.00000 0.00000 0.00000 0.00000 0.00000 0.00000 0.00000 0.00000 0.00000 0.00000 0.00000 0.00000 0.00000 0.00000 0.00000 0.00000 0.00000 0.00000 0.00000
0.00000 0.00000 0.00000 0.00000 0.00000 0.00000 0.00000 0.00000 0.00000 0.00000 0.00000 0.00000 0.00000 0.00000 0.00000 0.00000 0.00000 0.00000 0.00000 0.00000 0.00000 0.00000 0.00000 0.00000 0.00000 0.00000 0.00000 0.00000 0.00000 0.00000 0.00000 0.00000 0.00000 0.00000 0.00000 0.00000 0.00000 0.00000 0.00000 0.00000 0.00000 0.00000 0.00000 0.00000 0.00000 0.00000 0.00000 0.00000 0.00000 0.00000 0.00000 0.00000 0.00000 0.00000 0.00000 0.00000 0.00000 0.00000 0.00000 0.00000
0.00000 0.00000 0.00000 0.00000 0.00000 0.00000 0.00000 0.00000 0.00000 0.00000 0.00000 0.00000 0.00000 0.00000 0.00000 0.00000 0.00000 0.00000 0.00000 0.00000 0.00000 0.00000 0.00000 0.00000 0.00000 0.00000 0.00000 0.00000 0.00000 0.00000 0.00000 0.00000 0.00000 0.00000 0.00000 0.00000 0.00000 0.00000 0.00000 0.00000 0.00000 0.00000 0.00000 0.00000 0.00000 0.00000 0.00000 0.00000 0.00000 0.00000 0.00000 0.00000 0.00000 0.00000 0.00000 0.00000 0.00000 0.00000 0.00000 0.00000
0.00000 0.00000 0.00000 0.00000 0.00000 0.00000 0.00000 0.00000 0.00000 0.00000 0.00000 0.00000 0.00000 0.00000 0.00000 0.00000 0.00000 0.00000 0.00000 0.00000 0.00000 0.00000 0.00000 0.00000 0.00000 0.00000 0.00000 0.00000 0.00000 0.00000 0.00000 0.00000 0.00000 0.00000 0.00000 0.00000 0.00000 0.00000 0.00000 0.00000 0.00000 0.00000 0.00000 0.00000 0.00000 0.00000 0.00000 0.00000 0.00000 0.00000 0.00000 0.00000 0.00000 0.00000 0.00000 0.00000 0.00000 0.00000 0.00000 0.00000
