0.05213 0.05652 0.06014 0.06316 0.06532 0.06676 0.06226 0.06079 0.05393 0.05246 0.04565 0.04354 0.03788 0.03505 0.03190 0.02858 0.02839 0.02647 0.02837 0.02494 0.02572 0.02381 0.02555 0.02166 0.02266 0.01934 0.01901 0.01316 0.01406 0.00919 0.00930 0.00553 0.00477 0.00262 0.00097 0.00000 0.00000 0.00000 0.00000 0.00000 0.00000 0.00000 0.00000 0.00000 0.00000 0.00073 0.00220 0.00349 0.00470 0.00574 0.00783 0.00772 0.00919 0.00982 0.00955 0.01027 0.01041 0.00957 0.00684 0.01164 0.01137 0.01355 0.00783 0.01313 0.01352 0.01808 0.00685 0.00882 0.00824 0.00991 0.00247 0.00422 0.00253 0.00249 0.00027 0.00048 0.00134 0.00264 0.00222 0.00254
0.05316 0.05751 0.05783 0.06149 0.06397 0.06666 0.05954 0.05836 0.05647 0.05395 0.04680 0.04588 0.04345 0.03951 0.03556 0.03371 0.03478 0.03194 0.03161 0.02960 0.03135 0.02859 0.02918 0.02589 0.02735 0.02356 0.02285 0.01655 0.01574 0.01148 0.01099 0.00723 0.00556 0.00300 0.00107 0.00000 0.00000 0.00000 0.00000 0.00000 0.00000 0.00000 0.00000 0.00000 0.00000 0.00082 0.00261 0.00406 0.00490 0.00610 0.00878 0.00985 0.01002 0.00881 0.01162 0.01280 0.01270 0.01281 0.00958 0.01108 0.01267 0.01572 0.00952 0.01234 0.01369 0.01581 0.00816 0.00890 0.00809 0.00804 0.00392 0.00391 0.00262 0.00191 0.00042 0.00045 0.00136 0.00232 0.00280 0.00294
0.05575 0.05892 0.05891 0.06225 0.06566 0.06776 0.05994 0.05998 0.05836 0.05766 0.04974 0.04959 0.04789 0.04464 0.03987 0.03873 0.04076 0.03722 0.03520 0.03408 0.03729 0.03295 0.03254 0.03093 0.03223 0.02717 0.02611 0.02006 0.01810 0.01323 0.01251 0.00858 0.00661 0.00336 0.00114 0.00000 0.00000 0.00000 0.00000 0.00000 0.00000 0.00000 0.00000 0.00000 0.00000 0.00094 0.00291 0.00462 0.00576 0.00711 0.00952 0.01167 0.01140 0.00988 0.01394 0.01444 0.01186 0.01443 0.01441 0.01188 0.01084 0.01456 0.01361 0.01502 0.01145 0.01198 0.01143 0.01192 0.00698 0.00554 0.00564 0.00534 0.00219 0.00129 0.00063 0.00063 0.00110 0.00160 0.00280 0.00371
0.05737 0.05871 0.05879 0.06413 0.06335 0.06179 0.06029 0.06147 0.05680 0.05635 0.05556 0.05292 0.04938 0.04804 0.04769 0.04445 0.04367 0.04160 0.04242 0.03984 0.04031 0.03700 0.03720 0.03590 0.03731 0.03103 0.02816 0.02351 0.02173 0.01593 0.01316 0.00978 0.00735 0.00409 0.00124 0.00000 0.00000 0.00000 0.00000 0.00000 0.00000 0.00000 0.00000 0.00000 0.00000 0.00103 0.00275 0.00467 0.00723 0.00880 0.00890 0.00964 0.01319 0.01514 0.01594 0.01289 0.01276 0.01513 0.01722 0.01708 0.01089 0.01219 0.01622 0.01772 0.00936 0.01108 0.01291 0.01175 0.00576 0.00598 0.00601 0.00514 0.00192 0.00127 0.00062 0.00068 0.00113 0.00169 0.00317 0.00416
0.05533 0.05978 0.06056 0.06248 0.05966 0.06132 0.06434 0.06488 0.05734 0.05853 0.05972 0.05834 0.05201 0.05193 0.05378 0.05087 0.04674 0.04544 0.04908 0.04588 0.04338 0.04129 0.04339 0.04070 0.04069 0.03557 0.03165 0.02623 0.02394 0.01850 0.01480 0.01037 0.00788 0.00471 0.00154 0.00000 0.00000 0.00000 0.00000 0.00000 0.00000 0.00000 0.00000 0.00000 0.00000 0.00113 0.00297 0.00528 0.00825 0.01004 0.00974 0.01074 0.01436 0.01746 0.01675 0.01400 0.01585 0.01559 0.01540 0.01626 0.01528 0.01397 0.01365 0.01375 0.01278 0.01443 0.01125 0.00842 0.00772 0.00778 0.00528 0.00329 0.00271 0.00196 0.00052 0.00043 0.00136 0.00189 0.00266 0.00326
0.05929 0.06221 0.06243 0.05925 0.05898 0.06336 0.06162 0.05952 0.05858 0.05841 0.05627 0.05556 0.05489 0.05222 0.05122 0.04955 0.04930 0.04675 0.04722 0.04485 0.04401 0.04232 0.04346 0.04022 0.03914 0.03617 0.03351 0.02672 0.02266 0.01858 0.01563 0.01123 0.00725 0.00454 0.00158 0.00000 0.00000 0.00000 0.00000 0.00000 0.00000 0.00000 0.00000 0.00000 0.00000 0.00113 0.00349 0.00518 0.00641 0.00831 0.01169 0.01366 0.01251 0.01239 0.01605 0.01856 0.01817 0.01636 0.01295 0.01330 0.01862 0.01765 0.01012 0.01188 0.01773 0.01522 0.00777 0.00855 0.00968 0.00810 0.00420 0.00351 0.00344 0.00222 0.00046 0.00043 0.00173 0.00334 0.00356 0.00340
0.05041 0.05357 0.05430 0.05849 0.06169 0.06137 0.05695 0.05720 0.05979 0.05794 0.05118 0.05071 0.05210 0.04960 0.04405 0.04296 0.04569 0.04371 0.04021 0.03873 0.04103 0.03970 0.03785 0.03573 0.03575 0.03281 0.02954 0.02435 0.01980 0.01615 0.01372 0.01037 0.00694 0.00383 0.00128 0.00000 0.00000 0.00000 0.00000 0.00000 0.00000 0.00000 0.00000 0.00000 0.00000 0.00100 0.00317 0.00465 0.00553 0.00751 0.01041 0.01184 0.01203 0.01080 0.01327 0.01628 0.01759 0.01428 0.01158 0.01330 0.01492 0.01450 0.01265 0.01450 0.01441 0.01130 0.00937 0.01105 0.00866 0.00554 0.00426 0.00464 0.00299 0.00146 0.00041 0.00046 0.00146 0.00245 0.00264 0.00239
0.05173 0.05264 0.05509 0.06048 0.06225 0.05775 0.05629 0.05683 0.05443 0.05208 0.04966 0.04699 0.04536 0.04321 0.04103 0.03830 0.03880 0.03739 0.03653 0.03468 0.03571 0.03403 0.03278 0.03188 0.03231 0.02869 0.02495 0.02143 0.01887 0.01505 0.01131 0.00873 0.00659 0.00362 0.00104 0.00000 0.00000 0.00000 0.00000 0.00000 0.00000 0.00000 0.00000 0.00000 0.00000 0.00078 0.00231 0.00423 0.00627 0.00739 0.00724 0.00806 0.01205 0.01358 0.01110 0.01206 0.01327 0.01334 0.01510 0.01533 0.01099 0.01118 0.01660 0.01567 0.00983 0.01100 0.01324 0.01071 0.00609 0.00583 0.00616 0.00485 0.00261 0.00144 0.00055 0.00069 0.00163 0.00223 0.00319 0.00579
0.04540 0.04992 0.05197 0.05430 0.05555 0.05741 0.05988 0.05549 0.05027 0.04824 0.04898 0.04556 0.03937 0.03728 0.03738 0.03518 0.03184 0.03107 0.03306 0.03216 0.02941 0.02846 0.02904 0.02867 0.02785 0.02480 0.02147 0.01847 0.01616 0.01323 0.00963 0.00730 0.00522 0.00317 0.00103 0.00000 0.00000 0.00000 0.00000 0.00000 0.00000 0.00000 0.00000 0.00000 0.00000 0.00069 0.00196 0.00354 0.00535 0.00591 0.00631 0.00743 0.00865 0.01084 0.01278 0.01052 0.00928 0.01110 0.01393 0.01353 0.01053 0.01221 0.01435 0.01249 0.01140 0.01422 0.01228 0.00776 0.00619 0.00816 0.00598 0.00325 0.00196 0.00166 0.00058 0.00050 0.00097 0.00153 0.00273 0.00367
0.04626 0.05010 0.05228 0.05273 0.05644 0.05997 0.05676 0.05177 0.04856 0.04589 0.04334 0.04032 0.03657 0.03265 0.03075 0.02883 0.02793 0.02620 0.02721 0.02624 0.02538 0.02424 0.02450 0.02341 0.02284 0.02125 0.01890 0.01562 0.01303 0.01074 0.00932 0.00681 0.00412 0.00256 0.00092 0.00000 0.00000 0.00000 0.00000 0.00000 0.00000 0.00000 0.00000 0.00000 0.00000 0.00066 0.00205 0.00289 0.00354 0.00456 0.00688 0.00835 0.00636 0.00689 0.01096 0.01050 0.00895 0.01164 0.01096 0.01015 0.01441 0.01448 0.00942 0.01079 0.01599 0.01419 0.00828 0.00820 0.00903 0.00724 0.00473 0.00339 0.00250 0.00193 0.00059 0.00045 0.00116 0.00323 0.00423 0.00482
0.03718 0.04193 0.04607 0.05248 0.05793 0.05675 0.05252 0.04951 0.04989 0.04426 0.03842 0.03523 0.03408 0.02982 0.02435 0.02262 0.02411 0.02326 0.02079 0.02044 0.02140 0.02115 0.01937 0.01860 0.01880 0.01759 0.01557 0.01286 0.01006 0.00876 0.00716 0.00551 0.00369 0.00213 0.00065 0.00000 0.00000 0.00000 0.00000 0.00000 0.00000 0.00000 0.00000 0.00000 0.00000 0.00054 0.00148 0.00218 0.00289 0.00400 0.00510 0.00552 0.00652 0.00642 0.00615 0.00792 0.01066 0.01059 0.00769 0.00881 0.01261 0.01261 0.01026 0.01300 0.01495 0.01086 0.00889 0.01144 0.00914 0.00529 0.00381 0.00487 0.00328 0.00127 0.00036 0.00042 0.00158 0.00231 0.00185 0.00183
0.03735 0.04189 0.04701 0.05401 0.05667 0.05496 0.05158 0.04925 0.04539 0.04061 0.03583 0.03164 0.02855 0.02452 0.01999 0.01731 0.01803 0.01759 0.01673 0.01569 0.01631 0.01576 0.01527 0.01496 0.01466 0.01297 0.01164 0.01016 0.00897 0.00686 0.00520 0.00403 0.00320 0.00170 0.00047 0.00000 0.00000 0.00000 0.00000 0.00000 0.00000 0.00000 0.00000 0.00000 0.00000 0.00037 0.00103 0.00176 0.00292 0.00366 0.00305 0.00362 0.00566 0.00594 0.00446 0.00628 0.00856 0.00770 0.00868 0.01127 0.00963 0.00948 0.01451 0.01465 0.00921 0.01054 0.01294 0.01023 0.00649 0.00552 0.00524 0.00434 0.00308 0.00131 0.00035 0.00060 0.00181 0.00223 0.00284 0.00484
0.03440 0.04013 0.04459 0.04882 0.05230 0.05474 0.05337 0.04691 0.04117 0.03713 0.03487 0.02878 0.02309 0.01902 0.01597 0.01322 0.01198 0.01184 0.01272 0.01226 0.01071 0.01057 0.01115 0.01117 0.01038 0.00916 0.00809 0.00726 0.00623 0.00494 0.00361 0.00298 0.00198 0.00119 0.00042 0.00000 0.00000 0.00000 0.00000 0.00000 0.00000 0.00000 0.00000 0.00000 0.00000 0.00025 0.00075 0.00135 0.00191 0.00209 0.00245 0.00292 0.00322 0.00377 0.00463 0.00488 0.00485 0.00599 0.00913 0.01042 0.00798 0.00879 0.01303 0.01239 0.01048 0.01368 0.01254 0.00779 0.00615 0.00869 0.00626 0.00296 0.00201 0.00168 0.00064 0.00042 0.00092 0.00138 0.00290 0.00310
0.03270 0.03810 0.04232 0.04730 0.05302 0.05695 0.05046 0.04418 0.03910 0.03497 0.03041 0.02496 0.01922 0.01436 0.01031 0.00788 0.00729 0.00695 0.00739 0.00719 0.00665 0.00647 0.00660 0.00620 0.00617 0.00603 0.00521 0.00404 0.00351 0.00308 0.00262 0.00172 0.00109 0.00074 0.00025 0.00000 0.00000 0.00000 0.00000 0.00000 0.00000 0.00000 0.00000 0.00000 0.00000 0.00016 0.00055 0.00085 0.00091 0.00119 0.00184 0.00208 0.00156 0.00198 0.00292 0.00324 0.00337 0.00627 0.00766 0.00698 0.00967 0.01198 0.00862 0.00978 0.01628 0.01456 0.00758 0.00778 0.00907 0.00712 0.00483 0.00314 0.00212 0.00179 0.00064 0.00039 0.00092 0.00258 0.00372 0.00427
0.02831 0.03383 0.03924 0.04740 0.05446 0.05342 0.04678 0.04296 0.03933 0.03198 0.02565 0.02080 0.01633 0.01017 0.00483 0.00250 0.00264 0.00245 0.00222 0.00223 0.00239 0.00231 0.00202 0.00198 0.00209 0.00201 0.00170 0.00134 0.00116 0.00101 0.00078 0.00058 0.00044 0.00025 0.00007 0.00000 0.00000 0.00000 0.00000 0.00000 0.00000 0.00000 0.00000 0.00000 0.00000 0.00006 0.00016 0.00023 0.00032 0.00044 0.00053 0.00059 0.00069 0.00071 0.00071 0.00159 0.00366 0.00496 0.00471 0.00578 0.00972 0.01173 0.00880 0.01019 0.01478 0.01195 0.00842 0.01065 0.00935 0.00543 0.00385 0.00499 0.00344 0.00117 0.00038 0.00041 0.00170 0.00202 0.00141 0.00067
0.02544 0.03229 0.03853 0.04596 0.04983 0.04932 0.04456 0.04157 0.03539 0.02855 0.02289 0.01806 0.01310 0.00763 0.00234 0.00012 0.00038 0.00063 0.00077 0.00099 0.00128 0.00145 0.00153 0.00181 0.00200 0.00192 0.00190 0.00208 0.00198 0.00166 0.00162 0.00178 0.00176 0.00149 0.00138 0.00157 0.00154 0.00129 0.00123 0.00140 0.00137 0.00110 0.00109 0.00121 0.00124 0.00101 0.00079 0.00073 0.00075 0.00059 0.00035 0.00029 0.00026 0.00014 0.00003 0.00078 0.00268 0.00345 0.00414 0.00739 0.00791 0.00728 0.01157 0.01329 0.00876 0.00927 0.01301 0.01054 0.00547 0.00468 0.00512 0.00423 0.00288 0.00114 0.00033 0.00051 0.00163 0.00162 0.00208 0.00307
0.02337 0.02913 0.03397 0.03837 0.04251 0.04465 0.04120 0.03528 0.02960 0.02593 0.02184 0.01581 0.01089 0.00666 0.00230 0.00037 0.00103 0.00179 0.00260 0.00305 0.00343 0.00411 0.00506 0.00566 0.00562 0.00559 0.00586 0.00587 0.00554 0.00504 0.00529 0.00521 0.00468 0.00449 0.00485 0.00469 0.00396 0.00382 0.00426 0.00420 0.00346 0.00331 0.00367 0.00373 0.00321 0.00276 0.00258 0.00239 0.00201 0.00152 0.00120 0.00094 0.00064 0.00040 0.00014 0.00068 0.00177 0.00312 0.00520 0.00660 0.00565 0.00638 0.01020 0.01148 0.00892 0.00920 0.01064 0.00756 0.00493 0.00602 0.00524 0.00263 0.00180 0.00132 0.00053 0.00034 0.00077 0.00110 0.00249 0.00247
0.02141 0.02517 0.02875 0.03364 0.03854 0.04086 0.03539 0.03017 0.02633 0.02339 0.01897 0.01385 0.00951 0.00577 0.00198 0.00064 0.00169 0.00286 0.00425 0.00533 0.00549 0.00681 0.00834 0.00874 0.00925 0.01040 0.00987 0.00886 0.00869 0.00947 0.00905 0.00770 0.00742 0.00823 0.00802 0.00679 0.00651 0.00731 0.00710 0.00586 0.00570 0.00644 0.00637 0.00524 0.00494 0.00513 0.00498 0.00387 0.00275 0.00246 0.00244 0.00167 0.00091 0.00061 0.00024 0.00060 0.00141 0.00320 0.00459 0.00436 0.00548 0.00834 0.00751 0.00681 0.01128 0.01148 0.00546 0.00488 0.00706 0.00594 0.00295 0.00210 0.00172 0.00137 0.00044 0.00024 0.00065 0.00156 0.00223 0.00208
0.01767 0.02087 0.02466 0.02953 0.03365 0.03313 0.02947 0.02690 0.02354 0.01912 0.01533 0.01231 0.00896 0.00488 0.00153 0.00088 0.00268 0.00397 0.00526 0.00722 0.00905 0.00975 0.01033 0.01179 0.01400 0.01422 0.01304 0.01219 0.01294 0.01272 0.01154 0.01091 0.01170 0.01141 0.00990 0.00945 0.01041 0.01019 0.00856 0.00817 0.00914 0.00913 0.00765 0.00716 0.00776 0.00759 0.00624 0.00489 0.00426 0.00376 0.00292 0.00221 0.00156 0.00087 0.00026 0.00053 0.00177 0.00260 0.00284 0.00386 0.00596 0.00723 0.00575 0.00604 0.00919 0.00936 0.00570 0.00491 0.00556 0.00406 0.00256 0.00227 0.00207 0.00084 0.00024 0.00025 0.00099 0.00126 0.00096 0.00070
0.01476 0.01866 0.02198 0.02488 0.02742 0.02753 0.02517 0.02324 0.01978 0.01563 0.01287 0.01040 0.00746 0.00416 0.00130 0.00108 0.00337 0.00552 0.00663 0.00869 0.01152 0.01288 0.01341 0.01534 0.01738 0.01712 0.01669 0.01719 0.01653 0.01474 0.01442 0.01549 0.01487 0.01295 0.01251 0.01372 0.01335 0.01128 0.01089 0.01213 0.01193 0.00984 0.00942 0.01053 0.01072 0.00869 0.00697 0.00667 0.00642 0.00470 0.00331 0.00272 0.00225 0.00113 0.00031 0.00046 0.00152 0.00192 0.00236 0.00437 0.00488 0.00405 0.00564 0.00781 0.00640 0.00462 0.00692 0.00617 0.00319 0.00234 0.00297 0.00277 0.00130 0.00055 0.00019 0.00028 0.00083 0.00061 0.00090 0.00116
0.01217 0.01487 0.01700 0.01933 0.02240 0.02298 0.02056 0.01781 0.01555 0.01355 0.01093 0.00805 0.00561 0.00354 0.00120 0.00129 0.00366 0.00670 0.00937 0.01051 0.01252 0.01532 0.01805 0.01936 0.01936 0.02039 0.02159 0.02072 0.01865 0.01790 0.01910 0.01876 0.01660 0.01574 0.01696 0.01669 0.01434 0.01363 0.01509 0.01486 0.01259 0.01199 0.01307 0.01315 0.01169 0.01013 0.00946 0.00864 0.00698 0.00546 0.00447 0.00350 0.00226 0.00139 0.00050 0.00036 0.00096 0.00165 0.00269 0.00331 0.00290 0.00353 0.00517 0.00627 0.00483 0.00415 0.00505 0.00487 0.00297 0.00202 0.00238 0.00174 0.00093 0.00052 0.00024 0.00019 0.00038 0.00060 0.00115 0.00138
0.00963 0.01114 0.01275 0.01542 0.01766 0.01771 0.01571 0.01355 0.01192 0.01066 0.00860 0.00612 0.00431 0.00267 0.00090 0.00161 0.00432 0.00730 0.01087 0.01356 0.01482 0.01707 0.02057 0.02261 0.02423 0.02435 0.02435 0.02306 0.02249 0.02264 0.02201 0.01994 0.01948 0.02066 0.01987 0.01745 0.01683 0.01825 0.01799 0.01540 0.01462 0.01585 0.01589 0.01369 0.01280 0.01316 0.01210 0.00934 0.00747 0.00672 0.00583 0.00387 0.00252 0.00170 0.00061 0.00026 0.00068 0.00145 0.00218 0.00196 0.00235 0.00404 0.00394 0.00307 0.00425 0.00544 0.00356 0.00210 0.00287 0.00273 0.00148 0.00080 0.00080 0.00064 0.00017 0.00009 0.00029 0.00065 0.00085 0.00054
0.00619 0.00760 0.00944 0.01097 0.01198 0.01206 0.01123 0.01008 0.00857 0.00705 0.00581 0.00468 0.00335 0.00181 0.00057 0.00190 0.00564 0.00820 0.01130 0.01546 0.01874 0.02034 0.02176 0.02507 0.02911 0.02935 0.02544 0.02577 0.02766 0.02645 0.02345 0.02255 0.02414 0.02397 0.02083 0.01965 0.02159 0.02129 0.01800 0.01724 0.01875 0.01859 0.01624 0.01532 0.01619 0.01561 0.01289 0.01032 0.00922 0.00802 0.00594 0.00438 0.00338 0.00196 0.00055 0.00019 0.00064 0.00101 0.00116 0.00147 0.00222 0.00260 0.00218 0.00243 0.00325 0.00382 0.00235 0.00166 0.00183 0.00193 0.00109 0.00058 0.00062 0.00039 0.00009 0.00008 0.00032 0.00047 0.00043 0.00040
0.00382 0.00493 0.00577 0.00629 0.00704 0.00737 0.00671 0.00598 0.00516 0.00413 0.00340 0.00276 0.00198 0.00110 0.00035 0.00200 0.00629 0.01019 0.01257 0.01606 0.02070 0.02399 0.02601 0.02732 0.03105 0.03277 0.03143 0.02876 0.02945 0.02858 0.02756 0.02727 0.02660 0.02446 0.02369 0.02475 0.02436 0.02166 0.02032 0.02141 0.02171 0.01918 0.01782 0.01886 0.01919 0.01615 0.01347 0.01282 0.01115 0.00814 0.00645 0.00548 0.00396 0.00196 0.00061 0.00013 0.00041 0.00050 0.00062 0.00112 0.00143 0.00106 0.00130 0.00215 0.00209 0.00124 0.00137 0.00168 0.00117 0.00059 0.00066 0.00069 0.00038 0.00012 0.00005 0.00007 0.00020 0.00013 0.00023 0.00021
0.00124 0.00154 0.00173 0.00202 0.00244 0.00247 0.00216 0.00189 0.00169 0.00146 0.00120 0.00087 0.00060 0.00039 0.00013 0.00216 0.00634 0.01136 0.01569 0.01761 0.02137 0.02576 0.03013 0.03260 0.03248 0.03447 0.03682 0.03485 0.03046 0.03035 0.03203 0.03150 0.02828 0.02621 0.02858 0.02847 0.02367 0.02288 0.02554 0.02491 0.02068 0.02035 0.02180 0.02192 0.01974 0.01701 0.01592 0.01476 0.01156 0.00875 0.00783 0.00626 0.00373 0.00207 0.00084 0.00004 0.00010 0.00017 0.00029 0.00036 0.00033 0.00040 0.00055 0.00062 0.00055 0.00050 0.00051 0.00054 0.00035 0.00023 0.00021 0.00022 0.00011 0.00005 0.00002 0.00002 0.00004 0.00007 0.00010 0.00013
0.00000 0.00000 0.00000 0.00000 0.00000 0.00000 0.00000 0.00000 0.00000 0.00000 0.00000 0.00000 0.00000 0.00000 0.00000 0.00247 0.00660 0.01092 0.01643 0.02039 0.02227 0.02559 0.03017 0.03463 0.03684 0.03451 0.03533 0.03692 0.03408 0.03018 0.03107 0.03077 0.02914 0.02782 0.02772 0.02651 0.02464 0.02448 0.02573 0.02397 0.02170 0.02175 0.02322 0.02129 0.01940 0.01969 0.01783 0.01361 0.01143 0.01073 0.00845 0.00549 0.00394 0.00268 0.00088 0.00000 0.00000 0.00000 0.00000 0.00000 0.00000 0.00000 0.00000 0.00000 0.00000 0.00000 0.00000 0.00000 0.00000 0.00000 0.00000 0.00000 0.00000 0.00000 0.00000 0.00000 0.00000 0.00000 0.00000 0.00000
0.00000 0.00000 0.00000 0.00000 0.00000 0.00000 0.00000 0.00000 0.00000 0.00000 0.00000 0.00000 0.00000 0.00000 0.00000 0.00247 0.00732 0.01064 0.01486 0.02017 0.02404 0.02626 0.02862 0.03248 0.03748 0.03763 0.03349 0.03246 0.03364 0.03210 0.02904 0.02643 0.02737 0.02725 0.02333 0.02171 0.02526 0.02478 0.01984 0.02047 0.02364 0.02307 0.02000 0.01928 0.02030 0.02086 0.01696 0.01283 0.01200 0.01101 0.00755 0.00513 0.00451 0.00276 0.00067 0.00000 0.00000 0.00000 0.00000 0.00000 0.00000 0.00000 0.00000 0.00000 0.00000 0.00000 0.00000 0.00000 0.00000 0.00000 0.00000 0.00000 0.00000 0.00000 0.00000 0.00000 0.00000 0.00000 0.00000 0.00000
0.00000 0.00000 0.00000 0.00000 0.00000 0.00000 0.00000 0.00000 0.00000 0.00000 0.00000 0.00000 0.00000 0.00000 0.00000 0.00226 0.00733 0.01176 0.01434 0.01843 0.02382 0.02742 0.02935 0.03097 0.03509 0.03798 0.03518 0.03001 0.03008 0.03107 0.02804 0.02423 0.02407 0.02436 0.02138 0.01909 0.02131 0.02255 0.01993 0.01841 0.02165 0.02220 0.01932 0.01880 0.02134 0.01863 0.01555 0.01530 0.01247 0.00874 0.00747 0.00658 0.00434 0.00205 0.00072 0.00000 0.00000 0.00000 0.00000 0.00000 0.00000 0.00000 0.00000 0.00000 0.00000 0.00000 0.00000 0.00000 0.00000 0.00000 0.00000 0.00000 0.00000 0.00000 0.00000 0.00000 0.00000 0.00000 0.00000 0.00000
0.00000 0.00000 0.00000 0.00000 0.00000 0.00000 0.00000 0.00000 0.00000 0.00000 0.00000 0.00000 0.00000 0.00000 0.00000 0.00222 0.00658 0.01172 0.01593 0.01807 0.02187 0.02650 0.03048 0.03311 0.03427 0.03456 0.03432 0.03244 0.02898 0.02602 0.02565 0.02506 0.02196 0.01884 0.01974 0.01949 0.01717 0.01722 0.02111 0.02078 0.01800 0.01805 0.02002 0.02159 0.02091 0.01722 0.01518 0.01565 0.01191 0.00850 0.00812 0.00688 0.00358 0.00191 0.00091 0.00000 0.00000 0.00000 0.00000 0.00000 0.00000 0.00000 0.00000 0.00000 0.00000 0.00000 0.00000 0.00000 0.00000 0.00000 0.00000 0.00000 0.00000 0.00000 0.00000 0.00000 0.00000 0.00000 0.00000 0.00000
0.00000 0.00000 0.00000 0.00000 0.00000 0.00000 0.00000 0.00000 0.00000 0.00000 0.00000 0.00000 0.00000 0.00000 0.00000 0.00243 0.00642 0.01059 0.01612 0.01972 0.02120 0.02468 0.02928 0.03349 0.03590 0.03307 0.03193 0.03203 0.02881 0.02407 0.02296 0.02324 0.01994 0.01634 0.01574 0.01739 0.01596 0.01483 0.01759 0.02020 0.01761 0.01648 0.01968 0.02087 0.01890 0.01917 0.01666 0.01225 0.01130 0.01092 0.00783 0.00480 0.00386 0.00271 0.00083 0.00000 0.00000 0.00000 0.00000 0.00000 0.00000 0.00000 0.00000 0.00000 0.00000 0.00000 0.00000 0.00000 0.00000 0.00000 0.00000 0.00000 0.00000 0.00000 0.00000 0.00000 0.00000 0.00000 0.00000 0.00000
0.00000 0.00000 0.00000 0.00000 0.00000 0.00000 0.00000 0.00000 0.00000 0.00000 0.00000 0.00000 0.00000 0.00000 0.00000 0.00241 0.00708 0.01045 0.01438 0.01962 0.02318 0.02546 0.02786 0.03137 0.03559 0.03573 0.03126 0.02784 0.02679 0.02523 0.02170 0.01809 0.01733 0.01616 0.01291 0.01174 0.01469 0.01577 0.01489 0.01501 0.01776 0.01903 0.01844 0.01747 0.01767 0.02007 0.01750 0.01249 0.01142 0.01090 0.00705 0.00470 0.00452 0.00280 0.00060 0.00000 0.00000 0.00000 0.00000 0.00000 0.00000 0.00000 0.00000 0.00000 0.00000 0.00000 0.00000 0.00000 0.00000 0.00000 0.00000 0.00000 0.00000 0.00000 0.00000 0.00000 0.00000 0.00000 0.00000 0.00000
0.00000 0.00000 0.00000 0.00000 0.00000 0.00000 0.00000 0.00000 0.00000 0.00000 0.00000 0.00000 0.00000 0.00000 0.00000 0.00218 0.00712 0.01141 0.01387 0.01780 0.02319 0.02649 0.02834 0.02986 0.03397 0.03558 0.03194 0.02632 0.02458 0.02393 0.02028 0.01609 0.01451 0.01388 0.01055 0.00910 0.01136 0.01416 0.01370 0.01343 0.01601 0.01840 0.01720 0.01696 0.01943 0.01799 0.01547 0.01549 0.01151 0.00771 0.00738 0.00651 0.00398 0.00189 0.00070 0.00000 0.00000 0.00000 0.00000 0.00000 0.00000 0.00000 0.00000 0.00000 0.00000 0.00000 0.00000 0.00000 0.00000 0.00000 0.00000 0.00000 0.00000 0.00000 0.00000 0.00000 0.00000 0.00000 0.00000 0.00000
0.00000 0.00000 0.00000 0.00000 0.00000 0.00000 0.00000 0.00000 0.00000 0.00000 0.00000 0.00000 0.00000 0.00000 0.00000 0.00215 0.00636 0.01129 0.01540 0.01799 0.02113 0.02532 0.02930 0.03233 0.03319 0.03220 0.03069 0.02808 0.02360 0.01953 0.01796 0.01614 0.01253 0.00931 0.00793 0.00806 0.00902 0.00984 0.01252 0.01434 0.01450 0.01462 0.01659 0.01904 0.01979 0.01683 0.01488 0.01453 0.01121 0.00829 0.00799 0.00634 0.00323 0.00186 0.00088 0.00000 0.00000 0.00000 0.00000 0.00000 0.00000 0.00000 0.00000 0.00000 0.00000 0.00000 0.00000 0.00000 0.00000 0.00000 0.00000 0.00000 0.00000 0.00000 0.00000 0.00000 0.00000 0.00000 0.00000 0.00000
0.00000 0.00000 0.00000 0.00000 0.00000 0.00000 0.00000 0.00000 0.00000 0.00000 0.00000 0.00000 0.00000 0.00000 0.00000 0.00236 0.00620 0.01022 0.01552 0.01909 0.02121 0.02375 0.02827 0.03226 0.03453 0.03131 0.02897 0.02714 0.02286 0.01792 0.01575 0.01415 0.01044 0.00699 0.00506 0.00546 0.00696 0.00802 0.01043 0.01308 0.01339 0.01358 0.01624 0.01831 0.01817 0.01787 0.01549 0.01207 0.01102 0.01010 0.00717 0.00459 0.00381 0.00257 0.00075 0.00000 0.00000 0.00000 0.00000 0.00000 0.00000 0.00000 0.00000 0.00000 0.00000 0.00000 0.00000 0.00000 0.00000 0.00000 0.00000 0.00000 0.00000 0.00000 0.00000 0.00000 0.00000 0.00000 0.00000 0.00000
0.00000 0.00000 0.00000 0.00000 0.00000 0.00000 0.00000 0.00000 0.00000 0.00000 0.00000 0.00000 0.00000 0.00000 0.00000 0.00232 0.00684 0.01036 0.01386 0.01833 0.02236 0.02550 0.02681 0.02958 0.03421 0.03405 0.02815 0.02341 0.02130 0.01856 0.01418 0.01027 0.00813 0.00564 0.00255 0.00228 0.00483 0.00739 0.00871 0.00977 0.01240 0.01479 0.01549 0.01574 0.01770 0.01840 0.01536 0.01241 0.01142 0.00944 0.00641 0.00496 0.00437 0.00239 0.00056 0.00000 0.00000 0.00000 0.00000 0.00000 0.00000 0.00000 0.00000 0.00000 0.00000 0.00000 0.00000 0.00000 0.00000 0.00000 0.00000 0.00000 0.00000 0.00000 0.00000 0.00000 0.00000 0.00000 0.00000 0.00000
0.00000 0.00000 0.00000 0.00000 0.00000 0.00000 0.00000 0.00000 0.00000 0.00000 0.00000 0.00000 0.00000 0.00000 0.00000 0.00200 0.00637 0.01051 0.01360 0.01628 0.02052 0.02430 0.02680 0.02724 0.03116 0.03188 0.02704 0.02158 0.01918 0.01687 0.01264 0.00879 0.00658 0.00417 0.00123 0.00110 0.00348 0.00605 0.00752 0.00865 0.01119 0.01362 0.01400 0.01466 0.01704 0.01667 0.01398 0.01262 0.01021 0.00762 0.00670 0.00561 0.00344 0.00172 0.00067 0.00004 0.00010 0.00013 0.00021 0.00036 0.00039 0.00029 0.00038 0.00063 0.00060 0.00035 0.00038 0.00052 0.00035 0.00015 0.00020 0.00019 0.00010 0.00003 0.00002 0.00002 0.00003 0.00004 0.00009 0.00015
0.00000 0.00000 0.00000 0.00000 0.00000 0.00000 0.00000 0.00000 0.00000 0.00000 0.00000 0.00000 0.00000 0.00000 0.00000 0.00186 0.00521 0.00878 0.01263 0.01568 0.01728 0.01993 0.02398 0.02685 0.02702 0.02565 0.02402 0.02125 0.01692 0.01324 0.01125 0.00894 0.00579 0.00313 0.00111 0.00115 0.00303 0.00449 0.00674 0.00895 0.00973 0.01032 0.01242 0.01444 0.01489 0.01392 0.01263 0.01087 0.00853 0.00734 0.00647 0.00445 0.00257 0.00170 0.00071 0.00011 0.00023 0.00043 0.00081 0.00090 0.00081 0.00114 0.00145 0.00136 0.00139 0.00181 0.00131 0.00082 0.00095 0.00101 0.00054 0.00029 0.00034 0.00023 0.00004 0.00003 0.00015 0.00028 0.00026 0.00015
0.00000 0.00000 0.00000 0.00000 0.00000 0.00000 0.00000 0.00000 0.00000 0.00000 0.00000 0.00000 0.00000 0.00000 0.00000 0.00172 0.00497 0.00736 0.01032 0.01387 0.01629 0.01714 0.01992 0.02333 0.02477 0.02219 0.02058 0.01861 0.01481 0.01144 0.00987 0.00790 0.00497 0.00271 0.00097 0.00100 0.00260 0.00395 0.00595 0.00776 0.00834 0.00900 0.01109 0.01265 0.01260 0.01199 0.01100 0.00924 0.00770 0.00665 0.00502 0.00350 0.00274 0.00176 0.00049 0.00014 0.00050 0.00097 0.00109 0.00101 0.00163 0.00239 0.00217 0.00169 0.00259 0.00338 0.00205 0.00109 0.00173 0.00158 0.00087 0.00035 0.00062 0.00039 0.00006 0.00005 0.00028 0.00055 0.00039 0.00038
0.00000 0.00000 0.00000 0.00000 0.00000 0.00000 0.00000 0.00000 0.00000 0.00000 0.00000 0.00000 0.00000 0.00000 0.00000 0.00135 0.00427 0.00697 0.00867 0.01092 0.01400 0.01628 0.01672 0.01816 0.02146 0.02125 0.01726 0.01436 0.01301 0.01101 0.00823 0.00595 0.00443 0.00269 0.00080 0.00073 0.00232 0.00399 0.00487 0.00563 0.00732 0.00888 0.00922 0.00957 0.01097 0.01098 0.00901 0.00799 0.00703 0.00531 0.00391 0.00334 0.00261 0.00131 0.00034 0.00021 0.00082 0.00118 0.00110 0.00165 0.00272 0.00280 0.00247 0.00324 0.00383 0.00314 0.00267 0.00312 0.00213 0.00126 0.00134 0.00129 0.00066 0.00024 0.00012 0.00014 0.00031 0.00022 0.00051 0.00091
0.00000 0.00000 0.00000 0.00000 0.00000 0.00000 0.00000 0.00000 0.00000 0.00000 0.00000 0.00000 0.00000 0.00000 0.00000 0.00111 0.00328 0.00592 0.00802 0.00904 0.01095 0.01356 0.01503 0.01515 0.01733 0.01781 0.01472 0.01188 0.01092 0.00933 0.00675 0.00485 0.00379 0.00229 0.00064 0.00060 0.00200 0.00331 0.00396 0.00472 0.00627 0.00746 0.00749 0.00778 0.00940 0.00939 0.00754 0.00630 0.00555 0.00449 0.00364 0.00281 0.00179 0.00101 0.00038 0.00033 0.00076 0.00108 0.00207 0.00304 0.00257 0.00234 0.00416 0.00521 0.00367 0.00280 0.00471 0.00440 0.00190 0.00121 0.00229 0.00169 0.00052 0.00028 0.00020 0.00022 0.00021 0.00036 0.00113 0.00188
0.00000 0.00000 0.00000 0.00000 0.00000 0.00000 0.00000 0.00000 0.00000 0.00000 0.00000 0.00000 0.00000 0.00000 0.00000 0.00100 0.00267 0.00433 0.00642 0.00811 0.00884 0.00998 0.01224 0.01368 0.01362 0.01302 0.01238 0.01072 0.00844 0.00682 0.00582 0.00442 0.00285 0.00163 0.00057 0.00056 0.00148 0.00231 0.00342 0.00443 0.00476 0.00513 0.00627 0.00720 0.00722 0.00700 0.00634 0.00527 0.00406 0.00380 0.00324 0.00206 0.00131 0.00089 0.00034 0.00035 0.00073 0.00142 0.00290 0.00327 0.00250 0.00333 0.00524 0.00536 0.00439 0.00498 0.00509 0.00355 0.00276 0.00288 0.00222 0.00119 0.00092 0.00069 0.00020 0.00012 0.00043 0.00099 0.00119 0.00096
0.00000 0.00000 0.00000 0.00000 0.00000 0.00000 0.00000 0.00000 0.00000 0.00000 0.00000 0.00000 0.00000 0.00000 0.00000 0.00079 0.00227 0.00329 0.00453 0.00627 0.00734 0.00773 0.00884 0.01039 0.01099 0.01000 0.00936 0.00830 0.00647 0.00512 0.00455 0.00348 0.00210 0.00121 0.00045 0.00044 0.00109 0.00173 0.00269 0.00342 0.00359 0.00387 0.00491 0.00570 0.00557 0.00486 0.00477 0.00432 0.00344 0.00262 0.00213 0.00166 0.00122 0.00070 0.00019 0.00036 0.00130 0.00228 0.00222 0.00248 0.00460 0.00579 0.00406 0.00414 0.00768 0.00795 0.00326 0.00264 0.00520 0.00397 0.00135 0.00101 0.00167 0.00100 0.00008 0.00012 0.00083 0.00153 0.00109 0.00162
0.00000 0.00000 0.00000 0.00000 0.00000 0.00000 0.00000 0.00000 0.00000 0.00000 0.00000 0.00000 0.00000 0.00000 0.00000 0.00050 0.00156 0.00260 0.00327 0.00402 0.00518 0.00602 0.00624 0.00669 0.00804 0.00782 0.00625 0.00536 0.00496 0.00399 0.00295 0.00225 0.00169 0.00094 0.00028 0.00028 0.00088 0.00138 0.00170 0.00211 0.00273 0.00319 0.00318 0.00343 0.00409 0.00399 0.00306 0.00291 0.00261 0.00188 0.00131 0.00122 0.00093 0.00046 0.00012 0.00041 0.00171 0.00243 0.00189 0.00287 0.00587 0.00628 0.00431 0.00511 0.00851 0.00768 0.00436 0.00443 0.00503 0.00327 0.00207 0.00199 0.00166 0.00067 0.00019 0.00026 0.00079 0.00103 0.00143 0.00203
0.00000 0.00000 0.00000 0.00000 0.00000 0.00000 0.00000 0.00000 0.00000 0.00000 0.00000 0.00000 0.00000 0.00000 0.00000 0.00029 0.00086 0.00157 0.00210 0.00240 0.00286 0.00351 0.00393 0.00409 0.00458 0.00456 0.00382 0.00319 0.00291 0.00239 0.00171 0.00130 0.00102 0.00058 0.00016 0.00016 0.00053 0.00084 0.00098 0.00120 0.00162 0.00194 0.00196 0.00188 0.00233 0.00251 0.00202 0.00143 0.00135 0.00123 0.00095 0.00065 0.00043 0.00028 0.00010 0.00052 0.00126 0.00209 0.00371 0.00496 0.00395 0.00434 0.00770 0.00863 0.00541 0.00505 0.00883 0.00693 0.00284 0.00229 0.00433 0.00302 0.00057 0.00049 0.00038 0.00039 0.00039 0.00086 0.00304 0.00479
0.00000 0.00000 0.00000 0.00000 0.00000 0.00000 0.00000 0.00000 0.00000 0.00000 0.00000 0.00000 0.00000 0.00000 0.00000 0.00011 0.00030 0.00046 0.00068 0.00087 0.00096 0.00107 0.00132 0.00146 0.00146 0.00140 0.00136 0.00114 0.00089 0.00074 0.00064 0.00046 0.00029 0.00018 0.00006 0.00006 0.00015 0.00026 0.00038 0.00044 0.00047 0.00056 0.00069 0.00075 0.00069 0.00073 0.00070 0.00055 0.00040 0.00039 0.00034 0.00021 0.00012 0.00009 0.00004 0.00058 0.00114 0.00209 0.00510 0.00571 0.00320 0.00434 0.00920 0.00985 0.00568 0.00583 0.00920 0.00700 0.00346 0.00324 0.00432 0.00248 0.00108 0.00090 0.00038 0.00033 0.00076 0.00136 0.00221 0.00328
0.00000 0.00000 0.00000 0.00000 0.00000 0.00000 0.00000 0.00000 0.00000 0.00000 0.00000 0.00000 0.00000 0.00000 0.00000 0.00000 0.00000 0.00000 0.00000 0.00000 0.00000 0.00000 0.00000 0.00000 0.00000 0.00000 0.00000 0.00000 0.00000 0.00000 0.00000 0.00000 0.00000 0.00000 0.00000 0.00000 0.00000 0.00000 0.00000 0.00000 0.00000 0.00000 0.00000 0.00000 0.00000 0.00000 0.00000 0.00000 0.00000 0.00000 0.00000 0.00000 0.00000 0.00000 0.00000 0.00057 0.00176 0.00274 0.00325 0.00410 0.00618 0.00725 0.00595 0.00619 0.01047 0.00994 0.00522 0.00415 0.00740 0.00535 0.00168 0.00148 0.00238 0.00132 0.00012 0.00017 0.00152 0.00271 0.00268 0.00407
0.00000 0.00000 0.00000 0.00000 0.00000 0.00000 0.00000 0.00000 0.00000 0.00000 0.00000 0.00000 0.00000 0.00000 0.00000 0.00000 0.00000 0.00000 0.00000 0.00000 0.00000 0.00000 0.00000 0.00000 0.00000 0.00000 0.00000 0.00000 0.00000 0.00000 0.00000 0.00000 0.00000 0.00000 0.00000 0.00000 0.00000 0.00000 0.00000 0.00000 0.00000 0.00000 0.00000 0.00000 0.00000 0.00000 0.00000 0.00000 0.00000 0.00000 0.00000 0.00000 0.00000 0.00000 0.00000 0.00050 0.00215 0.00317 0.00216 0.00313 0.00775 0.00847 0.00439 0.00504 0.01154 0.01083 0.00413 0.00373 0.00718 0.00506 0.00184 0.00184 0.00218 0.00114 0.00022 0.00029 0.00115 0.00222 0.00284 0.00297
0.00000 0.00000 0.00000 0.00000 0.00000 0.00000 0.00000 0.00000 0.00000 0.00000 0.00000 0.00000 0.00000 0.00000 0.00000 0.00000 0.00000 0.00000 0.00000 0.00000 0.00000 0.00000 0.00000 0.00000 0.00000 0.00000 0.00000 0.00000 0.00000 0.00000 0.00000 0.00000 0.00000 0.00000 0.00000 0.00000 0.00000 0.00000 0.00000 0.00000 0.00000 0.00000 0.00000 0.00000 0.00000 0.00000 0.00000 0.00000 0.00000 0.00000 0.00000 0.00000 0.00000 0.00000 0.00000 0.00049 0.00158 0.00269 0.00346 0.00423 0.00528 0.00554 0.00711 0.00810 0.00751 0.00608 0.00847 0.00711 0.00366 0.00263 0.00448 0.00302 0.00065 0.00052 0.00048 0.00047 0.00078 0.00157 0.00413 0.00695
0.00000 0.00000 0.00000 0.00000 0.00000 0.00000 0.00000 0.00000 0.00000 0.00000 0.00000 0.00000 0.00000 0.00000 0.00000 0.00000 0.00000 0.00000 0.00000 0.00000 0.00000 0.00000 0.00000 0.00000 0.00000 0.00000 0.00000 0.00000 0.00000 0.00000 0.00000 0.00000 0.00000 0.00000 0.00000 0.00000 0.00000 0.00000 0.00000 0.00000 0.00000 0.00000 0.00000 0.00000 0.00000 0.00000 0.00000 0.00000 0.00000 0.00000 0.00000 0.00000 0.00000 0.00000 0.00000 0.00058 0.00107 0.00206 0.00511 0.00566 0.00248 0.00398 0.00943 0.01038 0.00469 0.00442 0.00980 0.00819 0.00260 0.00251 0.00418 0.00300 0.00086 0.00078 0.00039 0.00039 0.00105 0.00162 0.00261 0.00402
0.00000 0.00000 0.00000 0.00000 0.00000 0.00000 0.00000 0.00000 0.00000 0.00000 0.00000 0.00000 0.00000 0.00000 0.00000 0.00000 0.00000 0.00000 0.00000 0.00000 0.00000 0.00000 0.00000 0.00000 0.00000 0.00000 0.00000 0.00000 0.00000 0.00000 0.00000 0.00000 0.00000 0.00000 0.00000 0.00000 0.00000 0.00000 0.00000 0.00000 0.00000 0.00000 0.00000 0.00000 0.00000 0.00000 0.00000 0.00000 0.00000 0.00000 0.00000 0.00000 0.00000 0.00000 0.00000 0.00060 0.00133 0.00199 0.00398 0.00475 0.00429 0.00545 0.00736 0.00651 0.00745 0.00830 0.00652 0.00402 0.00575 0.00483 0.00208 0.00119 0.00253 0.00132 0.00017 0.00024 0.00167 0.00326 0.00359 0.00580
0.00000 0.00000 0.00000 0.00000 0.00000 0.00000 0.00000 0.00000 0.00000 0.00000 0.00000 0.00000 0.00000 0.00000 0.00000 0.00000 0.00000 0.00000 0.00000 0.00000 0.00000 0.00000 0.00000 0.00000 0.00000 0.00000 0.00000 0.00000 0.00000 0.00000 0.00000 0.00000 0.00000 0.00000 0.00000 0.00000 0.00000 0.00000 0.00000 0.00000 0.00000 0.00000 0.00000 0.00000 0.00000 0.00000 0.00000 0.00000 0.00000 0.00000 0.00000 0.00000 0.00000 0.00000 0.00000 0.00051 0.00203 0.00277 0.00221 0.00329 0.00722 0.00765 0.00378 0.00452 0.01069 0.01011 0.00390 0.00300 0.00628 0.00518 0.00162 0.00157 0.00193 0.00108 0.00029 0.00033 0.00116 0.00189 0.00322 0.00394
0.00000 0.00000 0.00000 0.00000 0.00000 0.00000 0.00000 0.00000 0.00000 0.00000 0.00000 0.00000 0.00000 0.00000 0.00000 0.00000 0.00000 0.00000 0.00000 0.00000 0.00000 0.00000 0.00000 0.00000 0.00000 0.00000 0.00000 0.00000 0.00000 0.00000 0.00000 0.00000 0.00000 0.00000 0.00000 0.00000 0.00000 0.00000 0.00000 0.00000 0.00000 0.00000 0.00000 0.00000 0.00000 0.00000 0.00000 0.00000 0.00000 0.00000 0.00000 0.00000 0.00000 0.00000 0.00000 0.00037 0.00180 0.00297 0.00246 0.00323 0.00632 0.00608 0.00460 0.00675 0.00881 0.00589 0.00580 0.00648 0.00423 0.00185 0.00403 0.00312 0.00079 0.00048 0.00050 0.00056 0.00092 0.00211 0.00397 0.00756
0.00000 0.00000 0.00000 0.00000 0.00000 0.00000 0.00000 0.00000 0.00000 0.00000 0.00000 0.00000 0.00000 0.00000 0.00000 0.00000 0.00000 0.00000 0.00000 0.00000 0.00000 0.00000 0.00000 0.00000 0.00000 0.00000 0.00000 0.00000 0.00000 0.00000 0.00000 0.00000 0.00000 0.00000 0.00000 0.00000 0.00000 0.00000 0.00000 0.00000 0.00000 0.00000 0.00000 0.00000 0.00000 0.00000 0.00000 0.00000 0.00000 0.00000 0.00000 0.00000 0.00000 0.00000 0.00000 0.00050 0.00115 0.00225 0.00411 0.00455 0.00361 0.00430 0.00824 0.00860 0.00479 0.00429 0.00866 0.00697 0.00299 0.00216 0.00343 0.00258 0.00138 0.00096 0.00034 0.00027 0.00136 0.00238 0.00287 0.00337
0.00000 0.00000 0.00000 0.00000 0.00000 0.00000 0.00000 0.00000 0.00000 0.00000 0.00000 0.00000 0.00000 0.00000 0.00000 0.00000 0.00000 0.00000 0.00000 0.00000 0.00000 0.00000 0.00000 0.00000 0.00000 0.00000 0.00000 0.00000 0.00000 0.00000 0.00000 0.00000 0.00000 0.00000 0.00000 0.00000 0.00000 0.00000 0.00000 0.00000 0.00000 0.00000 0.00000 0.00000 0.00000 0.00000 0.00000 0.00000 0.00000 0.00000 0.00000 0.00000 0.00000 0.00000 0.00000 0.00063 0.00107 0.00170 0.00409 0.00482 0.00318 0.00466 0.00762 0.00651 0.00520 0.00767 0.00696 0.00287 0.00455 0.00451 0.00202 0.00041 0.00220 0.00149 0.00015 0.00027 0.00151 0.00351 0.00399 0.00603
0.00000 0.00000 0.00000 0.00000 0.00000 0.00000 0.00000 0.00000 0.00000 0.00000 0.00000 0.00000 0.00000 0.00000 0.00000 0.00000 0.00000 0.00000 0.00000 0.00000 0.00000 0.00000 0.00000 0.00000 0.00000 0.00000 0.00000 0.00000 0.00000 0.00000 0.00000 0.00000 0.00000 0.00000 0.00000 0.00000 0.00000 0.00000 0.00000 0.00000 0.00000 0.00000 0.00000 0.00000 0.00000 0.00000 0.00000 0.00000 0.00000 0.00000 0.00000 0.00000 0.00000 0.00000 0.00000 0.00049 0.00164 0.00230 0.00264 0.00349 0.00561 0.00603 0.00456 0.00469 0.00917 0.00881 0.00436 0.00295 0.00484 0.00412 0.00268 0.00200 0.00139 0.00081 0.00041 0.00047 0.00104 0.00168 0.00408 0.00604
0.00000 0.00000 0.00000 0.00000 0.00000 0.00000 0.00000 0.00000 0.00000 0.00000 0.00000 0.00000 0.00000 0.00000 0.00000 0.00000 0.00000 0.00000 0.00000 0.00000 0.00000 0.00000 0.00000 0.00000 0.00000 0.00000 0.00000 0.00000 0.00000 0.00000 0.00000 0.00000 0.00000 0.00000 0.00000 0.00000 0.00000 0.00000 0.00000 0.00000 0.00000 0.00000 0.00000 0.00000 0.00000 0.00000 0.00000 0.00000 0.00000 0.00000 0.00000 0.00000 0.00000 0.00000 0.00000 0.00031 0.00188 0.00291 0.00168 0.00273 0.00610 0.00563 0.00345 0.00596 0.00843 0.00499 0.00496 0.00570 0.00364 0.00142 0.00327 0.00290 0.00060 0.00040 0.00040 0.00052 0.00097 0.00204 0.00344 0.00674
0.00000 0.00000 0.00000 0.00000 0.00000 0.00000 0.00000 0.00000 0.00000 0.00000 0.00000 0.00000 0.00000 0.00000 0.00000 0.00000 0.00000 0.00000 0.00000 0.00000 0.00000 0.00000 0.00000 0.00000 0.00000 0.00000 0.00000 0.00000 0.00000 0.00000 0.00000 0.00000 0.00000 0.00000 0.00000 0.00000 0.00000 0.00000 0.00000 0.00000 0.00000 0.00000 0.00000 0.00000 0.00000 0.00000 0.00000 0.00000 0.00000 0.00000 0.00000 0.00000 0.00000 0.00000 0.00000 0.00038 0.00109 0.00184 0.00266 0.00334 0.00348 0.00362 0.00560 0.00638 0.00469 0.00370 0.00548 0.00496 0.00346 0.00222 0.00203 0.00177 0.00156 0.00098 0.00020 0.00023 0.00131 0.00264 0.00276 0.00439
0.00000 0.00000 0.00000 0.00000 0.00000 0.00000 0.00000 0.00000 0.00000 0.00000 0.00000 0.00000 0.00000 0.00000 0.00000 0.00000 0.00000 0.00000 0.00000 0.00000 0.00000 0.00000 0.00000 0.00000 0.00000 0.00000 0.00000 0.00000 0.00000 0.00000 0.00000 0.00000 0.00000 0.00000 0.00000 0.00000 0.00000 0.00000 0.00000 0.00000 0.00000 0.00000 0.00000 0.00000 0.00000 0.00000 0.00000 0.00000 0.00000 0.00000 0.00000 0.00000 0.00000 0.00000 0.00000 0.00048 0.00065 0.00114 0.00312 0.00348 0.00197 0.00345 0.00565 0.00444 0.00413 0.00543 0.00452 0.00253 0.00358 0.00330 0.00097 0.00082 0.00148 0.00093 0.00011 0.00019 0.00106 0.00216 0.00252 0.00393
0.00000 0.00000 0.00000 0.00000 0.00000 0.00000 0.00000 0.00000 0.00000 0.00000 0.00000 0.00000 0.00000 0.00000 0.00000 0.00000 0.00000 0.00000 0.00000 0.00000 0.00000 0.00000 0.00000 0.00000 0.00000 0.00000 0.00000 0.00000 0.00000 0.00000 0.00000 0.00000 0.00000 0.00000 0.00000 0.00000 0.00000 0.00000 0.00000 0.00000 0.00000 0.00000 0.00000 0.00000 0.00000 0.00000 0.00000 0.00000 0.00000 0.00000 0.00000 0.00000 0.00000 0.00000 0.00000 0.00030 0.00079 0.00138 0.00216 0.00222 0.00242 0.00351 0.00365 0.00324 0.00444 0.00496 0.00360 0.00235 0.00250 0.00240 0.00204 0.00139 0.00071 0.00049 0.00025 0.00030 0.00066 0.00129 0.00222 0.00407
0.00000 0.00000 0.00000 0.00000 0.00000 0.00000 0.00000 0.00000 0.00000 0.00000 0.00000 0.00000 0.00000 0.00000 0.00000 0.00000 0.00000 0.00000 0.00000 0.00000 0.00000 0.00000 0.00000 0.00000 0.00000 0.00000 0.00000 0.00000 0.00000 0.00000 0.00000 0.00000 0.00000 0.00000 0.00000 0.00000 0.00000 0.00000 0.00000 0.00000 0.00000 0.00000 0.00000 0.00000 0.00000 0.00000 0.00000 0.00000 0.00000 0.00000 0.00000 0.00000 0.00000 0.00000 0.00000 0.00018 0.00097 0.00151 0.00096 0.00168 0.00316 0.00274 0.00213 0.00366 0.00420 0.00318 0.00358 0.00308 0.00161 0.00139 0.00201 0.00141 0.00017 0.00034 0.00023 0.00021 0.00040 0.00095 0.00195 0.00316
0.00000 0.00000 0.00000 0.00000 0.00000 0.00000 0.00000 0.00000 0.00000 0.00000 0.00000 0.00000 0.00000 0.00000 0.00000 0.00000 0.00000 0.00000 0.00000 0.00000 0.00000 0.00000 0.00000 0.00000 0.00000 0.00000 0.00000 0.00000 0.00000 0.00000 0.00000 0.00000 0.00000 0.00000 0.00000 0.00000 0.00000 0.00000 0.00000 0.00000 0.00000 0.00000 0.00000 0.00000 0.00000 0.00000 0.00000 0.00000 0.00000 0.00000 0.00000 0.00000 0.00000 0.00000 0.00000 0.00020 0.00072 0.00092 0.00086 0.00166 0.00246 0.00206 0.00185 0.00298 0.00315 0.00252 0.00239 0.00252 0.00201 0.00139 0.00107 0.00090 0.00079 0.00050 0.00013 0.00013 0.00051 0.00123 0.00168 0.00232
0.00000 0.00000 0.00000 0.00000 0.00000 0.00000 0.00000 0.00000 0.00000 0.00000 0.00000 0.00000 0.00000 0.00000 0.00000 0.00000 0.00000 0.00000 0.00000 0.00000 0.00000 0.00000 0.00000 0.00000 0.00000 0.00000 0.00000 0.00000 0.00000 0.00000 0.00000 0.00000 0.00000 0.00000 0.00000 0.00000 0.00000 0.00000 0.00000 0.00000 0.00000 0.00000 0.00000 0.00000 0.00000 0.00000 0.00000 0.00000 0.00000 0.00000 0.00000 0.00000 0.00000 0.00000 0.00000 0.00021 0.00021 0.00057 0.00127 0.00136 0.00096 0.00187 0.00225 0.00189 0.00231 0.00256 0.00179 0.00160 0.00216 0.00133 0.00050 0.00063 0.00078 0.00034 0.00003 0.00008 0.00054 0.00078 0.00069 0.00086
0.00000 0.00000 0.00000 0.00000 0.00000 0.00000 0.00000 0.00000 0.00000 0.00000 0.00000 0.00000 0.00000 0.00000 0.00000 0.00000 0.00000 0.00000 0.00000 0.00000 0.00000 0.00000 0.00000 0.00000 0.00000 0.00000 0.00000 0.00000 0.00000 0.00000 0.00000 0.00000 0.00000 0.00000 0.00000 0.00000 0.00000 0.00000 0.00000 0.00000 0.00000 0.00000 0.00000 0.00000 0.00000 0.00000 0.00000 0.00000 0.00000 0.00000 0.00000 0.00000 0.00000 0.00000 0.00000 0.00010 0.00019 0.00053 0.00102 0.00090 0.00056 0.00120 0.00174 0.00156 0.00123 0.00153 0.00155 0.00119 0.00101 0.00089 0.00076 0.00056 0.00040 0.00021 0.00008 0.00011 0.00032 0.00042 0.00058 0.00094
0.00000 0.00000 0.00000 0.00000 0.00000 0.00000 0.00000 0.00000 0.00000 0.00000 0.00000 0.00000 0.00000 0.00000 0.00000 0.00000 0.00000 0.00000 0.00000 0.00000 0.00000 0.00000 0.00000 0.00000 0.00000 0.00000 0.00000 0.00000 0.00000 0.00000 0.00000 0.00000 0.00000 0.00000 0.00000 0.00000 0.00000 0.00000 0.00000 0.00000 0.00000 0.00000 0.00000 0.00000 0.00000 0.00000 0.00000 0.00000 0.00000 0.00000 0.00000 0.00000 0.00000 0.00000 0.00000 0.00005 0.00022 0.00036 0.00027 0.00050 0.00074 0.00068 0.00065 0.00102 0.00094 0.00092 0.00111 0.00079 0.00053 0.00054 0.00073 0.00034 0.00014 0.00013 0.00007 0.00005 0.00005 0.00013 0.00037 0.00051
0.00000 0.00000 0.00000 0.00000 0.00000 0.00000 0.00000 0.00000 0.00000 0.00000 0.00000 0.00000 0.00000 0.00000 0.00000 0.00000 0.00000 0.00000 0.00000 0.00000 0.00000 0.00000 0.00000 0.00000 0.00000 0.00000 0.00000 0.00000 0.00000 0.00000 0.00000 0.00000 0.00000 0.00000 0.00000 0.00000 0.00000 0.00000 0.00000 0.00000 0.00000 0.00000 0.00000 0.00000 0.00000 0.00000 0.00000 0.00000 0.00000 0.00000 0.00000 0.00000 0.00000 0.00000 0.00000 0.00002 0.00008 0.00010 0.00007 0.00017 0.00028 0.00031 0.00016 0.00022 0.00038 0.00037 0.00024 0.00021 0.00022 0.00018 0.00016 0.00011 0.00008 0.00005 0.00002 0.00001 0.00004 0.00009 0.00015 0.00018
0.00000 0.00000 0.00000 0.00000 0.00000 0.00000 0.00000 0.00000 0.00000 0.00000 0.00000 0.00000 0.00000 0.00000 0.00000 0.00000 0.00000 0.00000 0.00000 0.00000 0.00000 0.00000 0.00000 0.00000 0.00000 0.00000 0.00000 0.00000 0.00000 0.00000 0.00000 0.00000 0.00000 0.00000 0.00000 0.00000 0.00000 0.00000 0.00000 0.00000 0.00000 0.00000 0.00000 0.00000 0.00000 0.00000 0.00000 0.00000 0.00000 0.00000 0.00000 0.00000 0.00000 0.00000 0.00000 0.00002 0.00004 0.00008 0.00015 0.00017 0.00016 0.00024 0.00025 0.00026 0.00030 0.00035 0.00021 0.00025 0.00032 0.00019 0.00015 0.00012 0.00015 0.00004 0.00001 0.00001 0.00007 0.00008 0.00004 0.00002
0.00000 0.00000 0.00000 0.00000 0.00000 0.00000 0.00000 0.00000 0.00000 0.00000 0.00000 0.00000 0.00000 0.00000 0.00000 0.00000 0.00000 0.00000 0.00000 0.00000 0.00000 0.00000 0.00000 0.00000 0.00000 0.00000 0.00000 0.00000 0.00000 0.00000 0.00000 0.00000 0.00000 0.00000 0.00000 0.00000 0.00000 0.00000 0.00000 0.00000 0.00000 0.00000 0.00000 0.00000 0.00000 0.00000 0.00000 0.00000 0.00000 0.00000 0.00000 0.00000 0.00000 0.00000 0.00000 0.00005 0.00009 0.00026 0.00046 0.00061 0.00022 0.00048 0.00089 0.00122 0.00058 0.00071 0.00077 0.00090 0.00066 0.00048 0.00038 0.00038 0.00032 0.00012 0.00003 0.00005 0.00020 0.00022 0.00022 0.00032
0.00000 0.00000 0.00000 0.00000 0.00000 0.00000 0.00000 0.00000 0.00000 0.00000 0.00000 0.00000 0.00000 0.00000 0.00000 0.00000 0.00000 0.00000 0.00000 0.00000 0.00000 0.00000 0.00000 0.00000 0.00000 0.00000 0.00000 0.00000 0.00000 0.00000 0.00000 0.00000 0.00000 0.00000 0.00000 0.00000 0.00000 0.00000 0.00000 0.00000 0.00000 0.00000 0.00000 0.00000 0.00000 0.00000 0.00000 0.00000 0.00000 0.00000 0.00000 0.00000 0.00000 0.00000 0.00000 0.00004 0.00028 0.00041 0.00055 0.00057 0.00071 0.00079 0.00100 0.00146 0.00065 0.00109 0.00109 0.00137 0.00087 0.00077 0.00112 0.00058 0.00039 0.00022 0.00013 0.00006 0.00008 0.00022 0.00042 0.00076
0.00000 0.00000 0.00000 0.00000 0.00000 0.00000 0.00000 0.00000 0.00000 0.00000 0.00000 0.00000 0.00000 0.00000 0.00000 0.00000 0.00000 0.00000 0.00000 0.00000 0.00000 0.00000 0.00000 0.00000 0.00000 0.00000 0.00000 0.00000 0.00000 0.00000 0.00000 0.00000 0.00000 0.00000 0.00000 0.00000 0.00000 0.00000 0.00000 0.00000 0.00000 0.00000 0.00000 0.00000 0.00000 0.00000 0.00000 0.00000 0.00000 0.00000 0.00000 0.00000 0.00000 0.00000 0.00000 0.00008 0.00041 0.00054 0.00048 0.00067 0.00118 0.00163 0.00077 0.00119 0.00117 0.00231 0.00117 0.00166 0.00114 0.00141 0.00157 0.00066 0.00052 0.00038 0.00017 0.00007 0.00011 0.00041 0.00070 0.00105
0.00000 0.00000 0.00000 0.00000 0.00000 0.00000 0.00000 0.00000 0.00000 0.00000 0.00000 0.00000 0.00000 0.00000 0.00000 0.00000 0.00000 0.00000 0.00000 0.00000 0.00000 0.00000 0.00000 0.00000 0.00000 0.00000 0.00000 0.00000 0.00000 0.00000 0.00000 0.00000 0.00000 0.00000 0.00000 0.00000 0.00000 0.00000 0.00000 0.00000 0.00000 0.00000 0.00000 0.00000 0.00000 0.00000 0.00000 0.00000 0.00000 0.00000 0.00000 0.00000 0.00000 0.00000 0.00000 0.00007 0.00051 0.00024 0.00050 0.00061 0.00139 0.00142 0.00000 0.00099 0.00068 0.00332 0.00054 0.00164 0.00171 0.00236 0.00168 0.00083 0.00079 0.00041 0.00014 0.00008 0.00025 0.00049 0.00033 0.00086
