0.00000 0.00000 0.00000 0.00000 0.00000 0.00000 0.00000 0.00000 0.00000 0.00000 0.00000 0.00000 0.00000 0.00000 0.00000 0.00000 0.00000 0.00000 0.00000 0.00000 0.00000 0.00000 0.00000 0.00000 0.00000 0.00000 0.00000 0.00000 0.00000 0.00000 0.00000 0.00000 0.00000 0.00000 0.00000 0.03803 0.11410 0.18933 0.26473 0.34047 0.41764 0.49132 0.56760 0.64079 0.72129 0.73827 0.70573 0.66849 0.63932 0.60205 0.56878 0.53415 0.50246 0.46727 0.43282 0.43298 0.46778 0.50045 0.53490 0.56750
0.00000 0.00000 0.00000 0.00000 0.00000 0.00000 0.00000 0.00000 0.00000 0.00000 0.00000 0.00000 0.00000 0.00000 0.00000 0.00000 0.00000 0.00000 0.00000 0.00000 0.00000 0.00000 0.00000 0.00000 0.00000 0.00000 0.00000 0.00000 0.00000 0.00000 0.00000 0.00000 0.00000 0.00000 0.00000 0.03801 0.11408 0.18931 0.26479 0.34069 0.41788 0.49244 0.56745 0.64084 0.72162 0.74391 0.71646 0.68748 0.66619 0.63831 0.60978 0.58294 0.55987 0.53283 0.50474 0.50446 0.53314 0.55920 0.58499 0.61052
0.00000 0.00000 0.00000 0.00000 0.00000 0.00000 0.00000 0.00000 0.00000 0.00000 0.00000 0.00000 0.00000 0.00000 0.00000 0.00000 0.00000 0.00000 0.00000 0.00000 0.00000 0.00000 0.00000 0.00000 0.00000 0.00000 0.00000 0.00000 0.00000 0.00000 0.00000 0.00000 0.00000 0.00000 0.00000 0.03798 0.11385 0.18966 0.26502 0.34064 0.41781 0.49215 0.56783 0.64192 0.72113 0.74740 0.72842 0.70699 0.69203 0.67195 0.65222 0.63185 0.61621 0.59726 0.57709 0.57610 0.59748 0.61574 0.63359 0.65007
0.00000 0.00000 0.00000 0.00000 0.00000 0.00000 0.00000 0.00000 0.00000 0.00000 0.00000 0.00000 0.00000 0.00000 0.00000 0.00000 0.00000 0.00000 0.00000 0.00000 0.00000 0.00000 0.00000 0.00000 0.00000 0.00000 0.00000 0.00000 0.00000 0.00000 0.00000 0.00000 0.00000 0.00000 0.00000 0.03789 0.11363 0.18977 0.26681 0.34117 0.41594 0.49199 0.57013 0.64447 0.71826 0.75025 0.74254 0.72937 0.71608 0.70483 0.69635 0.68464 0.67093 0.66025 0.65147 0.65119 0.66069 0.67196 0.68461 0.69606
0.00000 0.00000 0.00000 0.00000 0.00000 0.00000 0.00000 0.00000 0.00000 0.00000 0.00000 0.00000 0.00000 0.00000 0.00000 0.00000 0.00000 0.00000 0.00000 0.00000 0.00000 0.00000 0.00000 0.00000 0.00000 0.00000 0.00000 0.00000 0.00000 0.00000 0.00000 0.00000 0.00000 0.00000 0.00000 0.03795 0.11374 0.18980 0.26620 0.34149 0.41601 0.49198 0.56967 0.64507 0.71849 0.75392 0.75337 0.75003 0.74223 0.73817 0.73784 0.73472 0.72704 0.72305 0.72387 0.72388 0.72429 0.72695 0.73307 0.73546
0.00000 0.00000 0.00000 0.00000 0.00000 0.00000 0.00000 0.00000 0.00000 0.00000 0.00000 0.00000 0.00000 0.00000 0.00000 0.00000 0.00000 0.00000 0.00000 0.00000 0.00000 0.00000 0.00000 0.00000 0.00000 0.00000 0.00000 0.00000 0.00000 0.00000 0.00000 0.00000 0.00000 0.00000 0.00000 0.03802 0.11432 0.18963 0.26504 0.34133 0.41868 0.49304 0.56724 0.64386 0.72143 0.75606 0.75087 0.74768 0.74570 0.74064 0.73611 0.73311 0.73077 0.72627 0.72153 0.72242 0.72744 0.73044 0.73370 0.73744
0.00000 0.00000 0.00000 0.00000 0.00000 0.00000 0.00000 0.00000 0.00000 0.00000 0.00000 0.00000 0.00000 0.00000 0.00000 0.00000 0.00000 0.00000 0.00000 0.00000 0.00000 0.00000 0.00000 0.00000 0.00000 0.00000 0.00000 0.00000 0.00000 0.00000 0.00000 0.00000 0.00000 0.00000 0.00000 0.03804 0.11431 0.18974 0.26514 0.34137 0.41813 0.49389 0.56715 0.64328 0.72146 0.75455 0.73842 0.72756 0.71917 0.70861 0.69299 0.68144 0.67437 0.66366 0.64839 0.64852 0.66319 0.67502 0.68409 0.69388
0.00000 0.00000 0.00000 0.00000 0.00000 0.00000 0.00000 0.00000 0.00000 0.00000 0.00000 0.00000 0.00000 0.00000 0.00000 0.00000 0.00000 0.00000 0.00000 0.00000 0.00000 0.00000 0.00000 0.00000 0.00000 0.00000 0.00000 0.00000 0.00000 0.00000 0.00000 0.00000 0.00000 0.00000 0.00000 0.03797 0.11359 0.18984 0.26642 0.34144 0.41625 0.49283 0.57016 0.64456 0.71865 0.74826 0.73047 0.71028 0.69101 0.67283 0.65425 0.63433 0.61566 0.59773 0.57888 0.57777 0.59714 0.61751 0.63657 0.65436
0.00000 0.00000 0.00000 0.00000 0.00000 0.00000 0.00000 0.00000 0.00000 0.00000 0.00000 0.00000 0.00000 0.00000 0.00000 0.00000 0.00000 0.00000 0.00000 0.00000 0.00000 0.00000 0.00000 0.00000 0.00000 0.00000 0.00000 0.00000 0.00000 0.00000 0.00000 0.00000 0.00000 0.00000 0.00000 0.03793 0.11370 0.18994 0.26618 0.34165 0.41627 0.49253 0.56995 0.64649 0.71806 0.74279 0.71960 0.69388 0.66268 0.63599 0.61374 0.58725 0.55754 0.53073 0.50776 0.50839 0.53240 0.55864 0.58670 0.61404
0.00000 0.00000 0.00000 0.00000 0.00000 0.00000 0.00000 0.00000 0.00000 0.00000 0.00000 0.00000 0.00000 0.00000 0.00000 0.00000 0.00000 0.00000 0.00000 0.00000 0.00000 0.00000 0.00000 0.00000 0.00000 0.00000 0.00000 0.00000 0.00000 0.00000 0.00000 0.00000 0.00000 0.00000 0.00000 0.03797 0.11414 0.18976 0.26488 0.34135 0.41823 0.49313 0.56715 0.64408 0.72130 0.74086 0.70600 0.67280 0.63879 0.60372 0.57030 0.53693 0.50222 0.46740 0.43414 0.43536 0.46925 0.50169 0.53673 0.57198
0.00000 0.00000 0.00000 0.00000 0.00000 0.00000 0.00000 0.00000 0.00000 0.00000 0.00000 0.00000 0.00000 0.00000 0.00000 0.00000 0.00000 0.00000 0.00000 0.00000 0.00000 0.00000 0.00000 0.00000 0.00000 0.00000 0.00000 0.00000 0.00000 0.00000 0.00000 0.00000 0.00000 0.00000 0.00000 0.03802 0.11404 0.18961 0.26506 0.34135 0.41791 0.49382 0.56771 0.64331 0.72136 0.73957 0.69325 0.65129 0.61367 0.57179 0.52703 0.48463 0.44686 0.40495 0.36158 0.36113 0.40516 0.44803 0.48873 0.53019
0.00000 0.00000 0.00000 0.00000 0.00000 0.00000 0.00000 0.00000 0.00000 0.00000 0.00000 0.00000 0.00000 0.00000 0.00000 0.00000 0.00000 0.00000 0.00000 0.00000 0.00000 0.00000 0.00000 0.00000 0.00000 0.00000 0.00000 0.00000 0.00000 0.00000 0.00000 0.00000 0.00000 0.00000 0.00000 0.03796 0.11357 0.18967 0.26618 0.34151 0.41557 0.49244 0.56928 0.64453 0.71905 0.73301 0.68428 0.63412 0.58548 0.53672 0.48655 0.43682 0.38872 0.33999 0.29004 0.28945 0.33956 0.39049 0.43996 0.48820
0.00000 0.00000 0.00000 0.00000 0.00000 0.00000 0.00000 0.00000 0.00000 0.00000 0.00000 0.00000 0.00000 0.00000 0.00000 0.00000 0.00000 0.00000 0.00000 0.00000 0.00000 0.00000 0.00000 0.00000 0.00000 0.00000 0.00000 0.00000 0.00000 0.00000 0.00000 0.00000 0.00000 0.00000 0.00000 0.03789 0.11361 0.18987 0.26594 0.34143 0.41654 0.49215 0.56914 0.64591 0.71863 0.72716 0.67406 0.61781 0.55737 0.50008 0.44659 0.38955 0.33098 0.27374 0.21872 0.21895 0.27517 0.33190 0.38999 0.44905
0.00000 0.00000 0.00000 0.00000 0.00000 0.00000 0.00000 0.00000 0.00000 0.00000 0.00000 0.00000 0.00000 0.00000 0.00000 0.00000 0.00000 0.00000 0.00000 0.00000 0.00000 0.00000 0.00000 0.00000 0.00000 0.00000 0.00000 0.00000 0.00000 0.00000 0.00000 0.00000 0.00000 0.00000 0.00000 0.03794 0.11408 0.18965 0.26453 0.34088 0.41741 0.49296 0.56735 0.64320 0.72042 0.72547 0.66136 0.59724 0.53173 0.46695 0.40395 0.33975 0.27434 0.20986 0.14611 0.14650 0.21072 0.27467 0.33976 0.40644
0.00000 0.00000 0.00000 0.00000 0.00000 0.00000 0.00000 0.00000 0.00000 0.00000 0.00000 0.00000 0.00000 0.00000 0.00000 0.00000 0.00000 0.00000 0.00000 0.00000 0.00000 0.00000 0.00000 0.00000 0.00000 0.00000 0.00000 0.00000 0.00000 0.00000 0.00000 0.00000 0.00000 0.00000 0.00000 0.03800 0.11405 0.18928 0.26498 0.34100 0.41724 0.49367 0.56797 0.64135 0.72068 0.72417 0.64898 0.57535 0.50684 0.43496 0.36124 0.28870 0.21849 0.14639 0.07390 0.07377 0.14639 0.21946 0.29150 0.36394
0.00000 0.00000 0.00000 0.00000 0.00000 0.00000 0.00000 0.00000 0.00000 0.00000 0.00000 0.00000 0.00000 0.00000 0.00000 0.00190 0.00572 0.00953 0.01334 0.01715 0.02095 0.02470 0.02858 0.03244 0.03609 0.03603 0.03240 0.02858 0.02464 0.02086 0.01713 0.01330 0.00947 0.00569 0.00190 0.03601 0.10777 0.18005 0.25244 0.32410 0.39542 0.46710 0.54032 0.61232 0.68422 0.68419 0.61118 0.53888 0.46856 0.39661 0.32325 0.25134 0.18029 0.10832 0.03597 0.03596 0.10825 0.18110 0.25309 0.32541
0.00000 0.00000 0.00000 0.00000 0.00000 0.00000 0.00000 0.00000 0.00000 0.00000 0.00000 0.00000 0.00000 0.00000 0.00000 0.00570 0.01719 0.02867 0.03994 0.05125 0.06293 0.07451 0.08552 0.09672 0.10848 0.10852 0.09695 0.08547 0.07397 0.06263 0.05136 0.03986 0.02838 0.01710 0.00571 0.03214 0.09646 0.16128 0.22567 0.29024 0.35393 0.41672 0.48301 0.54931 0.61237 0.60919 0.54752 0.48413 0.41859 0.35275 0.29019 0.22603 0.16103 0.09634 0.03227 0.03237 0.09696 0.16126 0.22619 0.29214
0.00000 0.00000 0.00000 0.00000 0.00000 0.00000 0.00000 0.00000 0.00000 0.00000 0.00000 0.00000 0.00000 0.00000 0.00000 0.00954 0.02862 0.04761 0.06662 0.08554 0.10485 0.12404 0.14254 0.16128 0.18111 0.18119 0.16121 0.14210 0.12381 0.10464 0.08519 0.06638 0.04763 0.02844 0.00945 0.02846 0.08544 0.14206 0.19887 0.25588 0.31247 0.36943 0.42687 0.48330 0.53910 0.53912 0.48380 0.42707 0.36868 0.31177 0.25622 0.19940 0.14177 0.08511 0.02848 0.02853 0.08528 0.14216 0.19954 0.25737
0.00000 0.00000 0.00000 0.00000 0.00000 0.00000 0.00000 0.00000 0.00000 0.00000 0.00000 0.00000 0.00000 0.00000 0.00000 0.01336 0.03986 0.06655 0.09362 0.12035 0.14617 0.17281 0.20010 0.22678 0.25263 0.25265 0.22605 0.19939 0.17314 0.14631 0.11922 0.09291 0.06664 0.03978 0.01324 0.02468 0.07403 0.12295 0.17199 0.22146 0.27102 0.32081 0.36980 0.41703 0.46707 0.46908 0.41923 0.36798 0.31991 0.27144 0.22188 0.17171 0.12315 0.07412 0.02470 0.02461 0.07397 0.12402 0.17350 0.22274
0.00000 0.00000 0.00000 0.00000 0.00000 0.00000 0.00000 0.00000 0.00000 0.00000 0.00000 0.00000 0.00000 0.00000 0.00000 0.01713 0.05139 0.08564 0.12020 0.15453 0.18821 0.22220 0.25746 0.29194 0.32449 0.32421 0.29177 0.25723 0.22156 0.18762 0.15429 0.11961 0.08506 0.05124 0.01710 0.02083 0.06245 0.10449 0.14572 0.18718 0.22961 0.27136 0.31195 0.35356 0.39671 0.39685 0.35356 0.31176 0.27129 0.22975 0.18712 0.14550 0.10439 0.06267 0.02080 0.02081 0.06272 0.10460 0.14621 0.18802
0.00000 0.00000 0.00000 0.00000 0.00000 0.00000 0.00000 0.00000 0.00000 0.00000 0.00000 0.00000 0.00000 0.00000 0.00000 0.02096 0.06307 0.10485 0.14610 0.18840 0.23089 0.27259 0.31318 0.35550 0.39778 0.39735 0.35542 0.31379 0.27102 0.22940 0.18848 0.14621 0.10411 0.06258 0.02091 0.01703 0.05102 0.08540 0.11951 0.15353 0.18762 0.22140 0.25538 0.29031 0.32454 0.32302 0.28918 0.25622 0.22200 0.18678 0.15320 0.11964 0.08547 0.05101 0.01704 0.01713 0.05138 0.08540 0.11961 0.15445
0.00000 0.00000 0.00000 0.00000 0.00000 0.00000 0.00000 0.00000 0.00000 0.00000 0.00000 0.00000 0.00000 0.00000 0.00000 0.02476 0.07437 0.12392 0.17312 0.22247 0.27282 0.32243 0.37030 0.41928 0.47120 0.47127 0.41872 0.36942 0.32208 0.27194 0.22141 0.17268 0.12360 0.07391 0.02457 0.01331 0.03978 0.06617 0.09294 0.11961 0.14557 0.17184 0.19936 0.22603 0.25145 0.25113 0.22575 0.19945 0.17204 0.14542 0.11949 0.09303 0.06617 0.03969 0.01329 0.01329 0.03973 0.06618 0.09308 0.11969
0.00000 0.00000 0.00000 0.00000 0.00000 0.00000 0.00000 0.00000 0.00000 0.00000 0.00000 0.00000 0.00000 0.00000 0.00000 0.02856 0.08541 0.14300 0.20054 0.25705 0.31316 0.37131 0.42904 0.48513 0.54095 0.54225 0.48447 0.42702 0.37098 0.31377 0.25567 0.19894 0.14276 0.08540 0.02837 0.00948 0.02847 0.04736 0.06630 0.08534 0.10418 0.12315 0.14227 0.16096 0.17959 0.18012 0.16129 0.14165 0.12282 0.10443 0.08541 0.06605 0.04724 0.02851 0.00950 0.00946 0.02839 0.04761 0.06662 0.08565
0.00000 0.00000 0.00000 0.00000 0.00000 0.00000 0.00000 0.00000 0.00000 0.00000 0.00000 0.00000 0.00000 0.00000 0.00000 0.03241 0.09713 0.16174 0.22692 0.29187 0.35538 0.41978 0.48652 0.55141 0.61262 0.61234 0.55092 0.48559 0.41852 0.35459 0.29139 0.22589 0.16066 0.09691 0.03225 0.00568 0.01707 0.02850 0.03971 0.05093 0.06267 0.07409 0.08508 0.09623 0.10816 0.10830 0.09639 0.08492 0.07396 0.06267 0.05105 0.03965 0.02844 0.01708 0.00567 0.00567 0.01708 0.02849 0.03983 0.05115
0.00000 0.00000 0.00000 0.00000 0.00000 0.00000 0.00000 0.00000 0.00000 0.00000 0.00000 0.00000 0.00000 0.00000 0.00000 0.03626 0.10900 0.18047 0.25236 0.32627 0.39923 0.46966 0.54056 0.61518 0.68758 0.68564 0.61348 0.54237 0.46878 0.39614 0.32540 0.25299 0.18001 0.10798 0.03608 0.00190 0.00568 0.00949 0.01327 0.01703 0.02086 0.02467 0.02839 0.03217 0.03603 0.03596 0.03214 0.02845 0.02466 0.02077 0.01700 0.01330 0.00949 0.00567 0.00189 0.00190 0.00570 0.00948 0.01326 0.01708
0.00000 0.00000 0.00000 0.00000 0.00000 0.00000 0.00000 0.00000 0.00000 0.00000 0.00000 0.00000 0.00000 0.00000 0.00000 0.03807 0.11424 0.19080 0.26647 0.34227 0.41948 0.49572 0.56963 0.64538 0.72483 0.72406 0.64407 0.56864 0.49555 0.41825 0.34065 0.26581 0.18999 0.11371 0.03791 0.00000 0.00000 0.00000 0.00000 0.00000 0.00000 0.00000 0.00000 0.00000 0.00000 0.00189 0.00569 0.00950 0.01322 0.01698 0.02086 0.02467 0.02836 0.03210 0.03601 0.03604 0.03217 0.02833 0.02462 0.02087
0.00000 0.00000 0.00000 0.00000 0.00000 0.00000 0.00000 0.00000 0.00000 0.00000 0.00000 0.00000 0.00000 0.00000 0.00000 0.03799 0.11387 0.19102 0.26763 0.34166 0.41759 0.49600 0.57260 0.64572 0.72029 0.72369 0.64754 0.56896 0.49372 0.41867 0.34183 0.26516 0.18987 0.11411 0.03795 0.00000 0.00000 0.00000 0.00000 0.00000 0.00000 0.00000 0.00000 0.00000 0.00000 0.00568 0.01705 0.02836 0.03969 0.05126 0.06257 0.07362 0.08493 0.09688 0.10821 0.10777 0.09635 0.08535 0.07407 0.06268
0.00000 0.00000 0.00000 0.00000 0.00000 0.00000 0.00000 0.00000 0.00000 0.00000 0.00000 0.00000 0.00000 0.00000 0.00000 0.03817 0.11448 0.19023 0.26654 0.34300 0.41828 0.49446 0.57214 0.64713 0.72073 0.72169 0.64818 0.57035 0.49244 0.41778 0.34247 0.26557 0.18937 0.11398 0.03785 0.00000 0.00000 0.00000 0.00000 0.00000 0.00000 0.00000 0.00000 0.00000 0.00000 0.00950 0.02831 0.04718 0.06644 0.08544 0.10390 0.12265 0.14209 0.16119 0.17964 0.17939 0.16096 0.14213 0.12307 0.10379
0.00000 0.00000 0.00000 0.00000 0.00000 0.00000 0.00000 0.00000 0.00000 0.00000 0.00000 0.00000 0.00000 0.00000 0.00000 0.03819 0.11457 0.18985 0.26584 0.34370 0.42050 0.49308 0.56908 0.64821 0.72534 0.72110 0.64404 0.57098 0.49490 0.41680 0.34120 0.26660 0.19011 0.11340 0.03786 0.00000 0.00000 0.00000 0.00000 0.00000 0.00000 0.00000 0.00000 0.00000 0.00000 0.01326 0.03973 0.06628 0.09279 0.11906 0.14541 0.17271 0.19911 0.22477 0.25085 0.25219 0.22597 0.19895 0.17223 0.14585
0.00000 0.00000 0.00000 0.00000 0.00000 0.00000 0.00000 0.00000 0.00000 0.00000 0.00000 0.00000 0.00000 0.00000 0.00000 0.03804 0.11411 0.19064 0.26684 0.34261 0.41886 0.49398 0.56966 0.64764 0.72444 0.72098 0.64444 0.57124 0.49531 0.41695 0.34070 0.26598 0.18989 0.11367 0.03799 0.00000 0.00000 0.00000 0.00000 0.00000 0.00000 0.00000 0.00000 0.00000 0.00000 0.01698 0.05129 0.08545 0.11885 0.15282 0.18776 0.22186 0.25513 0.28904 0.32363 0.32390 0.28923 0.25489 0.22132 0.18729
0.00000 0.00000 0.00000 0.00000 0.00000 0.00000 0.00000 0.00000 0.00000 0.00000 0.00000 0.00000 0.00000 0.00000 0.00000 0.03803 0.11406 0.19103 0.26708 0.34115 0.41788 0.49577 0.57219 0.64488 0.72099 0.72374 0.64735 0.56873 0.49251 0.41859 0.34237 0.26497 0.18922 0.11408 0.03802 0.00000 0.00000 0.00000 0.00000 0.00000 0.00000 0.00000 0.00000 0.00000 0.00000 0.02078 0.06244 0.10417 0.14552 0.18734 0.22919 0.27044 0.31126 0.35423 0.39642 0.39550 0.35284 0.31197 0.27132 0.23027
0.00000 0.00000 0.00000 0.00000 0.00000 0.00000 0.00000 0.00000 0.00000 0.00000 0.00000 0.00000 0.00000 0.00000 0.00000 0.03819 0.11455 0.19017 0.26616 0.34205 0.41840 0.49571 0.57127 0.64410 0.72058 0.72453 0.64813 0.56802 0.49239 0.41854 0.34245 0.26515 0.18943 0.11395 0.03788 0.00000 0.00000 0.00000 0.00000 0.00000 0.00000 0.00000 0.00000 0.00000 0.00000 0.02469 0.07356 0.12260 0.17260 0.22184 0.26991 0.31955 0.36887 0.41809 0.46684 0.46764 0.41829 0.36874 0.31908 0.26960
0.00000 0.00000 0.00000 0.00000 0.00000 0.00000 0.00000 0.00000 0.00000 0.00000 0.00000 0.00000 0.00000 0.00000 0.00000 0.03818 0.11421 0.18978 0.26657 0.34355 0.41841 0.49237 0.57046 0.64794 0.72263 0.72059 0.64545 0.57068 0.49433 0.41696 0.34075 0.26603 0.19030 0.11367 0.03780 0.00000 0.00000 0.00000 0.00000 0.00000 0.00000 0.00000 0.00000 0.00000 0.00000 0.02845 0.08511 0.14147 0.19870 0.25596 0.31143 0.36838 0.42619 0.48281 0.53747 0.53863 0.48321 0.42638 0.36899 0.31243
0.00000 0.00000 0.00000 0.00000 0.00000 0.00000 0.00000 0.00000 0.00000 0.00000 0.00000 0.00000 0.00000 0.00000 0.00000 0.03795 0.11403 0.19043 0.26670 0.34314 0.41834 0.49258 0.56926 0.64841 0.72384 0.71949 0.64418 0.57140 0.49523 0.41624 0.34054 0.26623 0.19027 0.11360 0.03791 0.00000 0.00000 0.00000 0.00000 0.00000 0.00000 0.00000 0.00000 0.00000 0.00000 0.03204 0.09664 0.16117 0.22475 0.28941 0.35351 0.41744 0.48220 0.54805 0.61069 0.60948 0.54541 0.48235 0.41801 0.35357
0.00000 0.00000 0.00000 0.00000 0.00000 0.00000 0.00000 0.00000 0.00000 0.00000 0.00000 0.00000 0.00000 0.00000 0.00000 0.03799 0.11453 0.19087 0.26558 0.34090 0.41943 0.49558 0.56954 0.64447 0.72278 0.72309 0.64575 0.56892 0.49304 0.41793 0.34248 0.26546 0.18903 0.11369 0.03805 0.00000 0.00000 0.00000 0.00000 0.00000 0.00000 0.00000 0.00000 0.00000 0.00000 0.03582 0.10781 0.18026 0.25125 0.32226 0.39547 0.46778 0.53807 0.60998 0.68297 0.68271 0.61000 0.53832 0.46733 0.39585
0.00000 0.00000 0.00000 0.00000 0.00000 0.00000 0.00000 0.00000 0.00000 0.00000 0.00000 0.00000 0.00000 0.00000 0.00000 0.03623 0.10865 0.18058 0.25263 0.32473 0.39714 0.47080 0.54228 0.61161 0.68386 0.68815 0.61557 0.53895 0.46722 0.39812 0.32580 0.25164 0.17959 0.10826 0.03608 0.00189 0.00569 0.00949 0.01324 0.01700 0.02086 0.02469 0.02834 0.03206 0.03599 0.07402 0.14556 0.21699 0.28903 0.36040 0.43372 0.50613 0.57556 0.64592 0.71930 0.72216 0.64967 0.57518 0.50343 0.43177
0.00000 0.00000 0.00000 0.00000 0.00000 0.00000 0.00000 0.00000 0.00000 0.00000 0.00000 0.00000 0.00000 0.00000 0.00000 0.03244 0.09674 0.16110 0.22712 0.29180 0.35476 0.41869 0.48581 0.55040 0.61272 0.61261 0.54915 0.48430 0.41989 0.35482 0.28957 0.22554 0.16170 0.09689 0.03210 0.00567 0.01711 0.02850 0.03966 0.05093 0.06259 0.07404 0.08503 0.09614 0.10784 0.14613 0.20994 0.27308 0.33787 0.40322 0.46716 0.53062 0.59498 0.65866 0.72356 0.72411 0.65953 0.59487 0.53045 0.46640
0.00000 0.00000 0.00000 0.00000 0.00000 0.00000 0.00000 0.00000 0.00000 0.00000 0.00000 0.00000 0.00000 0.00000 0.00000 0.02850 0.08546 0.14261 0.19978 0.25705 0.31357 0.36965 0.42656 0.48611 0.54287 0.53899 0.48271 0.42883 0.37154 0.31199 0.25515 0.19958 0.14256 0.08518 0.02837 0.00948 0.02843 0.04728 0.06631 0.08535 0.10396 0.12264 0.14204 0.16122 0.17956 0.21659 0.27386 0.33143 0.38861 0.44502 0.49939 0.55547 0.61484 0.67318 0.72768 0.72549 0.66895 0.61449 0.55796 0.50091
0.00000 0.00000 0.00000 0.00000 0.00000 0.00000 0.00000 0.00000 0.00000 0.00000 0.00000 0.00000 0.00000 0.00000 0.00000 0.02466 0.07437 0.12390 0.17258 0.22153 0.27267 0.32218 0.36966 0.41907 0.47002 0.46908 0.41930 0.37024 0.32042 0.27095 0.22239 0.17282 0.12285 0.07376 0.02471 0.01330 0.03964 0.06601 0.09305 0.11962 0.14524 0.17148 0.19893 0.22575 0.25137 0.28815 0.33781 0.38818 0.43808 0.48497 0.53343 0.58274 0.63395 0.68458 0.73012 0.72927 0.68124 0.63336 0.58401 0.53463
0.00000 0.00000 0.00000 0.00000 0.00000 0.00000 0.00000 0.00000 0.00000 0.00000 0.00000 0.00000 0.00000 0.00000 0.00000 0.02092 0.06288 0.10465 0.14613 0.18784 0.22983 0.27234 0.31377 0.35391 0.39595 0.39825 0.35597 0.31190 0.27054 0.23012 0.18822 0.14571 0.10399 0.06256 0.02087 0.01704 0.05108 0.08518 0.11922 0.15317 0.18741 0.22158 0.25511 0.28821 0.32310 0.36195 0.40324 0.44313 0.48394 0.52641 0.57034 0.61125 0.65054 0.69123 0.73366 0.73606 0.69448 0.65106 0.60914 0.56775
0.00000 0.00000 0.00000 0.00000 0.00000 0.00000 0.00000 0.00000 0.00000 0.00000 0.00000 0.00000 0.00000 0.00000 0.00000 0.01714 0.05123 0.08532 0.12014 0.15433 0.18768 0.22172 0.25698 0.29074 0.32418 0.32479 0.29046 0.25564 0.22217 0.18810 0.15323 0.11914 0.08554 0.05127 0.01699 0.02077 0.06266 0.10447 0.14514 0.18661 0.22947 0.27138 0.31106 0.35225 0.39489 0.43406 0.46776 0.49919 0.53283 0.56797 0.60474 0.63782 0.66865 0.70243 0.73894 0.74097 0.70381 0.66895 0.63483 0.60187
0.00000 0.00000 0.00000 0.00000 0.00000 0.00000 0.00000 0.00000 0.00000 0.00000 0.00000 0.00000 0.00000 0.00000 0.00000 0.01332 0.03983 0.06645 0.09331 0.11993 0.14605 0.17237 0.19932 0.22650 0.25265 0.25155 0.22549 0.19974 0.17287 0.14561 0.11921 0.09293 0.06641 0.03980 0.01324 0.02457 0.07388 0.12320 0.17213 0.22092 0.27030 0.31947 0.36866 0.41831 0.46675 0.50308 0.52957 0.55779 0.58515 0.60963 0.63434 0.66173 0.68946 0.71617 0.74287 0.74099 0.71385 0.68912 0.66414 0.63870
0.00000 0.00000 0.00000 0.00000 0.00000 0.00000 0.00000 0.00000 0.00000 0.00000 0.00000 0.00000 0.00000 0.00000 0.00000 0.00950 0.02860 0.04755 0.06634 0.08533 0.10478 0.12359 0.14210 0.16138 0.18045 0.17983 0.16123 0.14259 0.12309 0.10397 0.08553 0.06648 0.04719 0.02832 0.00950 0.02848 0.08491 0.14136 0.19913 0.25614 0.31131 0.36718 0.42579 0.48335 0.53986 0.57394 0.59308 0.61482 0.63492 0.65021 0.66805 0.68689 0.71013 0.72873 0.74369 0.74356 0.72572 0.70847 0.68933 0.67057
0.00000 0.00000 0.00000 0.00000 0.00000 0.00000 0.00000 0.00000 0.00000 0.00000 0.00000 0.00000 0.00000 0.00000 0.00000 0.00570 0.01719 0.02853 0.03979 0.05121 0.06281 0.07423 0.08522 0.09650 0.10832 0.10838 0.09664 0.08510 0.07394 0.06263 0.05119 0.03978 0.02838 0.01701 0.00568 0.03226 0.09639 0.16021 0.22511 0.29009 0.35359 0.41630 0.48134 0.54635 0.60998 0.64764 0.65887 0.66945 0.67959 0.69245 0.70411 0.71509 0.72700 0.73711 0.74718 0.74962 0.74009 0.72825 0.71549 0.70537
0.00000 0.00000 0.00000 0.00000 0.00000 0.00000 0.00000 0.00000 0.00000 0.00000 0.00000 0.00000 0.00000 0.00000 0.00000 0.00190 0.00568 0.00949 0.01333 0.01711 0.02083 0.02466 0.02852 0.03225 0.03600 0.03612 0.03222 0.02837 0.02468 0.02090 0.01701 0.01321 0.00950 0.00569 0.00189 0.03583 0.10800 0.18033 0.25124 0.32213 0.39512 0.46829 0.53912 0.60787 0.67945 0.72168 0.72548 0.72433 0.72780 0.73472 0.74066 0.74054 0.74284 0.74740 0.75360 0.75322 0.74869 0.74486 0.74029 0.73657
0.00000 0.00000 0.00000 0.00000 0.00000 0.00000 0.00000 0.00000 0.00000 0.00000 0.00000 0.00000 0.00000 0.00000 0.00000 0.00000 0.00000 0.00000 0.00000 0.00000 0.00000 0.00000 0.00000 0.00000 0.00000 0.00189 0.00570 0.00949 0.01324 0.01704 0.02085 0.02458 0.02839 0.03227 0.03592 0.07357 0.14573 0.21824 0.28919 0.35978 0.43215 0.50608 0.57697 0.64568 0.71745 0.75356 0.74979 0.74451 0.73985 0.73753 0.73429 0.72920 0.72437 0.72311 0.72107 0.71812 0.72075 0.72706 0.73344 0.73876
0.00000 0.00000 0.00000 0.00000 0.00000 0.00000 0.00000 0.00000 0.00000 0.00000 0.00000 0.00000 0.00000 0.00000 0.00000 0.00000 0.00000 0.00000 0.00000 0.00000 0.00000 0.00000 0.00000 0.00000 0.00000 0.00569 0.01707 0.02847 0.03972 0.05104 0.06264 0.07402 0.08499 0.09615 0.10799 0.14600 0.20970 0.27317 0.33835 0.40356 0.46672 0.52907 0.59382 0.66019 0.72445 0.74754 0.73489 0.72757 0.71688 0.70217 0.68925 0.68044 0.67110 0.65778 0.64533 0.64615 0.65735 0.66897 0.68210 0.69403
0.00000 0.00000 0.00000 0.00000 0.00000 0.00000 0.00000 0.00000 0.00000 0.00000 0.00000 0.00000 0.00000 0.00000 0.00000 0.00000 0.00000 0.00000 0.00000 0.00000 0.00000 0.00000 0.00000 0.00000 0.00000 0.00949 0.02832 0.04737 0.06654 0.08510 0.10387 0.12331 0.14199 0.16030 0.17964 0.21821 0.27399 0.32956 0.38701 0.44537 0.50141 0.55493 0.61146 0.67183 0.72842 0.74305 0.72345 0.70784 0.68985 0.66828 0.64840 0.63225 0.61487 0.59260 0.57353 0.57669 0.59654 0.61404 0.63139 0.65058
0.00000 0.00000 0.00000 0.00000 0.00000 0.00000 0.00000 0.00000 0.00000 0.00000 0.00000 0.00000 0.00000 0.00000 0.00000 0.00000 0.00000 0.00000 0.00000 0.00000 0.00000 0.00000 0.00000 0.00000 0.00000 0.01325 0.03974 0.06637 0.09295 0.11927 0.14541 0.17213 0.19905 0.22556 0.25104 0.28845 0.33862 0.38830 0.43600 0.48383 0.53436 0.58392 0.63215 0.68086 0.72872 0.74080 0.71631 0.68836 0.65931 0.63476 0.61039 0.58249 0.55396 0.52887 0.50430 0.50350 0.53040 0.55576 0.58104 0.60764
0.00000 0.00000 0.00000 0.00000 0.00000 0.00000 0.00000 0.00000 0.00000 0.00000 0.00000 0.00000 0.00000 0.00000 0.00000 0.00000 0.00000 0.00000 0.00000 0.00000 0.00000 0.00000 0.00000 0.00000 0.00000 0.01706 0.05126 0.08510 0.11893 0.15359 0.18778 0.22079 0.25478 0.29014 0.32323 0.35983 0.40210 0.44528 0.48593 0.52498 0.56628 0.61156 0.65285 0.69002 0.73110 0.73848 0.70545 0.66791 0.63350 0.60177 0.56926 0.53242 0.49806 0.46643 0.43317 0.43119 0.46467 0.49958 0.53530 0.57034
0.00000 0.00000 0.00000 0.00000 0.00000 0.00000 0.00000 0.00000 0.00000 0.00000 0.00000 0.00000 0.00000 0.00000 0.00000 0.00000 0.00000 0.00000 0.00000 0.00000 0.00000 0.00000 0.00000 0.00000 0.00000 0.02090 0.06251 0.10385 0.14545 0.18773 0.22938 0.27010 0.31122 0.35365 0.39575 0.43322 0.46554 0.49930 0.53518 0.56867 0.60073 0.63577 0.67076 0.70204 0.73640 0.73500 0.69038 0.64862 0.61013 0.56823 0.52369 0.48304 0.44405 0.40195 0.35869 0.35895 0.40221 0.44361 0.48477 0.52515
0.00000 0.00000 0.00000 0.00000 0.00000 0.00000 0.00000 0.00000 0.00000 0.00000 0.00000 0.00000 0.00000 0.00000 0.00000 0.00000 0.00000 0.00000 0.00000 0.00000 0.00000 0.00000 0.00000 0.00000 0.00000 0.02458 0.07370 0.12324 0.17241 0.22085 0.26996 0.32027 0.36894 0.41653 0.46586 0.50556 0.53099 0.55520 0.58165 0.61088 0.63719 0.66047 0.68606 0.71494 0.74214 0.72862 0.67882 0.63087 0.58325 0.53273 0.48297 0.43539 0.38721 0.33700 0.28755 0.28837 0.33807 0.38771 0.43591 0.48459
0.00000 0.00000 0.00000 0.00000 0.00000 0.00000 0.00000 0.00000 0.00000 0.00000 0.00000 0.00000 0.00000 0.00000 0.00000 0.00000 0.00000 0.00000 0.00000 0.00000 0.00000 0.00000 0.00000 0.00000 0.00000 0.02830 0.08504 0.14237 0.19893 0.25432 0.31112 0.36936 0.42622 0.48109 0.53668 0.57583 0.59617 0.61373 0.63029 0.65039 0.67158 0.68695 0.70482 0.72738 0.74611 0.72298 0.66912 0.61426 0.55419 0.49753 0.44390 0.38722 0.32825 0.27221 0.21722 0.21721 0.27255 0.32862 0.38623 0.44389
0.00000 0.00000 0.00000 0.00000 0.00000 0.00000 0.00000 0.00000 0.00000 0.00000 0.00000 0.00000 0.00000 0.00000 0.00000 0.00000 0.00000 0.00000 0.00000 0.00000 0.00000 0.00000 0.00000 0.00000 0.00000 0.03223 0.09652 0.16042 0.22482 0.28992 0.35368 0.41661 0.48105 0.54684 0.61064 0.64584 0.65692 0.67075 0.68215 0.69092 0.70073 0.71430 0.72652 0.73698 0.74660 0.71887 0.65749 0.59400 0.52846 0.46434 0.40147 0.33717 0.27243 0.20878 0.14520 0.14528 0.20885 0.27242 0.33716 0.40279
0.00000 0.00000 0.00000 0.00000 0.00000 0.00000 0.00000 0.00000 0.00000 0.00000 0.00000 0.00000 0.00000 0.00000 0.00000 0.00000 0.00000 0.00000 0.00000 0.00000 0.00000 0.00000 0.00000 0.00000 0.00000 0.03607 0.10785 0.17898 0.25087 0.32402 0.39578 0.46488 0.53656 0.61081 0.68317 0.71856 0.72014 0.72591 0.73174 0.73261 0.73431 0.74182 0.74641 0.74541 0.74990 0.72036 0.64567 0.57232 0.50266 0.43275 0.35828 0.28690 0.21685 0.14538 0.07315 0.07316 0.14516 0.21712 0.28819 0.35899
0.00000 0.00000 0.00000 0.00000 0.00000 0.00000 0.00000 0.00000 0.00000 0.00000 0.00000 0.00000 0.00000 0.00000 0.00000 0.00190 0.00568 0.00947 0.01329 0.01707 0.02081 0.02457 0.02841 0.03223 0.03593 0.07170 0.13991 0.20847 0.27595 0.34309 0.41143 0.48063 0.54808 0.61387 0.68177 0.71773 0.71783 0.71525 0.71404 0.71636 0.71712 0.71609 0.71395 0.71361 0.71529 0.68060 0.60770 0.53446 0.46448 0.39390 0.32151 0.24976 0.17882 0.10740 0.03571 0.03566 0.10724 0.17954 0.25082 0.32202
0.00000 0.00000 0.00000 0.00000 0.00000 0.00000 0.00000 0.00000 0.00000 0.00000 0.00000 0.00000 0.00000 0.00000 0.00000 0.00569 0.01701 0.02834 0.03986 0.05128 0.06231 0.07353 0.08520 0.09678 0.10771 0.13937 0.19253 0.24645 0.29897 0.34984 0.40299 0.45795 0.51085 0.56085 0.61283 0.64176 0.64273 0.64038 0.63822 0.64094 0.64215 0.63846 0.63824 0.64214 0.64134 0.60569 0.54257 0.48159 0.41566 0.35064 0.28755 0.22455 0.15950 0.09561 0.03199 0.03204 0.09583 0.15939 0.22360 0.28753
0.00000 0.00000 0.00000 0.00000 0.00000 0.00000 0.00000 0.00000 0.00000 0.00000 0.00000 0.00000 0.00000 0.00000 0.00000 0.00946 0.02850 0.04739 0.06616 0.08503 0.10429 0.12326 0.14174 0.16037 0.17974 0.20856 0.24559 0.28271 0.32102 0.35972 0.39664 0.43303 0.47111 0.51009 0.54781 0.56437 0.56398 0.56567 0.56618 0.56483 0.56330 0.56422 0.56485 0.56516 0.56420 0.53456 0.47881 0.42372 0.36690 0.30963 0.25356 0.19766 0.14100 0.08447 0.02819 0.02827 0.08467 0.14069 0.19707 0.25442
0.00000 0.00000 0.00000 0.00000 0.00000 0.00000 0.00000 0.00000 0.00000 0.00000 0.00000 0.00000 0.00000 0.00000 0.00000 0.01323 0.03986 0.06640 0.09251 0.11888 0.14589 0.17261 0.19825 0.22412 0.25128 0.27673 0.29868 0.31980 0.34292 0.36718 0.38960 0.40976 0.43250 0.45727 0.48011 0.48930 0.48810 0.49005 0.49082 0.48863 0.48755 0.49035 0.49050 0.48767 0.48756 0.46628 0.41672 0.36550 0.31691 0.26965 0.22017 0.17053 0.12201 0.07343 0.02442 0.02438 0.07321 0.12207 0.17111 0.21962
0.00000 0.00000 0.00000 0.00000 0.00000 0.00000 0.00000 0.00000 0.00000 0.00000 0.00000 0.00000 0.00000 0.00000 0.00000 0.01705 0.05096 0.08498 0.11956 0.15353 0.18695 0.22062 0.25563 0.29013 0.32285 0.34298 0.35145 0.35999 0.36619 0.37277 0.38091 0.38942 0.39644 0.40242 0.41024 0.41498 0.41508 0.41374 0.41331 0.41415 0.41448 0.41424 0.41349 0.41319 0.41309 0.39330 0.35195 0.30982 0.26810 0.22743 0.18632 0.14466 0.10327 0.06204 0.02069 0.02066 0.06196 0.10358 0.14501 0.18607
0.00000 0.00000 0.00000 0.00000 0.00000 0.00000 0.00000 0.00000 0.00000 0.00000 0.00000 0.00000 0.00000 0.00000 0.00000 0.02083 0.06228 0.10384 0.14593 0.18767 0.22835 0.26944 0.31199 0.35434 0.39469 0.41011 0.40354 0.39759 0.38938 0.37952 0.37253 0.36679 0.35912 0.34961 0.34181 0.33953 0.33992 0.33848 0.33741 0.33905 0.33933 0.33771 0.33716 0.33958 0.33935 0.32061 0.28662 0.25439 0.22061 0.18554 0.15186 0.11851 0.08468 0.05063 0.01687 0.01690 0.05078 0.08448 0.11807 0.15168
0.00000 0.00000 0.00000 0.00000 0.00000 0.00000 0.00000 0.00000 0.00000 0.00000 0.00000 0.00000 0.00000 0.00000 0.00000 0.02454 0.07399 0.12308 0.17164 0.22045 0.27096 0.32019 0.36788 0.41612 0.46704 0.48150 0.45648 0.43304 0.41137 0.38981 0.36593 0.34222 0.32018 0.29824 0.27538 0.26308 0.26320 0.26372 0.26383 0.26341 0.26313 0.26317 0.26320 0.26349 0.26347 0.24987 0.22306 0.19728 0.17134 0.14474 0.11814 0.09193 0.06590 0.03948 0.01314 0.01314 0.03953 0.06586 0.09205 0.11820
0.00000 0.00000 0.00000 0.00000 0.00000 0.00000 0.00000 0.00000 0.00000 0.00000 0.00000 0.00000 0.00000 0.00000 0.00000 0.02833 0.08527 0.14198 0.19802 0.25446 0.31213 0.36933 0.42442 0.47987 0.53785 0.54906 0.50986 0.46981 0.43306 0.39720 0.35904 0.31925 0.28188 0.24551 0.20784 0.18795 0.18751 0.18839 0.18854 0.18792 0.18720 0.18836 0.18831 0.18770 0.18728 0.17896 0.16018 0.14069 0.12179 0.10341 0.08476 0.06564 0.04686 0.02817 0.00941 0.00938 0.02807 0.04678 0.06570 0.08445
0.00000 0.00000 0.00000 0.00000 0.00000 0.00000 0.00000 0.00000 0.00000 0.00000 0.00000 0.00000 0.00000 0.00000 0.00000 0.03214 0.09605 0.16008 0.22542 0.28942 0.35245 0.41575 0.48232 0.54717 0.60884 0.61338 0.56267 0.51138 0.45605 0.40246 0.35059 0.29857 0.24496 0.19164 0.13927 0.11315 0.11304 0.11283 0.11284 0.11284 0.11295 0.11297 0.11293 0.11273 0.11265 0.10728 0.09611 0.08462 0.07316 0.06190 0.05088 0.03949 0.02813 0.01686 0.00565 0.00565 0.01689 0.02808 0.03942 0.05065
0.00000 0.00000 0.00000 0.00000 0.00000 0.00000 0.00000 0.00000 0.00000 0.00000 0.00000 0.00000 0.00000 0.00000 0.00000 0.03591 0.10738 0.17900 0.25166 0.32358 0.39372 0.46481 0.53826 0.61139 0.68049 0.68054 0.61432 0.54861 0.47953 0.40923 0.34228 0.27597 0.20782 0.13895 0.07128 0.03772 0.03775 0.03761 0.03739 0.03765 0.03773 0.03762 0.03750 0.03765 0.03774 0.03571 0.03190 0.02822 0.02451 0.02066 0.01687 0.01315 0.00941 0.00563 0.00187 0.00188 0.00564 0.00938 0.01311 0.01681
0.00000 0.00000 0.00000 0.00000 0.00000 0.00000 0.00000 0.00000 0.00000 0.00000 0.00000 0.00000 0.00000 0.00000 0.00000 0.03578 0.10785 0.17933 0.25035 0.32155 0.39489 0.46652 0.53676 0.60688 0.68149 0.68480 0.61400 0.54521 0.47900 0.41232 0.34255 0.27442 0.20722 0.13976 0.07150 0.03763 0.03767 0.03767 0.03764 0.03767 0.03768 0.03756 0.03764 0.03772 0.03775 0.03575 0.03194 0.02823 0.02454 0.02072 0.01688 0.01311 0.00942 0.00565 0.00187 0.00187 0.00564 0.00941 0.01312 0.01677
0.00000 0.00000 0.00000 0.00000 0.00000 0.00000 0.00000 0.00000 0.00000 0.00000 0.00000 0.00000 0.00000 0.00000 0.00000 0.03199 0.09653 0.16067 0.22385 0.28763 0.35345 0.41790 0.47963 0.54304 0.60941 0.61662 0.56141 0.50695 0.45555 0.40436 0.35092 0.29661 0.24409 0.19274 0.13957 0.11282 0.11252 0.11306 0.11333 0.11299 0.11269 0.11287 0.11347 0.11308 0.11294 0.10727 0.09642 0.08478 0.07332 0.06210 0.05088 0.03951 0.02816 0.01692 0.00564 0.00563 0.01689 0.02808 0.03937 0.05062
0.00000 0.00000 0.00000 0.00000 0.00000 0.00000 0.00000 0.00000 0.00000 0.00000 0.00000 0.00000 0.00000 0.00000 0.00000 0.02824 0.08457 0.14109 0.19789 0.25411 0.31052 0.36620 0.42388 0.48047 0.53688 0.54445 0.50891 0.47240 0.43279 0.39494 0.35789 0.32139 0.28175 0.24498 0.20741 0.18868 0.18793 0.18842 0.18886 0.18822 0.18819 0.18863 0.18907 0.18802 0.18847 0.17939 0.16078 0.14172 0.12220 0.10341 0.08499 0.06616 0.04683 0.02816 0.00941 0.00944 0.02810 0.04678 0.06580 0.08429
0.00000 0.00000 0.00000 0.00000 0.00000 0.00000 0.00000 0.00000 0.00000 0.00000 0.00000 0.00000 0.00000 0.00000 0.00000 0.02449 0.07322 0.12202 0.17170 0.22061 0.26845 0.31699 0.36799 0.41651 0.46428 0.47666 0.45636 0.43450 0.41032 0.38716 0.36475 0.34422 0.32017 0.29738 0.27466 0.26439 0.26400 0.26367 0.26351 0.26353 0.26453 0.26399 0.26404 0.26343 0.26511 0.25121 0.22488 0.19804 0.17147 0.14532 0.11886 0.09239 0.06572 0.03955 0.01318 0.01317 0.03942 0.06576 0.09208 0.11807
0.00000 0.00000 0.00000 0.00000 0.00000 0.00000 0.00000 0.00000 0.00000 0.00000 0.00000 0.00000 0.00000 0.00000 0.00000 0.02069 0.06194 0.10305 0.14502 0.18631 0.22715 0.26791 0.31112 0.35199 0.39303 0.41043 0.40344 0.39548 0.38760 0.38128 0.37169 0.36637 0.35799 0.35084 0.34234 0.34024 0.34057 0.33956 0.33892 0.33952 0.34092 0.33938 0.33979 0.34010 0.34203 0.32332 0.28918 0.25508 0.22139 0.18796 0.15260 0.11897 0.08476 0.05115 0.01689 0.01698 0.05088 0.08475 0.11828 0.15128
