0.00000 0.00623 0.00392 0.00904 0.00459 0.00712 0.00989 0.00882 0.00802 0.00342 0.00794 0.00517 0.00380 0.00443 0.00211 0.00319 0.00235 0.00413 0.00118 0.00295 0.00234 0.00242 0.00121 0.00118 0.00040 0.00000 0.00000 0.00000 0.00000 0.00000 0.00000 0.00000 0.00000 0.00000 0.00000 0.00066 0.00203 0.00432 0.00603 0.00782 0.01092 0.01311 0.01644 0.01781 0.02258 0.02242 0.02432 0.02370 0.02549 0.02593 0.02880 0.02643 0.03055 0.02974 0.03414 0.02822 0.03882 0.03350 0.04624 0.03595 0.04900 0.03832 0.05066 0.03921 0.04514 0.03686 0.03095 0.02740 0.02254 0.01306
0.00337 0.00833 0.00623 0.00939 0.00735 0.01080 0.00910 0.00923 0.00930 0.00809 0.00786 0.00589 0.00626 0.00703 0.00438 0.00501 0.00437 0.00551 0.00305 0.00362 0.00358 0.00298 0.00192 0.00150 0.00056 0.00000 0.00000 0.00000 0.00000 0.00000 0.00000 0.00000 0.00000 0.00000 0.00000 0.00085 0.00264 0.00430 0.00738 0.00963 0.01243 0.01374 0.01888 0.02127 0.02533 0.02552 0.02764 0.02729 0.03039 0.03082 0.03175 0.03031 0.03444 0.03434 0.03684 0.03274 0.04079 0.03749 0.04585 0.03848 0.04782 0.04053 0.04864 0.03964 0.04450 0.03683 0.03354 0.02825 0.02654 0.02006
0.00437 0.00936 0.00542 0.00999 0.01123 0.01512 0.00742 0.00829 0.01375 0.01063 0.00733 0.00724 0.00826 0.00839 0.00573 0.00693 0.00555 0.00646 0.00458 0.00448 0.00355 0.00384 0.00246 0.00178 0.00065 0.00000 0.00000 0.00000 0.00000 0.00000 0.00000 0.00000 0.00000 0.00000 0.00000 0.00106 0.00322 0.00456 0.00805 0.01219 0.01441 0.01571 0.02219 0.02495 0.02899 0.02981 0.03194 0.03179 0.03641 0.03466 0.03496 0.03546 0.04147 0.03772 0.03984 0.03827 0.04596 0.04100 0.04679 0.04151 0.04957 0.04236 0.04780 0.04072 0.04438 0.03768 0.03431 0.02949 0.02661 0.01925
0.01007 0.01239 0.00967 0.01512 0.01463 0.01488 0.01004 0.01366 0.01439 0.01256 0.01146 0.01220 0.01119 0.01047 0.01086 0.01095 0.00814 0.00790 0.00800 0.00656 0.00482 0.00448 0.00375 0.00201 0.00076 0.00000 0.00000 0.00000 0.00000 0.00000 0.00000 0.00000 0.00000 0.00000 0.00000 0.00110 0.00393 0.00612 0.00895 0.01206 0.01712 0.01965 0.02348 0.02650 0.03268 0.03420 0.03538 0.03738 0.03895 0.03731 0.03901 0.04326 0.04472 0.03978 0.04311 0.04516 0.04811 0.04262 0.04782 0.04571 0.04953 0.04362 0.04745 0.04248 0.04419 0.03813 0.03680 0.03228 0.03152 0.02648
0.01009 0.01521 0.01503 0.01921 0.01328 0.01494 0.01800 0.01954 0.01331 0.01360 0.01670 0.01622 0.01217 0.01309 0.01395 0.01407 0.01015 0.00989 0.00965 0.00875 0.00598 0.00540 0.00428 0.00264 0.00085 0.00000 0.00000 0.00000 0.00000 0.00000 0.00000 0.00000 0.00000 0.00000 0.00000 0.00114 0.00426 0.00782 0.01040 0.01324 0.01926 0.02415 0.02648 0.02948 0.03718 0.04003 0.04171 0.04115 0.04096 0.04265 0.04771 0.04699 0.04385 0.04524 0.05179 0.04893 0.04861 0.04717 0.05290 0.04871 0.04939 0.04597 0.04932 0.04411 0.04360 0.03959 0.03896 0.03467 0.03224 0.02740
0.01695 0.02004 0.02030 0.01913 0.01490 0.01925 0.01967 0.01887 0.01418 0.01738 0.01884 0.01693 0.01667 0.01679 0.01657 0.01634 0.01474 0.01224 0.01103 0.00979 0.00876 0.00590 0.00477 0.00293 0.00106 0.00000 0.00000 0.00000 0.00000 0.00000 0.00000 0.00000 0.00000 0.00000 0.00000 0.00139 0.00422 0.00767 0.01186 0.01426 0.01847 0.02275 0.02854 0.03138 0.03542 0.03976 0.04178 0.04143 0.04019 0.04501 0.04741 0.04480 0.04354 0.04892 0.05112 0.04671 0.04864 0.04979 0.05159 0.04717 0.04944 0.04800 0.04842 0.04368 0.04422 0.04144 0.04015 0.03517 0.03528 0.03240
0.01397 0.01734 0.01585 0.01763 0.01896 0.02030 0.01661 0.01657 0.01843 0.01914 0.01585 0.01634 0.01719 0.01798 0.01550 0.01522 0.01493 0.01334 0.01019 0.00943 0.00838 0.00662 0.00427 0.00291 0.00105 0.00000 0.00000 0.00000 0.00000 0.00000 0.00000 0.00000 0.00000 0.00000 0.00000 0.00144 0.00410 0.00674 0.01093 0.01465 0.01670 0.02041 0.02630 0.03096 0.03345 0.03514 0.03742 0.03926 0.04050 0.03981 0.03857 0.04138 0.04395 0.04329 0.04069 0.04310 0.04651 0.04586 0.04509 0.04573 0.04934 0.04697 0.04565 0.04493 0.04731 0.04485 0.04165 0.04104 0.04181 0.04269
0.01894 0.01780 0.01632 0.01888 0.01945 0.01815 0.01470 0.01744 0.01863 0.01750 0.01620 0.01688 0.01741 0.01733 0.01712 0.01598 0.01472 0.01368 0.01193 0.00913 0.00830 0.00648 0.00497 0.00273 0.00101 0.00000 0.00000 0.00000 0.00000 0.00000 0.00000 0.00000 0.00000 0.00000 0.00000 0.00129 0.00417 0.00663 0.00955 0.01300 0.01684 0.01915 0.02269 0.02716 0.03165 0.03305 0.03235 0.03493 0.03694 0.03614 0.03408 0.03735 0.04023 0.03820 0.03692 0.03990 0.04276 0.04181 0.04347 0.04556 0.04660 0.04458 0.04605 0.04650 0.04640 0.04201 0.04094 0.03707 0.03499 0.02995
0.01703 0.01772 0.01820 0.01875 0.01661 0.01649 0.01745 0.01757 0.01596 0.01649 0.01666 0.01722 0.01571 0.01593 0.01662 0.01620 0.01379 0.01227 0.01140 0.00959 0.00727 0.00622 0.00459 0.00282 0.00090 0.00000 0.00000 0.00000 0.00000 0.00000 0.00000 0.00000 0.00000 0.00000 0.00000 0.00112 0.00374 0.00645 0.00875 0.01149 0.01530 0.01865 0.02061 0.02369 0.02844 0.03111 0.03071 0.03005 0.03133 0.03325 0.03359 0.03239 0.03254 0.03414 0.03550 0.03526 0.03659 0.03904 0.04274 0.04293 0.04318 0.04479 0.04839 0.04814 0.04696 0.04679 0.04711 0.04584 0.04291 0.04260
0.01556 0.01637 0.01670 0.01569 0.01421 0.01577 0.01629 0.01572 0.01431 0.01515 0.01596 0.01564 0.01522 0.01530 0.01557 0.01542 0.01353 0.01159 0.01048 0.00908 0.00769 0.00550 0.00431 0.00258 0.00091 0.00000 0.00000 0.00000 0.00000 0.00000 0.00000 0.00000 0.00000 0.00000 0.00000 0.00107 0.00325 0.00567 0.00823 0.01045 0.01305 0.01609 0.01925 0.02155 0.02408 0.02664 0.02779 0.02754 0.02655 0.02812 0.03040 0.02926 0.02781 0.02938 0.03121 0.03131 0.03306 0.03680 0.03961 0.04041 0.04261 0.04602 0.04714 0.04652 0.04813 0.04687 0.04284 0.03761 0.03550 0.03042
0.01724 0.01635 0.01511 0.01461 0.01508 0.01476 0.01381 0.01390 0.01408 0.01391 0.01348 0.01372 0.01399 0.01430 0.01384 0.01315 0.01232 0.01084 0.00936 0.00800 0.00682 0.00528 0.00365 0.00235 0.00079 0.00000 0.00000 0.00000 0.00000 0.00000 0.00000 0.00000 0.00000 0.00000 0.00000 0.00095 0.00287 0.00483 0.00714 0.00941 0.01134 0.01359 0.01651 0.01931 0.02117 0.02202 0.02323 0.02427 0.02394 0.02300 0.02410 0.02528 0.02531 0.02411 0.02500 0.02683 0.03101 0.03310 0.03610 0.03899 0.04349 0.04498 0.04649 0.04909 0.05359 0.05267 0.04808 0.04546 0.04350 0.04238
0.01163 0.01165 0.01139 0.01200 0.01211 0.01182 0.01113 0.01159 0.01196 0.01186 0.01134 0.01155 0.01183 0.01217 0.01186 0.01127 0.01017 0.00955 0.00811 0.00663 0.00566 0.00446 0.00333 0.00189 0.00067 0.00000 0.00000 0.00000 0.00000 0.00000 0.00000 0.00000 0.00000 0.00000 0.00000 0.00078 0.00239 0.00404 0.00577 0.00760 0.00957 0.01126 0.01314 0.01537 0.01779 0.01859 0.01828 0.01903 0.02019 0.01961 0.01883 0.01974 0.02116 0.02036 0.01975 0.02233 0.02674 0.03011 0.03350 0.03827 0.04150 0.04391 0.04709 0.05093 0.05284 0.05036 0.04608 0.04023 0.03597 0.03052
0.01072 0.01023 0.01034 0.00998 0.00936 0.00922 0.00939 0.00919 0.00900 0.00914 0.00920 0.00921 0.00904 0.00915 0.00942 0.00896 0.00806 0.00706 0.00646 0.00533 0.00430 0.00347 0.00254 0.00151 0.00050 0.00000 0.00000 0.00000 0.00000 0.00000 0.00000 0.00000 0.00000 0.00000 0.00000 0.00059 0.00183 0.00310 0.00438 0.00571 0.00719 0.00874 0.01000 0.01133 0.01317 0.01435 0.01410 0.01375 0.01441 0.01518 0.01475 0.01403 0.01488 0.01517 0.01533 0.01706 0.02209 0.02652 0.03198 0.03564 0.04006 0.04400 0.04952 0.05264 0.05611 0.05550 0.05184 0.04812 0.04318 0.03893
0.00580 0.00594 0.00592 0.00591 0.00580 0.00591 0.00597 0.00593 0.00572 0.00579 0.00594 0.00600 0.00585 0.00589 0.00593 0.00597 0.00516 0.00453 0.00396 0.00353 0.00287 0.00214 0.00160 0.00098 0.00033 0.00000 0.00000 0.00000 0.00000 0.00000 0.00000 0.00000 0.00000 0.00000 0.00000 0.00038 0.00116 0.00195 0.00279 0.00362 0.00449 0.00540 0.00644 0.00725 0.00812 0.00877 0.00918 0.00896 0.00876 0.00910 0.00971 0.00930 0.00899 0.00938 0.00964 0.01225 0.01741 0.02322 0.02861 0.03380 0.03889 0.04468 0.04897 0.05307 0.05739 0.05644 0.05007 0.04360 0.03835 0.03203
0.00242 0.00230 0.00224 0.00218 0.00222 0.00218 0.00212 0.00213 0.00214 0.00211 0.00210 0.00213 0.00216 0.00216 0.00215 0.00205 0.00192 0.00165 0.00146 0.00123 0.00105 0.00080 0.00057 0.00035 0.00012 0.00000 0.00000 0.00000 0.00000 0.00000 0.00000 0.00000 0.00000 0.00000 0.00000 0.00013 0.00041 0.00069 0.00098 0.00129 0.00158 0.00189 0.00223 0.00261 0.00287 0.00300 0.00310 0.00325 0.00314 0.00304 0.00319 0.00331 0.00325 0.00315 0.00328 0.00642 0.01288 0.01888 0.02538 0.03143 0.03834 0.04362 0.04974 0.05500 0.06157 0.06086 0.05459 0.04762 0.04150 0.03633
0.00000 0.00000 0.00000 0.00000 0.00000 0.00000 0.00000 0.00000 0.00000 0.00000 0.00000 0.00000 0.00000 0.00000 0.00000 0.00011 0.00034 0.00062 0.00083 0.00105 0.00131 0.00159 0.00185 0.00205 0.00235 0.00254 0.00252 0.00253 0.00259 0.00263 0.00264 0.00267 0.00273 0.00277 0.00279 0.00268 0.00244 0.00218 0.00192 0.00163 0.00137 0.00107 0.00077 0.00047 0.00016 0.00000 0.00000 0.00000 0.00000 0.00000 0.00000 0.00000 0.00000 0.00000 0.00000 0.00328 0.00987 0.01651 0.02299 0.02982 0.03604 0.04238 0.04851 0.05494 0.06019 0.05948 0.05278 0.04613 0.03974 0.03323
0.00000 0.00000 0.00000 0.00000 0.00000 0.00000 0.00000 0.00000 0.00000 0.00000 0.00000 0.00000 0.00000 0.00000 0.00000 0.00037 0.00113 0.00188 0.00277 0.00344 0.00420 0.00507 0.00603 0.00670 0.00753 0.00799 0.00823 0.00818 0.00825 0.00831 0.00849 0.00857 0.00863 0.00873 0.00891 0.00853 0.00772 0.00690 0.00604 0.00516 0.00427 0.00342 0.00242 0.00147 0.00050 0.00000 0.00000 0.00000 0.00000 0.00000 0.00000 0.00000 0.00000 0.00000 0.00000 0.00301 0.00917 0.01530 0.02163 0.02745 0.03364 0.03938 0.04569 0.05082 0.05674 0.05553 0.04946 0.04385 0.03800 0.03179
0.00000 0.00000 0.00000 0.00000 0.00000 0.00000 0.00000 0.00000 0.00000 0.00000 0.00000 0.00000 0.00000 0.00000 0.00000 0.00068 0.00197 0.00329 0.00463 0.00621 0.00749 0.00871 0.01030 0.01192 0.01324 0.01392 0.01421 0.01446 0.01445 0.01453 0.01484 0.01508 0.01514 0.01527 0.01554 0.01505 0.01353 0.01201 0.01060 0.00903 0.00749 0.00586 0.00432 0.00257 0.00086 0.00000 0.00000 0.00000 0.00000 0.00000 0.00000 0.00000 0.00000 0.00000 0.00000 0.00281 0.00843 0.01417 0.01978 0.02550 0.03101 0.03674 0.04187 0.04726 0.05239 0.05228 0.04622 0.04059 0.03527 0.02988
0.00000 0.00000 0.00000 0.00000 0.00000 0.00000 0.00000 0.00000 0.00000 0.00000 0.00000 0.00000 0.00000 0.00000 0.00000 0.00097 0.00301 0.00492 0.00700 0.00902 0.01141 0.01321 0.01528 0.01758 0.02015 0.02091 0.02101 0.02120 0.02163 0.02173 0.02185 0.02210 0.02254 0.02270 0.02290 0.02190 0.02004 0.01766 0.01543 0.01330 0.01088 0.00857 0.00617 0.00384 0.00126 0.00000 0.00000 0.00000 0.00000 0.00000 0.00000 0.00000 0.00000 0.00000 0.00000 0.00253 0.00762 0.01269 0.01782 0.02290 0.02808 0.03281 0.03787 0.04240 0.04731 0.04670 0.04179 0.03602 0.03108 0.02620
0.00000 0.00000 0.00000 0.00000 0.00000 0.00000 0.00000 0.00000 0.00000 0.00000 0.00000 0.00000 0.00000 0.00000 0.00000 0.00131 0.00394 0.00688 0.00941 0.01207 0.01491 0.01809 0.02077 0.02343 0.02660 0.02846 0.02832 0.02838 0.02895 0.02939 0.02949 0.02970 0.03020 0.03084 0.03081 0.02944 0.02672 0.02396 0.02085 0.01766 0.01483 0.01151 0.00833 0.00505 0.00174 0.00000 0.00000 0.00000 0.00000 0.00000 0.00000 0.00000 0.00000 0.00000 0.00000 0.00224 0.00673 0.01124 0.01573 0.02029 0.02468 0.02914 0.03341 0.03784 0.04189 0.04175 0.03718 0.03285 0.02831 0.02396
0.00000 0.00000 0.00000 0.00000 0.00000 0.00000 0.00000 0.00000 0.00000 0.00000 0.00000 0.00000 0.00000 0.00000 0.00000 0.00170 0.00515 0.00860 0.01237 0.01569 0.01922 0.02311 0.02723 0.03050 0.03412 0.03635 0.03690 0.03695 0.03710 0.03753 0.03817 0.03840 0.03864 0.03901 0.03989 0.03785 0.03425 0.03035 0.02665 0.02262 0.01858 0.01480 0.01053 0.00639 0.00215 0.00000 0.00000 0.00000 0.00000 0.00000 0.00000 0.00000 0.00000 0.00000 0.00000 0.00189 0.00570 0.00954 0.01337 0.01716 0.02098 0.02470 0.02848 0.03194 0.03564 0.03519 0.03140 0.02743 0.02381 0.01990
0.00000 0.00000 0.00000 0.00000 0.00000 0.00000 0.00000 0.00000 0.00000 0.00000 0.00000 0.00000 0.00000 0.00000 0.00000 0.00214 0.00637 0.01061 0.01498 0.01957 0.02401 0.02817 0.03308 0.03803 0.04235 0.04446 0.04529 0.04582 0.04596 0.04622 0.04694 0.04769 0.04781 0.04810 0.04873 0.04742 0.04216 0.03722 0.03281 0.02796 0.02308 0.01802 0.01321 0.00788 0.00265 0.00000 0.00000 0.00000 0.00000 0.00000 0.00000 0.00000 0.00000 0.00000 0.00000 0.00153 0.00461 0.00772 0.01083 0.01391 0.01696 0.02006 0.02303 0.02602 0.02888 0.02884 0.02566 0.02262 0.01959 0.01667
0.00000 0.00000 0.00000 0.00000 0.00000 0.00000 0.00000 0.00000 0.00000 0.00000 0.00000 0.00000 0.00000 0.00000 0.00000 0.00256 0.00776 0.01293 0.01817 0.02364 0.02899 0.03452 0.03975 0.04583 0.05146 0.05434 0.05446 0.05517 0.05586 0.05622 0.05653 0.05714 0.05799 0.05829 0.05859 0.05610 0.05111 0.04500 0.03907 0.03358 0.02761 0.02168 0.01558 0.00955 0.00316 0.00000 0.00000 0.00000 0.00000 0.00000 0.00000 0.00000 0.00000 0.00000 0.00000 0.00114 0.00341 0.00571 0.00800 0.01030 0.01258 0.01481 0.01708 0.01924 0.02145 0.02124 0.01898 0.01653 0.01431 0.01200
0.00000 0.00000 0.00000 0.00000 0.00000 0.00000 0.00000 0.00000 0.00000 0.00000 0.00000 0.00000 0.00000 0.00000 0.00000 0.00305 0.00916 0.01542 0.02170 0.02771 0.03439 0.04062 0.04758 0.05351 0.06074 0.06440 0.06474 0.06508 0.06596 0.06669 0.06703 0.06739 0.06821 0.06925 0.06938 0.06601 0.05978 0.05332 0.04641 0.03931 0.03277 0.02558 0.01842 0.01113 0.00380 0.00000 0.00000 0.00000 0.00000 0.00000 0.00000 0.00000 0.00000 0.00000 0.00000 0.00071 0.00213 0.00355 0.00498 0.00641 0.00784 0.00924 0.01061 0.01201 0.01337 0.01333 0.01185 0.01047 0.00905 0.00769
0.00000 0.00000 0.00000 0.00000 0.00000 0.00000 0.00000 0.00000 0.00000 0.00000 0.00000 0.00000 0.00000 0.00000 0.00000 0.00356 0.01075 0.01803 0.02522 0.03274 0.03965 0.04783 0.05486 0.06287 0.07041 0.07511 0.07578 0.07636 0.07678 0.07755 0.07832 0.07881 0.07922 0.08008 0.08073 0.07723 0.06906 0.06169 0.05378 0.04595 0.03778 0.02975 0.02133 0.01293 0.00433 0.00000 0.00000 0.00000 0.00000 0.00000 0.00000 0.00000 0.00000 0.00000 0.00000 0.00024 0.00073 0.00123 0.00172 0.00221 0.00270 0.00319 0.00367 0.00414 0.00461 0.00459 0.00410 0.00358 0.00310 0.00260
0.00000 0.00000 0.00000 0.00000 0.00000 0.00000 0.00000 0.00000 0.00000 0.00000 0.00000 0.00000 0.00000 0.00000 0.00000 0.00374 0.01123 0.01873 0.02638 0.03379 0.04183 0.04924 0.05733 0.06527 0.07375 0.07804 0.07903 0.07969 0.08019 0.08062 0.08147 0.08223 0.08277 0.08310 0.08394 0.08045 0.07224 0.06382 0.05605 0.04774 0.03933 0.03076 0.02225 0.01340 0.00448 0.00000 0.00000 0.00000 0.00000 0.00000 0.00000 0.00000 0.00000 0.00000 0.00000 0.00000 0.00000 0.00000 0.00000 0.00000 0.00000 0.00000 0.00000 0.00000 0.00000 0.00000 0.00000 0.00000 0.00000 0.00000
0.00000 0.00000 0.00000 0.00000 0.00000 0.00000 0.00000 0.00000 0.00000 0.00000 0.00000 0.00000 0.00000 0.00000 0.00000 0.00347 0.01046 0.01749 0.02442 0.03168 0.03867 0.04602 0.05331 0.06094 0.06851 0.07299 0.07336 0.07420 0.07475 0.07527 0.07570 0.07636 0.07695 0.07742 0.07771 0.07436 0.06681 0.05951 0.05174 0.04429 0.03642 0.02860 0.02054 0.01237 0.00414 0.00000 0.00000 0.00000 0.00000 0.00000 0.00000 0.00000 0.00000 0.00000 0.00000 0.00000 0.00000 0.00000 0.00000 0.00000 0.00000 0.00000 0.00000 0.00000 0.00000 0.00000 0.00000 0.00000 0.00000 0.00000
0.00000 0.00000 0.00000 0.00000 0.00000 0.00000 0.00000 0.00000 0.00000 0.00000 0.00000 0.00000 0.00000 0.00000 0.00000 0.00319 0.00957 0.01600 0.02250 0.02898 0.03560 0.04227 0.04903 0.05588 0.06296 0.06666 0.06736 0.06772 0.06843 0.06894 0.06939 0.06982 0.07024 0.07089 0.07105 0.06795 0.06114 0.05425 0.04743 0.04031 0.03331 0.02605 0.01865 0.01127 0.00377 0.00000 0.00000 0.00000 0.00000 0.00000 0.00000 0.00000 0.00000 0.00000 0.00000 0.00000 0.00000 0.00000 0.00000 0.00000 0.00000 0.00000 0.00000 0.00000 0.00000 0.00000 0.00000 0.00000 0.00000 0.00000
0.00000 0.00000 0.00000 0.00000 0.00000 0.00000 0.00000 0.00000 0.00000 0.00000 0.00000 0.00000 0.00000 0.00000 0.00000 0.00286 0.00861 0.01442 0.02024 0.02615 0.03210 0.03813 0.04422 0.05039 0.05662 0.06001 0.06035 0.06090 0.06124 0.06183 0.06226 0.06258 0.06306 0.06324 0.06380 0.06073 0.05462 0.04865 0.04234 0.03616 0.02975 0.02323 0.01670 0.01008 0.00338 0.00000 0.00000 0.00000 0.00000 0.00000 0.00000 0.00000 0.00000 0.00000 0.00000 0.00000 0.00000 0.00000 0.00000 0.00000 0.00000 0.00000 0.00000 0.00000 0.00000 0.00000 0.00000 0.00000 0.00000 0.00000
0.00000 0.00000 0.00000 0.00000 0.00000 0.00000 0.00000 0.00000 0.00000 0.00000 0.00000 0.00000 0.00000 0.00000 0.00000 0.00252 0.00758 0.01268 0.01781 0.02301 0.02824 0.03354 0.03888 0.04430 0.04975 0.05268 0.05296 0.05328 0.05368 0.05396 0.05441 0.05475 0.05503 0.05541 0.05557 0.05318 0.04789 0.04246 0.03711 0.03158 0.02597 0.02033 0.01461 0.00882 0.00296 0.00000 0.00000 0.00000 0.00000 0.00000 0.00000 0.00000 0.00000 0.00000 0.00000 0.00000 0.00000 0.00000 0.00000 0.00000 0.00000 0.00000 0.00000 0.00000 0.00000 0.00000 0.00000 0.00000 0.00000 0.00000
0.00000 0.00000 0.00000 0.00000 0.00000 0.00000 0.00000 0.00000 0.00000 0.00000 0.00000 0.00000 0.00000 0.00000 0.00000 0.00214 0.00644 0.01077 0.01514 0.01955 0.02399 0.02848 0.03302 0.03759 0.04225 0.04465 0.04492 0.04511 0.04535 0.04568 0.04586 0.04625 0.04645 0.04676 0.04704 0.04497 0.04046 0.03594 0.03133 0.02667 0.02195 0.01718 0.01235 0.00745 0.00250 0.00000 0.00000 0.00000 0.00000 0.00000 0.00000 0.00000 0.00000 0.00000 0.00000 0.00000 0.00000 0.00000 0.00000 0.00000 0.00000 0.00000 0.00000 0.00000 0.00000 0.00000 0.00000 0.00000 0.00000 0.00000
0.00000 0.00000 0.00000 0.00000 0.00000 0.00000 0.00000 0.00000 0.00000 0.00000 0.00000 0.00000 0.00000 0.00000 0.00000 0.00173 0.00520 0.00869 0.01221 0.01576 0.01934 0.02296 0.02659 0.03031 0.03393 0.03601 0.03600 0.03625 0.03643 0.03658 0.03692 0.03696 0.03740 0.03749 0.03782 0.03610 0.03253 0.02888 0.02518 0.02143 0.01764 0.01380 0.00992 0.00598 0.00201 0.00000 0.00000 0.00000 0.00000 0.00000 0.00000 0.00000 0.00000 0.00000 0.00000 0.00000 0.00000 0.00000 0.00000 0.00000 0.00000 0.00000 0.00000 0.00000 0.00000 0.00000 0.00000 0.00000 0.00000 0.00000
0.00000 0.00000 0.00000 0.00000 0.00000 0.00000 0.00000 0.00000 0.00000 0.00000 0.00000 0.00000 0.00000 0.00000 0.00000 0.00128 0.00385 0.00643 0.00903 0.01166 0.01431 0.01697 0.01967 0.02230 0.02516 0.02641 0.02665 0.02669 0.02683 0.02702 0.02706 0.02742 0.02742 0.02774 0.02778 0.02664 0.02397 0.02129 0.01856 0.01580 0.01300 0.01017 0.00731 0.00441 0.00148 0.00000 0.00000 0.00000 0.00000 0.00000 0.00000 0.00000 0.00000 0.00000 0.00000 0.00000 0.00000 0.00000 0.00000 0.00000 0.00000 0.00000 0.00000 0.00000 0.00000 0.00000 0.00000 0.00000 0.00000 0.00000
0.00000 0.00000 0.00000 0.00000 0.00000 0.00000 0.00000 0.00000 0.00000 0.00000 0.00000 0.00000 0.00000 0.00000 0.00000 0.00079 0.00239 0.00399 0.00561 0.00723 0.00886 0.01051 0.01214 0.01387 0.01546 0.01647 0.01645 0.01656 0.01661 0.01668 0.01685 0.01688 0.01706 0.01705 0.01722 0.01645 0.01483 0.01315 0.01147 0.00977 0.00804 0.00629 0.00452 0.00273 0.00091 0.00000 0.00000 0.00000 0.00000 0.00000 0.00000 0.00000 0.00000 0.00000 0.00000 0.00000 0.00000 0.00000 0.00000 0.00000 0.00000 0.00000 0.00000 0.00000 0.00000 0.00000 0.00000 0.00000 0.00000 0.00000
0.00000 0.00000 0.00000 0.00000 0.00000 0.00000 0.00000 0.00000 0.00000 0.00000 0.00000 0.00000 0.00000 0.00000 0.00000 0.00027 0.00082 0.00138 0.00193 0.00249 0.00305 0.00360 0.00418 0.00474 0.00535 0.00563 0.00568 0.00569 0.00572 0.00576 0.00577 0.00582 0.00583 0.00588 0.00590 0.00565 0.00508 0.00451 0.00394 0.00335 0.00276 0.00216 0.00155 0.00094 0.00031 0.00000 0.00000 0.00000 0.00000 0.00000 0.00000 0.00000 0.00000 0.00000 0.00000 0.00000 0.00000 0.00000 0.00000 0.00000 0.00000 0.00000 0.00000 0.00000 0.00000 0.00000 0.00000 0.00000 0.00000 0.00000
0.00000 0.00000 0.00000 0.00000 0.00000 0.00000 0.00000 0.00000 0.00000 0.00000 0.00000 0.00000 0.00000 0.00000 0.00000 0.00000 0.00000 0.00000 0.00000 0.00000 0.00000 0.00000 0.00000 0.00000 0.00000 0.00000 0.00000 0.00000 0.00000 0.00000 0.00000 0.00000 0.00000 0.00000 0.00000 0.00000 0.00000 0.00000 0.00000 0.00000 0.00000 0.00000 0.00000 0.00000 0.00000 0.00000 0.00000 0.00000 0.00000 0.00000 0.00000 0.00000 0.00000 0.00000 0.00000 0.00000 0.00000 0.00000 0.00000 0.00000 0.00000 0.00000 0.00000 0.00000 0.00000 0.00000 0.00000 0.00000 0.00000 0.00000
0.00000 0.00000 0.00000 0.00000 0.00000 0.00000 0.00000 0.00000 0.00000 0.00000 0.00000 0.00000 0.00000 0.00000 0.00000 0.00000 0.00000 0.00000 0.00000 0.00000 0.00000 0.00000 0.00000 0.00000 0.00000 0.00000 0.00000 0.00000 0.00000 0.00000 0.00000 0.00000 0.00000 0.00000 0.00000 0.00000 0.00000 0.00000 0.00000 0.00000 0.00000 0.00000 0.00000 0.00000 0.00000 0.00000 0.00000 0.00000 0.00000 0.00000 0.00000 0.00000 0.00000 0.00000 0.00000 0.00000 0.00000 0.00000 0.00000 0.00000 0.00000 0.00000 0.00000 0.00000 0.00000 0.00000 0.00000 0.00000 0.00000 0.00000
0.00000 0.00000 0.00000 0.00000 0.00000 0.00000 0.00000 0.00000 0.00000 0.00000 0.00000 0.00000 0.00000 0.00000 0.00000 0.00000 0.00000 0.00000 0.00000 0.00000 0.00000 0.00000 0.00000 0.00000 0.00000 0.00000 0.00000 0.00000 0.00000 0.00000 0.00000 0.00000 0.00000 0.00000 0.00000 0.00000 0.00000 0.00000 0.00000 0.00000 0.00000 0.00000 0.00000 0.00000 0.00000 0.00000 0.00000 0.00000 0.00000 0.00000 0.00000 0.00000 0.00000 0.00000 0.00000 0.00000 0.00000 0.00000 0.00000 0.00000 0.00000 0.00000 0.00000 0.00000 0.00000 0.00000 0.00000 0.00000 0.00000 0.00000
0.00000 0.00000 0.00000 0.00000 0.00000 0.00000 0.00000 0.00000 0.00000 0.00000 0.00000 0.00000 0.00000 0.00000 0.00000 0.00000 0.00000 0.00000 0.00000 0.00000 0.00000 0.00000 0.00000 0.00000 0.00000 0.00000 0.00000 0.00000 0.00000 0.00000 0.00000 0.00000 0.00000 0.00000 0.00000 0.00000 0.00000 0.00000 0.00000 0.00000 0.00000 0.00000 0.00000 0.00000 0.00000 0.00000 0.00000 0.00000 0.00000 0.00000 0.00000 0.00000 0.00000 0.00000 0.00000 0.00000 0.00000 0.00000 0.00000 0.00000 0.00000 0.00000 0.00000 0.00000 0.00000 0.00000 0.00000 0.00000 0.00000 0.00000
0.00000 0.00000 0.00000 0.00000 0.00000 0.00000 0.00000 0.00000 0.00000 0.00000 0.00000 0.00000 0.00000 0.00000 0.00000 0.00000 0.00000 0.00000 0.00000 0.00000 0.00000 0.00000 0.00000 0.00000 0.00000 0.00000 0.00000 0.00000 0.00000 0.00000 0.00000 0.00000 0.00000 0.00000 0.00000 0.00000 0.00000 0.00000 0.00000 0.00000 0.00000 0.00000 0.00000 0.00000 0.00000 0.00000 0.00000 0.00000 0.00000 0.00000 0.00000 0.00000 0.00000 0.00000 0.00000 0.00000 0.00000 0.00000 0.00000 0.00000 0.00000 0.00000 0.00000 0.00000 0.00000 0.00000 0.00000 0.00000 0.00000 0.00000
0.00000 0.00000 0.00000 0.00000 0.00000 0.00000 0.00000 0.00000 0.00000 0.00000 0.00000 0.00000 0.00000 0.00000 0.00000 0.00000 0.00000 0.00000 0.00000 0.00000 0.00000 0.00000 0.00000 0.00000 0.00000 0.00000 0.00000 0.00000 0.00000 0.00000 0.00000 0.00000 0.00000 0.00000 0.00000 0.00000 0.00000 0.00000 0.00000 0.00000 0.00000 0.00000 0.00000 0.00000 0.00000 0.00000 0.00000 0.00000 0.00000 0.00000 0.00000 0.00000 0.00000 0.00000 0.00000 0.00000 0.00000 0.00000 0.00000 0.00000 0.00000 0.00000 0.00000 0.00000 0.00000 0.00000 0.00000 0.00000 0.00000 0.00000
0.00000 0.00000 0.00000 0.00000 0.00000 0.00000 0.00000 0.00000 0.00000 0.00000 0.00000 0.00000 0.00000 0.00000 0.00000 0.00000 0.00000 0.00000 0.00000 0.00000 0.00000 0.00000 0.00000 0.00000 0.00000 0.00000 0.00000 0.00000 0.00000 0.00000 0.00000 0.00000 0.00000 0.00000 0.00000 0.00000 0.00000 0.00000 0.00000 0.00000 0.00000 0.00000 0.00000 0.00000 0.00000 0.00000 0.00000 0.00000 0.00000 0.00000 0.00000 0.00000 0.00000 0.00000 0.00000 0.00000 0.00000 0.00000 0.00000 0.00000 0.00000 0.00000 0.00000 0.00000 0.00000 0.00000 0.00000 0.00000 0.00000 0.00000
0.00000 0.00000 0.00000 0.00000 0.00000 0.00000 0.00000 0.00000 0.00000 0.00000 0.00000 0.00000 0.00000 0.00000 0.00000 0.00000 0.00000 0.00000 0.00000 0.00000 0.00000 0.00000 0.00000 0.00000 0.00000 0.00000 0.00000 0.00000 0.00000 0.00000 0.00000 0.00000 0.00000 0.00000 0.00000 0.00000 0.00000 0.00000 0.00000 0.00000 0.00000 0.00000 0.00000 0.00000 0.00000 0.00000 0.00000 0.00000 0.00000 0.00000 0.00000 0.00000 0.00000 0.00000 0.00000 0.00000 0.00000 0.00000 0.00000 0.00000 0.00000 0.00000 0.00000 0.00000 0.00000 0.00000 0.00000 0.00000 0.00000 0.00000
0.00000 0.00000 0.00000 0.00000 0.00000 0.00000 0.00000 0.00000 0.00000 0.00000 0.00000 0.00000 0.00000 0.00000 0.00000 0.00000 0.00000 0.00000 0.00000 0.00000 0.00000 0.00000 0.00000 0.00000 0.00000 0.00000 0.00000 0.00000 0.00000 0.00000 0.00000 0.00000 0.00000 0.00000 0.00000 0.00000 0.00000 0.00000 0.00000 0.00000 0.00000 0.00000 0.00000 0.00000 0.00000 0.00000 0.00000 0.00000 0.00000 0.00000 0.00000 0.00000 0.00000 0.00000 0.00000 0.00000 0.00000 0.00000 0.00000 0.00000 0.00000 0.00000 0.00000 0.00000 0.00000 0.00000 0.00000 0.00000 0.00000 0.00000
0.00000 0.00000 0.00000 0.00000 0.00000 0.00000 0.00000 0.00000 0.00000 0.00000 0.00000 0.00000 0.00000 0.00000 0.00000 0.00000 0.00000 0.00000 0.00000 0.00000 0.00000 0.00000 0.00000 0.00000 0.00000 0.00000 0.00000 0.00000 0.00000 0.00000 0.00000 0.00000 0.00000 0.00000 0.00000 0.00000 0.00000 0.00000 0.00000 0.00000 0.00000 0.00000 0.00000 0.00000 0.00000 0.00000 0.00000 0.00000 0.00000 0.00000 0.00000 0.00000 0.00000 0.00000 0.00000 0.00000 0.00000 0.00000 0.00000 0.00000 0.00000 0.00000 0.00000 0.00000 0.00000 0.00000 0.00000 0.00000 0.00000 0.00000
0.00000 0.00000 0.00000 0.00000 0.00000 0.00000 0.00000 0.00000 0.00000 0.00000 0.00000 0.00000 0.00000 0.00000 0.00000 0.00000 0.00000 0.00000 0.00000 0.00000 0.00000 0.00000 0.00000 0.00000 0.00000 0.00000 0.00000 0.00000 0.00000 0.00000 0.00000 0.00000 0.00000 0.00000 0.00000 0.00000 0.00000 0.00000 0.00000 0.00000 0.00000 0.00000 0.00000 0.00000 0.00000 0.00000 0.00000 0.00000 0.00000 0.00000 0.00000 0.00000 0.00000 0.00000 0.00000 0.00000 0.00000 0.00000 0.00000 0.00000 0.00000 0.00000 0.00000 0.00000 0.00000 0.00000 0.00000 0.00000 0.00000 0.00000
0.00000 0.00000 0.00000 0.00000 0.00000 0.00000 0.00000 0.00000 0.00000 0.00000 0.00000 0.00000 0.00000 0.00000 0.00000 0.00000 0.00000 0.00000 0.00000 0.00000 0.00000 0.00000 0.00000 0.00000 0.00000 0.00000 0.00000 0.00000 0.00000 0.00000 0.00000 0.00000 0.00000 0.00000 0.00000 0.00000 0.00000 0.00000 0.00000 0.00000 0.00000 0.00000 0.00000 0.00000 0.00000 0.00000 0.00000 0.00000 0.00000 0.00000 0.00000 0.00000 0.00000 0.00000 0.00000 0.00000 0.00000 0.00000 0.00000 0.00000 0.00000 0.00000 0.00000 0.00000 0.00000 0.00000 0.00000 0.00000 0.00000 0.00000
0.00000 0.00000 0.00000 0.00000 0.00000 0.00000 0.00000 0.00000 0.00000 0.00000 0.00000 0.00000 0.00000 0.00000 0.00000 0.00000 0.00000 0.00000 0.00000 0.00000 0.00000 0.00000 0.00000 0.00000 0.00000 0.00000 0.00000 0.00000 0.00000 0.00000 0.00000 0.00000 0.00000 0.00000 0.00000 0.00000 0.00000 0.00000 0.00000 0.00000 0.00000 0.00000 0.00000 0.00000 0.00000 0.00000 0.00000 0.00000 0.00000 0.00000 0.00000 0.00000 0.00000 0.00000 0.00000 0.00000 0.00000 0.00000 0.00000 0.00000 0.00000 0.00000 0.00000 0.00000 0.00000 0.00000 0.00000 0.00000 0.00000 0.00000
0.00000 0.00000 0.00000 0.00000 0.00000 0.00000 0.00000 0.00000 0.00000 0.00000 0.00000 0.00000 0.00000 0.00000 0.00000 0.00000 0.00000 0.00000 0.00000 0.00000 0.00000 0.00000 0.00000 0.00000 0.00000 0.00000 0.00000 0.00000 0.00000 0.00000 0.00000 0.00000 0.00000 0.00000 0.00000 0.00000 0.00000 0.00000 0.00000 0.00000 0.00000 0.00000 0.00000 0.00000 0.00000 0.00000 0.00000 0.00000 0.00000 0.00000 0.00000 0.00000 0.00000 0.00000 0.00000 0.00000 0.00000 0.00000 0.00000 0.00000 0.00000 0.00000 0.00000 0.00000 0.00000 0.00000 0.00000 0.00000 0.00000 0.00000
0.00000 0.00000 0.00000 0.00000 0.00000 0.00000 0.00000 0.00000 0.00000 0.00000 0.00000 0.00000 0.00000 0.00000 0.00000 0.00000 0.00000 0.00000 0.00000 0.00000 0.00000 0.00000 0.00000 0.00000 0.00000 0.00000 0.00000 0.00000 0.00000 0.00000 0.00000 0.00000 0.00000 0.00000 0.00000 0.00000 0.00000 0.00000 0.00000 0.00000 0.00000 0.00000 0.00000 0.00000 0.00000 0.00000 0.00000 0.00000 0.00000 0.00000 0.00000 0.00000 0.00000 0.00000 0.00000 0.00000 0.00000 0.00000 0.00000 0.00000 0.00000 0.00000 0.00000 0.00000 0.00000 0.00000 0.00000 0.00000 0.00000 0.00000
0.00000 0.00000 0.00000 0.00000 0.00000 0.00000 0.00000 0.00000 0.00000 0.00000 0.00000 0.00000 0.00000 0.00000 0.00000 0.00000 0.00000 0.00000 0.00000 0.00000 0.00000 0.00000 0.00000 0.00000 0.00000 0.00000 0.00000 0.00000 0.00000 0.00000 0.00000 0.00000 0.00000 0.00000 0.00000 0.00000 0.00000 0.00000 0.00000 0.00000 0.00000 0.00000 0.00000 0.00000 0.00000 0.00000 0.00000 0.00000 0.00000 0.00000 0.00000 0.00000 0.00000 0.00000 0.00000 0.00000 0.00000 0.00000 0.00000 0.00000 0.00000 0.00000 0.00000 0.00000 0.00000 0.00000 0.00000 0.00000 0.00000 0.00000
0.00000 0.00000 0.00000 0.00000 0.00000 0.00000 0.00000 0.00000 0.00000 0.00000 0.00000 0.00000 0.00000 0.00000 0.00000 0.00000 0.00000 0.00000 0.00000 0.00000 0.00000 0.00000 0.00000 0.00000 0.00000 0.00000 0.00000 0.00000 0.00000 0.00000 0.00000 0.00000 0.00000 0.00000 0.00000 0.00000 0.00000 0.00000 0.00000 0.00000 0.00000 0.00000 0.00000 0.00000 0.00000 0.00000 0.00000 0.00000 0.00000 0.00000 0.00000 0.00000 0.00000 0.00000 0.00000 0.00000 0.00000 0.00000 0.00000 0.00000 0.00000 0.00000 0.00000 0.00000 0.00000 0.00000 0.00000 0.00000 0.00000 0.00000
0.00000 0.00000 0.00000 0.00000 0.00000 0.00000 0.00000 0.00000 0.00000 0.00000 0.00000 0.00000 0.00000 0.00000 0.00000 0.00000 0.00000 0.00000 0.00000 0.00000 0.00000 0.00000 0.00000 0.00000 0.00000 0.00000 0.00000 0.00000 0.00000 0.00000 0.00000 0.00000 0.00000 0.00000 0.00000 0.00000 0.00000 0.00000 0.00000 0.00000 0.00000 0.00000 0.00000 0.00000 0.00000 0.00000 0.00000 0.00000 0.00000 0.00000 0.00000 0.00000 0.00000 0.00000 0.00000 0.00000 0.00000 0.00000 0.00000 0.00000 0.00000 0.00000 0.00000 0.00000 0.00000 0.00000 0.00000 0.00000 0.00000 0.00000
0.00000 0.00000 0.00000 0.00000 0.00000 0.00000 0.00000 0.00000 0.00000 0.00000 0.00000 0.00000 0.00000 0.00000 0.00000 0.00000 0.00000 0.00000 0.00000 0.00000 0.00000 0.00000 0.00000 0.00000 0.00000 0.00000 0.00000 0.00000 0.00000 0.00000 0.00000 0.00000 0.00000 0.00000 0.00000 0.00000 0.00000 0.00000 0.00000 0.00000 0.00000 0.00000 0.00000 0.00000 0.00000 0.00000 0.00000 0.00000 0.00000 0.00000 0.00000 0.00000 0.00000 0.00000 0.00000 0.00000 0.00000 0.00000 0.00000 0.00000 0.00000 0.00000 0.00000 0.00000 0.00000 0.00000 0.00000 0.00000 0.00000 0.00000
0.00000 0.00000 0.00000 0.00000 0.00000 0.00000 0.00000 0.00000 0.00000 0.00000 0.00000 0.00000 0.00000 0.00000 0.00000 0.00000 0.00000 0.00000 0.00000 0.00000 0.00000 0.00000 0.00000 0.00000 0.00000 0.00000 0.00000 0.00000 0.00000 0.00000 0.00000 0.00000 0.00000 0.00000 0.00000 0.00000 0.00000 0.00000 0.00000 0.00000 0.00000 0.00000 0.00000 0.00000 0.00000 0.00000 0.00000 0.00000 0.00000 0.00000 0.00000 0.00000 0.00000 0.00000 0.00000 0.00000 0.00000 0.00000 0.00000 0.00000 0.00000 0.00000 0.00000 0.00000 0.00000 0.00000 0.00000 0.00000 0.00000 0.00000
0.00000 0.00000 0.00000 0.00000 0.00000 0.00000 0.00000 0.00000 0.00000 0.00000 0.00000 0.00000 0.00000 0.00000 0.00000 0.00000 0.00000 0.00000 0.00000 0.00000 0.00000 0.00000 0.00000 0.00000 0.00000 0.00000 0.00000 0.00000 0.00000 0.00000 0.00000 0.00000 0.00000 0.00000 0.00000 0.00000 0.00000 0.00000 0.00000 0.00000 0.00000 0.00000 0.00000 0.00000 0.00000 0.00000 0.00000 0.00000 0.00000 0.00000 0.00000 0.00000 0.00000 0.00000 0.00000 0.00000 0.00000 0.00000 0.00000 0.00000 0.00000 0.00000 0.00000 0.00000 0.00000 0.00000 0.00000 0.00000 0.00000 0.00000
0.00000 0.00000 0.00000 0.00000 0.00000 0.00000 0.00000 0.00000 0.00000 0.00000 0.00000 0.00000 0.00000 0.00000 0.00000 0.00000 0.00000 0.00000 0.00000 0.00000 0.00000 0.00000 0.00000 0.00000 0.00000 0.00000 0.00000 0.00000 0.00000 0.00000 0.00000 0.00000 0.00000 0.00000 0.00000 0.00000 0.00000 0.00000 0.00000 0.00000 0.00000 0.00000 0.00000 0.00000 0.00000 0.00000 0.00000 0.00000 0.00000 0.00000 0.00000 0.00000 0.00000 0.00000 0.00000 0.00000 0.00000 0.00000 0.00000 0.00000 0.00000 0.00000 0.00000 0.00000 0.00000 0.00000 0.00000 0.00000 0.00000 0.00000
0.00000 0.00000 0.00000 0.00000 0.00000 0.00000 0.00000 0.00000 0.00000 0.00000 0.00000 0.00000 0.00000 0.00000 0.00000 0.00000 0.00000 0.00000 0.00000 0.00000 0.00000 0.00000 0.00000 0.00000 0.00000 0.00000 0.00000 0.00000 0.00000 0.00000 0.00000 0.00000 0.00000 0.00000 0.00000 0.00000 0.00000 0.00000 0.00000 0.00000 0.00000 0.00000 0.00000 0.00000 0.00000 0.00000 0.00000 0.00000 0.00000 0.00000 0.00000 0.00000 0.00000 0.00000 0.00000 0.00000 0.00000 0.00000 0.00000 0.00000 0.00000 0.00000 0.00000 0.00000 0.00000 0.00000 0.00000 0.00000 0.00000 0.00000
0.00000 0.00000 0.00000 0.00000 0.00000 0.00000 0.00000 0.00000 0.00000 0.00000 0.00000 0.00000 0.00000 0.00000 0.00000 0.00000 0.00000 0.00000 0.00000 0.00000 0.00000 0.00000 0.00000 0.00000 0.00000 0.00000 0.00000 0.00000 0.00000 0.00000 0.00000 0.00000 0.00000 0.00000 0.00000 0.00000 0.00000 0.00000 0.00000 0.00000 0.00000 0.00000 0.00000 0.00000 0.00000 0.00000 0.00000 0.00000 0.00000 0.00000 0.00000 0.00000 0.00000 0.00000 0.00000 0.00000 0.00000 0.00000 0.00000 0.00000 0.00000 0.00000 0.00000 0.00000 0.00000 0.00000 0.00000 0.00000 0.00000 0.00000
0.00000 0.00000 0.00000 0.00000 0.00000 0.00000 0.00000 0.00000 0.00000 0.00000 0.00000 0.00000 0.00000 0.00000 0.00000 0.00000 0.00000 0.00000 0.00000 0.00000 0.00000 0.00000 0.00000 0.00000 0.00000 0.00000 0.00000 0.00000 0.00000 0.00000 0.00000 0.00000 0.00000 0.00000 0.00000 0.00000 0.00000 0.00000 0.00000 0.00000 0.00000 0.00000 0.00000 0.00000 0.00000 0.00000 0.00000 0.00000 0.00000 0.00000 0.00000 0.00000 0.00000 0.00000 0.00000 0.00000 0.00000 0.00000 0.00000 0.00000 0.00000 0.00000 0.00000 0.00000 0.00000 0.00000 0.00000 0.00000 0.00000 0.00000
