0.00000 0.00000 0.00000 0.00000 0.00000 0.00000 0.00000 0.00000 0.00000 0.00000 0.00000 0.00000 0.00000 0.00000 0.00000 0.00000 0.00000 0.00000 0.00000 0.00000 0.00000 0.00000 0.00000 0.00000 0.00000 0.00000 0.00000 0.00000 0.00000 0.00000 0.00000 0.00000 0.00000 0.00000 0.00000 0.00000 0.00000 0.00000 0.00000 0.00000 0.00000 0.00000 0.00000 0.00000 0.00000 0.00000 0.00000 0.00000 0.00000 0.00000 0.00000 0.00000 0.00000 0.00000 0.00000 0.00385 0.01152 0.01892 0.02664 0.03380 0.04139 0.04766 0.05534 0.06181 0.07039 0.06732 0.06170 0.05243 0.04646 0.03743 0.03122 0.02396 0.01643 0.00987 0.00326 0.00000 0.00000 0.00000 0.00000 0.00000 0.00000 0.00000 0.00000 0.00000 0.00000 0.00000 0.00000 0.00000 0.00000 0.00000
0.00000 0.00000 0.00000 0.00000 0.00000 0.00000 0.00000 0.00000 0.00000 0.00000 0.00000 0.00000 0.00000 0.00000 0.00000 0.00000 0.00000 0.00000 0.00000 0.00000 0.00000 0.00000 0.00000 0.00000 0.00000 0.00000 0.00000 0.00000 0.00000 0.00000 0.00000 0.00000 0.00000 0.00000 0.00000 0.00000 0.00000 0.00000 0.00000 0.00000 0.00000 0.00000 0.00000 0.00000 0.00000 0.00000 0.00000 0.00000 0.00000 0.00000 0.00000 0.00000 0.00000 0.00000 0.00000 0.00301 0.00886 0.01458 0.02067 0.02657 0.03171 0.03687 0.04335 0.04843 0.05332 0.05235 0.04795 0.04075 0.03550 0.02951 0.02417 0.01851 0.01282 0.00773 0.00257 0.00000 0.00000 0.00000 0.00000 0.00000 0.00000 0.00000 0.00000 0.00000 0.00000 0.00000 0.00000 0.00000 0.00000 0.00000
0.00000 0.00000 0.00000 0.00000 0.00000 0.00000 0.00000 0.00000 0.00000 0.00000 0.00000 0.00000 0.00000 0.00000 0.00000 0.00000 0.00000 0.00000 0.00000 0.00000 0.00000 0.00000 0.00000 0.00000 0.00000 0.00000 0.00000 0.00000 0.00000 0.00000 0.00000 0.00000 0.00000 0.00000 0.00000 0.00000 0.00000 0.00000 0.00000 0.00000 0.00000 0.00000 0.00000 0.00000 0.00000 0.00000 0.00000 0.00000 0.00000 0.00000 0.00000 0.00000 0.00000 0.00000 0.00000 0.00212 0.00623 0.01045 0.01476 0.01877 0.02262 0.02654 0.03111 0.03451 0.03788 0.03746 0.03446 0.02922 0.02510 0.02097 0.01742 0.01314 0.00908 0.00557 0.00186 0.00000 0.00000 0.00000 0.00000 0.00000 0.00000 0.00000 0.00000 0.00000 0.00000 0.00000 0.00000 0.00000 0.00000 0.00000
0.00000 0.00000 0.00000 0.00000 0.00000 0.00000 0.00000 0.00000 0.00000 0.00000 0.00000 0.00000 0.00000 0.00000 0.00000 0.00000 0.00000 0.00000 0.00000 0.00000 0.00000 0.00000 0.00000 0.00000 0.00000 0.00000 0.00000 0.00000 0.00000 0.00000 0.00000 0.00000 0.00000 0.00000 0.00000 0.00000 0.00000 0.00000 0.00000 0.00000 0.00000 0.00000 0.00000 0.00000 0.00000 0.00000 0.00000 0.00000 0.00000 0.00000 0.00000 0.00000 0.00000 0.00000 0.00000 0.00127 0.00380 0.00634 0.00875 0.01114 0.01369 0.01614 0.01831 0.02043 0.02302 0.02278 0.02011 0.01733 0.01523 0.01275 0.01027 0.00777 0.00562 0.00339 0.00110 0.00000 0.00000 0.00000 0.00000 0.00000 0.00000 0.00000 0.00000 0.00000 0.00000 0.00000 0.00000 0.00000 0.00000 0.00000
0.00000 0.00000 0.00000 0.00000 0.00000 0.00000 0.00000 0.00000 0.00000 0.00000 0.00000 0.00000 0.00000 0.00000 0.00000 0.00000 0.00000 0.00000 0.00000 0.00000 0.00000 0.00000 0.00000 0.00000 0.00000 0.00000 0.00000 0.00000 0.00000 0.00000 0.00000 0.00000 0.00000 0.00000 0.00000 0.00000 0.00000 0.00000 0.00000 0.00000 0.00000 0.00000 0.00000 0.00000 0.00000 0.00000 0.00000 0.00000 0.00000 0.00000 0.00000 0.00000 0.00000 0.00000 0.00000 0.00043 0.00129 0.00214 0.00295 0.00373 0.00458 0.00536 0.00603 0.00679 0.00773 0.00761 0.00660 0.00580 0.00514 0.00425 0.00335 0.00262 0.00191 0.00112 0.00036 0.00000 0.00000 0.00000 0.00000 0.00000 0.00000 0.00000 0.00000 0.00000 0.00000 0.00000 0.00000 0.00000 0.00000 0.00000
0.00000 0.00000 0.00000 0.00000 0.00000 0.00000 0.00000 0.00000 0.00000 0.00000 0.00000 0.00000 0.00000 0.00000 0.00000 0.00000 0.00000 0.00000 0.00000 0.00000 0.00000 0.00000 0.00000 0.00000 0.00000 0.00000 0.00000 0.00000 0.00000 0.00000 0.00000 0.00000 0.00000 0.00000 0.00000 0.00000 0.00000 0.00000 0.00000 0.00000 0.00000 0.00000 0.00000 0.00000 0.00000 0.00000 0.00000 0.00000 0.00000 0.00000 0.00000 0.00000 0.00000 0.00000 0.00000 0.00043 0.00128 0.00213 0.00296 0.00377 0.00454 0.00531 0.00611 0.00688 0.00760 0.00753 0.00673 0.00588 0.00504 0.00420 0.00345 0.00267 0.00188 0.00111 0.00037 0.00000 0.00000 0.00000 0.00000 0.00000 0.00000 0.00000 0.00000 0.00000 0.00000 0.00000 0.00000 0.00000 0.00000 0.00000
0.00000 0.00000 0.00000 0.00000 0.00000 0.00000 0.00000 0.00000 0.00000 0.00000 0.00000 0.00000 0.00000 0.00000 0.00000 0.00000 0.00000 0.00000 0.00000 0.00000 0.00000 0.00000 0.00000 0.00000 0.00000 0.00000 0.00000 0.00000 0.00000 0.00000 0.00000 0.00000 0.00000 0.00000 0.00000 0.00000 0.00000 0.00000 0.00000 0.00000 0.00000 0.00000 0.00000 0.00000 0.00000 0.00000 0.00000 0.00000 0.00000 0.00000 0.00000 0.00000 0.00000 0.00000 0.00000 0.00127 0.00377 0.00622 0.00875 0.01127 0.01349 0.01586 0.01850 0.02078 0.02256 0.02241 0.02038 0.01778 0.01489 0.01256 0.01048 0.00804 0.00554 0.00333 0.00113 0.00000 0.00000 0.00000 0.00000 0.00000 0.00000 0.00000 0.00000 0.00000 0.00000 0.00000 0.00000 0.00000 0.00000 0.00000
0.00000 0.00000 0.00000 0.00000 0.00000 0.00000 0.00000 0.00000 0.00000 0.00000 0.00000 0.00000 0.00000 0.00000 0.00000 0.00000 0.00000 0.00000 0.00000 0.00000 0.00000 0.00000 0.00000 0.00000 0.00000 0.00000 0.00000 0.00000 0.00000 0.00000 0.00000 0.00000 0.00000 0.00000 0.00000 0.00000 0.00000 0.00000 0.00000 0.00000 0.00000 0.00000 0.00000 0.00000 0.00000 0.00000 0.00000 0.00000 0.00000 0.00000 0.00000 0.00000 0.00000 0.00000 0.00000 0.00211 0.00629 0.01041 0.01443 0.01867 0.02279 0.02652 0.03032 0.03443 0.03826 0.03760 0.03332 0.02939 0.02538 0.02114 0.01715 0.01327 0.00945 0.00561 0.00186 0.00000 0.00000 0.00000 0.00000 0.00000 0.00000 0.00000 0.00000 0.00000 0.00000 0.00000 0.00000 0.00000 0.00000 0.00000
0.00000 0.00000 0.00000 0.00000 0.00000 0.00000 0.00000 0.00000 0.00000 0.00000 0.00000 0.00000 0.00000 0.00000 0.00000 0.00000 0.00000 0.00000 0.00000 0.00000 0.00000 0.00000 0.00000 0.00000 0.00000 0.00000 0.00000 0.00000 0.00000 0.00000 0.00000 0.00000 0.00000 0.00000 0.00000 0.00000 0.00000 0.00000 0.00000 0.00000 0.00000 0.00000 0.00000 0.00000 0.00000 0.00000 0.00000 0.00000 0.00000 0.00000 0.00000 0.00000 0.00000 0.00000 0.00000 0.00298 0.00895 0.01486 0.02048 0.02599 0.03209 0.03746 0.04196 0.04724 0.05379 0.05333 0.04603 0.04041 0.03579 0.02996 0.02359 0.01832 0.01336 0.00791 0.00255 0.00000 0.00000 0.00000 0.00000 0.00000 0.00000 0.00000 0.00000 0.00000 0.00000 0.00000 0.00000 0.00000 0.00000 0.00000
0.00000 0.00000 0.00000 0.00000 0.00000 0.00000 0.00000 0.00000 0.00000 0.00000 0.00000 0.00000 0.00000 0.00000 0.00000 0.00000 0.00000 0.00000 0.00000 0.00000 0.00000 0.00000 0.00000 0.00000 0.00000 0.00000 0.00000 0.00000 0.00000 0.00000 0.00000 0.00000 0.00000 0.00000 0.00000 0.00000 0.00000 0.00000 0.00000 0.00000 0.00000 0.00000 0.00000 0.00000 0.00000 0.00000 0.00000 0.00000 0.00000 0.00000 0.00000 0.00000 0.00000 0.00000 0.00000 0.00381 0.01138 0.01892 0.02657 0.03332 0.04017 0.04822 0.05525 0.06064 0.06722 0.06828 0.06077 0.05208 0.04480 0.03830 0.03110 0.02365 0.01680 0.01010 0.00334 0.00000 0.00000 0.00000 0.00000 0.00000 0.00000 0.00000 0.00000 0.00000 0.00000 0.00000 0.00000 0.00000 0.00000 0.00000
0.00000 0.00000 0.00000 0.00000 0.00000 0.00000 0.00000 0.00000 0.00000 0.00000 0.00000 0.00000 0.00000 0.00000 0.00000 0.00000 0.00000 0.00000 0.00000 0.00000 0.00000 0.00000 0.00000 0.00000 0.00000 0.00000 0.00000 0.00000 0.00000 0.00000 0.00000 0.00000 0.00000 0.00000 0.00000 0.00000 0.00000 0.00000 0.00000 0.00000 0.00000 0.00000 0.00000 0.00000 0.00000 0.00000 0.00000 0.00000 0.00000 0.00000 0.00000 0.00000 0.00000 0.00000 0.00000 0.00464 0.01370 0.02265 0.03192 0.04107 0.04844 0.05712 0.06766 0.07584 0.08153 0.08099 0.07431 0.06486 0.05406 0.04552 0.03809 0.02924 0.02020 0.01210 0.00410 0.00000 0.00000 0.00000 0.00000 0.00000 0.00000 0.00000 0.00000 0.00000 0.00000 0.00000 0.00000 0.00000 0.00000 0.00000
0.00000 0.00000 0.00000 0.00000 0.00000 0.00000 0.00000 0.00000 0.00000 0.00000 0.00000 0.00000 0.00000 0.00000 0.00000 0.00000 0.00000 0.00000 0.00000 0.00000 0.00000 0.00000 0.00000 0.00000 0.00000 0.00000 0.00000 0.00000 0.00000 0.00000 0.00000 0.00000 0.00000 0.00000 0.00000 0.00000 0.00000 0.00000 0.00000 0.00000 0.00000 0.00000 0.00000 0.00000 0.00000 0.00000 0.00000 0.00000 0.00000 0.00000 0.00000 0.00000 0.00000 0.00000 0.00000 0.00549 0.01625 0.02673 0.03709 0.04815 0.05867 0.06708 0.07691 0.08922 0.09893 0.09535 0.08469 0.07636 0.06554 0.05368 0.04368 0.03441 0.02428 0.01424 0.00474 0.00000 0.00000 0.00000 0.00000 0.00000 0.00000 0.00000 0.00000 0.00000 0.00000 0.00000 0.00000 0.00000 0.00000 0.00000
0.00000 0.00000 0.00000 0.00000 0.00000 0.00000 0.00000 0.00000 0.00000 0.00000 0.00000 0.00000 0.00000 0.00000 0.00000 0.00000 0.00000 0.00000 0.00000 0.00000 0.00000 0.00000 0.00000 0.00000 0.00000 0.00000 0.00000 0.00000 0.00000 0.00000 0.00000 0.00000 0.00000 0.00000 0.00000 0.00000 0.00000 0.00000 0.00000 0.00000 0.00000 0.00000 0.00000 0.00000 0.00000 0.00000 0.00000 0.00000 0.00000 0.00000 0.00000 0.00000 0.00000 0.00000 0.00000 0.00624 0.01879 0.03096 0.04261 0.05429 0.06782 0.07929 0.08812 0.09904 0.11366 0.11245 0.09669 0.08469 0.07529 0.06295 0.04970 0.03848 0.02795 0.01651 0.00537 0.00000 0.00000 0.00000 0.00000 0.00000 0.00000 0.00000 0.00000 0.00000 0.00000 0.00000 0.00000 0.00000 0.00000 0.00000
0.00000 0.00000 0.00000 0.00000 0.00000 0.00000 0.00000 0.00000 0.00000 0.00000 0.00000 0.00000 0.00000 0.00000 0.00000 0.00000 0.00000 0.00000 0.00000 0.00000 0.00000 0.00000 0.00000 0.00000 0.00000 0.00000 0.00000 0.00000 0.00000 0.00000 0.00000 0.00000 0.00000 0.00000 0.00000 0.00000 0.00000 0.00000 0.00000 0.00000 0.00000 0.00000 0.00000 0.00000 0.00000 0.00000 0.00000 0.00000 0.00000 0.00000 0.00000 0.00000 0.00000 0.00000 0.00000 0.00696 0.02088 0.03497 0.04846 0.06082 0.07360 0.08972 0.10273 0.11121 0.12321 0.12688 0.11251 0.09529 0.08196 0.07098 0.05741 0.04328 0.03079 0.01862 0.00611 0.00000 0.00000 0.00000 0.00000 0.00000 0.00000 0.00000 0.00000 0.00000 0.00000 0.00000 0.00000 0.00000 0.00000 0.00000
0.00000 0.00000 0.00000 0.00000 0.00000 0.00000 0.00000 0.00000 0.00000 0.00000 0.00000 0.00000 0.00000 0.00000 0.00000 0.00000 0.00000 0.00000 0.00000 0.00000 0.00000 0.00000 0.00000 0.00000 0.00000 0.00000 0.00000 0.00000 0.00000 0.00000 0.00000 0.00000 0.00000 0.00000 0.00000 0.00000 0.00000 0.00000 0.00000 0.00000 0.00000 0.00000 0.00000 0.00000 0.00000 0.00000 0.00000 0.00000 0.00000 0.00000 0.00000 0.00000 0.00000 0.00000 0.00000 0.00786 0.02301 0.03835 0.05430 0.06910 0.08153 0.09548 0.11376 0.12782 0.13635 0.13520 0.12472 0.10898 0.09044 0.07599 0.06375 0.04895 0.03389 0.02029 0.00681 0.00000 0.00000 0.00000 0.00000 0.00000 0.00000 0.00000 0.00000 0.00000 0.00000 0.00000 0.00000 0.00000 0.00000 0.00000
0.00000 0.00000 0.00000 0.00000 0.00000 0.00000 0.00000 0.00000 0.00000 0.00000 0.00000 0.00000 0.00000 0.00000 0.00000 0.00051 0.00155 0.00256 0.00348 0.00446 0.00560 0.00657 0.00734 0.00824 0.00950 0.00995 0.00961 0.00949 0.00980 0.00971 0.00943 0.00963 0.00960 0.00933 0.00936 0.00898 0.00783 0.00687 0.00607 0.00505 0.00402 0.00313 0.00228 0.00135 0.00043 0.00000 0.00000 0.00000 0.00000 0.00000 0.00000 0.00000 0.00000 0.00000 0.00000 0.00787 0.02318 0.03772 0.05269 0.06904 0.08384 0.09471 0.10847 0.12659 0.14064 0.13442 0.12015 0.10990 0.09545 0.07866 0.06530 0.05308 0.03955 0.02601 0.01330 0.00665 0.00586 0.00512 0.00443 0.00373 0.00302 0.00234 0.00167 0.00100 0.00033 0.00033 0.00100 0.00166 0.00231 0.00298
0.00000 0.00000 0.00000 0.00000 0.00000 0.00000 0.00000 0.00000 0.00000 0.00000 0.00000 0.00000 0.00000 0.00000 0.00000 0.00151 0.00452 0.00763 0.01059 0.01332 0.01628 0.01959 0.02238 0.02472 0.02763 0.02968 0.02938 0.02854 0.02850 0.02911 0.02835 0.02792 0.02870 0.02827 0.02755 0.02647 0.02377 0.02034 0.01754 0.01520 0.01225 0.00924 0.00658 0.00404 0.00133 0.00000 0.00000 0.00000 0.00000 0.00000 0.00000 0.00000 0.00000 0.00000 0.00000 0.00683 0.02076 0.03401 0.04631 0.05921 0.07430 0.08708 0.09614 0.10814 0.12426 0.12444 0.10853 0.09754 0.09002 0.07881 0.06596 0.05568 0.04638 0.03589 0.02556 0.01962 0.01749 0.01524 0.01306 0.01103 0.00899 0.00697 0.00493 0.00295 0.00098 0.00098 0.00292 0.00490 0.00691 0.00884
0.00000 0.00000 0.00000 0.00000 0.00000 0.00000 0.00000 0.00000 0.00000 0.00000 0.00000 0.00000 0.00000 0.00000 0.00000 0.00254 0.00739 0.01228 0.01763 0.02251 0.02664 0.03125 0.03720 0.04187 0.04534 0.04736 0.04874 0.04835 0.04690 0.04695 0.04781 0.04640 0.04605 0.04717 0.04606 0.04297 0.03934 0.03445 0.02888 0.02434 0.02042 0.01568 0.01082 0.00646 0.00221 0.00000 0.00000 0.00000 0.00000 0.00000 0.00000 0.00000 0.00000 0.00000 0.00000 0.00590 0.01775 0.03003 0.04147 0.05145 0.06253 0.07593 0.08698 0.09409 0.10447 0.10916 0.10098 0.08923 0.08147 0.07606 0.06840 0.05914 0.05189 0.04500 0.03769 0.03216 0.02865 0.02510 0.02148 0.01812 0.01474 0.01143 0.00811 0.00486 0.00161 0.00161 0.00483 0.00807 0.01130 0.01453
0.00000 0.00000 0.00000 0.00000 0.00000 0.00000 0.00000 0.00000 0.00000 0.00000 0.00000 0.00000 0.00000 0.00000 0.00000 0.00353 0.01050 0.01714 0.02394 0.03131 0.03805 0.04375 0.05040 0.05833 0.06470 0.06608 0.06591 0.06743 0.06647 0.06482 0.06638 0.06614 0.06393 0.06405 0.06522 0.06016 0.05307 0.04814 0.04131 0.03372 0.02747 0.02188 0.01550 0.00894 0.00296 0.00000 0.00000 0.00000 0.00000 0.00000 0.00000 0.00000 0.00000 0.00000 0.00000 0.00518 0.01508 0.02524 0.03588 0.04559 0.05353 0.06285 0.07451 0.08372 0.08928 0.09112 0.08946 0.08433 0.07636 0.07144 0.06906 0.06414 0.05830 0.05371 0.04949 0.04458 0.03958 0.03471 0.02977 0.02504 0.02036 0.01572 0.01117 0.00671 0.00222 0.00222 0.00668 0.01103 0.01531 0.01972
0.00000 0.00000 0.00000 0.00000 0.00000 0.00000 0.00000 0.00000 0.00000 0.00000 0.00000 0.00000 0.00000 0.00000 0.00000 0.00439 0.01348 0.02228 0.03019 0.03862 0.04861 0.05701 0.06376 0.07177 0.08270 0.08613 0.08387 0.08346 0.08537 0.08374 0.08234 0.08437 0.08334 0.08092 0.08213 0.07835 0.06767 0.05924 0.05273 0.04423 0.03489 0.02696 0.01973 0.01178 0.00377 0.00000 0.00000 0.00000 0.00000 0.00000 0.00000 0.00000 0.00000 0.00000 0.00000 0.00438 0.01285 0.02085 0.02929 0.03819 0.04620 0.05237 0.06000 0.06987 0.07753 0.07697 0.07499 0.07564 0.07385 0.06934 0.06740 0.06677 0.06509 0.06242 0.06057 0.05634 0.04990 0.04392 0.03774 0.03163 0.02570 0.01998 0.01414 0.00847 0.00282 0.00282 0.00841 0.01404 0.01972 0.02541
0.00000 0.00000 0.00000 0.00000 0.00000 0.00000 0.00000 0.00000 0.00000 0.00000 0.00000 0.00000 0.00000 0.00000 0.00000 0.00534 0.01598 0.02705 0.03771 0.04708 0.05734 0.06945 0.07957 0.08739 0.09737 0.10523 0.10405 0.10105 0.10225 0.10322 0.09993 0.09883 0.10167 0.10004 0.09738 0.09426 0.08431 0.07185 0.06173 0.05358 0.04344 0.03263 0.02314 0.01423 0.00471 0.00000 0.00000 0.00000 0.00000 0.00000 0.00000 0.00000 0.00000 0.00000 0.00000 0.00347 0.01052 0.01721 0.02337 0.03001 0.03747 0.04386 0.04841 0.05443 0.06269 0.06610 0.06437 0.06512 0.06857 0.06938 0.06832 0.06881 0.07063 0.07137 0.07194 0.06824 0.06012 0.05261 0.04561 0.03827 0.03084 0.02405 0.01712 0.01016 0.00337 0.00337 0.01005 0.01672 0.02357 0.02994
0.00000 0.00000 0.00000 0.00000 0.00000 0.00000 0.00000 0.00000 0.00000 0.00000 0.00000 0.00000 0.00000 0.00000 0.00000 0.00637 0.01854 0.03079 0.04419 0.05627 0.06685 0.07880 0.09339 0.10421 0.11394 0.12037 0.12235 0.11908 0.11777 0.12118 0.11983 0.11593 0.11570 0.11837 0.11503 0.10731 0.09883 0.08662 0.07219 0.06063 0.05097 0.03938 0.02700 0.01610 0.00551 0.00000 0.00000 0.00000 0.00000 0.00000 0.00000 0.00000 0.00000 0.00000 0.00000 0.00263 0.00797 0.01333 0.01829 0.02286 0.02801 0.03364 0.03838 0.04170 0.04627 0.05212 0.05600 0.05741 0.06089 0.06652 0.07042 0.07211 0.07526 0.07882 0.08217 0.07953 0.07053 0.06113 0.05257 0.04456 0.03605 0.02778 0.01984 0.01189 0.00392 0.00391 0.01182 0.01968 0.02737 0.03532
0.00000 0.00000 0.00000 0.00000 0.00000 0.00000 0.00000 0.00000 0.00000 0.00000 0.00000 0.00000 0.00000 0.00000 0.00000 0.00729 0.02176 0.03531 0.04925 0.06476 0.07879 0.09028 0.10408 0.12062 0.13342 0.13636 0.13769 0.13951 0.13641 0.13370 0.13744 0.13651 0.13194 0.13217 0.13418 0.12390 0.10923 0.09891 0.08511 0.06935 0.05656 0.04496 0.03186 0.01836 0.00612 0.00000 0.00000 0.00000 0.00000 0.00000 0.00000 0.00000 0.00000 0.00000 0.00000 0.00190 0.00554 0.00935 0.01305 0.01650 0.01957 0.02312 0.02715 0.03042 0.03259 0.03740 0.04545 0.05196 0.05633 0.06201 0.07033 0.07664 0.08149 0.08671 0.09198 0.08964 0.08050 0.07028 0.05955 0.05027 0.04122 0.03162 0.02226 0.01347 0.00449 0.00443 0.01330 0.02203 0.03073 0.03918
0.00000 0.00000 0.00000 0.00000 0.00000 0.00000 0.00000 0.00000 0.00000 0.00000 0.00000 0.00000 0.00000 0.00000 0.00000 0.00800 0.02453 0.04043 0.05497 0.07158 0.08817 0.10229 0.11654 0.13457 0.15030 0.15436 0.15247 0.15632 0.15510 0.15067 0.15014 0.15322 0.15101 0.14694 0.14951 0.14211 0.12246 0.10719 0.09551 0.08039 0.06311 0.04887 0.03565 0.02134 0.00683 0.00000 0.00000 0.00000 0.00000 0.00000 0.00000 0.00000 0.00000 0.00000 0.00000 0.00113 0.00332 0.00547 0.00774 0.00979 0.01179 0.01364 0.01568 0.01798 0.01990 0.02475 0.03382 0.04417 0.05341 0.06042 0.06842 0.07830 0.08722 0.09485 0.10265 0.09954 0.08840 0.07842 0.06717 0.05577 0.04556 0.03549 0.02496 0.01487 0.00500 0.00499 0.01480 0.02464 0.03482 0.04483
0.00000 0.00000 0.00000 0.00000 0.00000 0.00000 0.00000 0.00000 0.00000 0.00000 0.00000 0.00000 0.00000 0.00000 0.00000 0.00892 0.02657 0.04474 0.06281 0.07855 0.09717 0.11566 0.13104 0.14541 0.16552 0.17446 0.17112 0.16815 0.17151 0.17104 0.16652 0.16499 0.16796 0.16693 0.16261 0.15550 0.13911 0.11933 0.10338 0.08836 0.07153 0.05403 0.03875 0.02347 0.00773 0.00000 0.00000 0.00000 0.00000 0.00000 0.00000 0.00000 0.00000 0.00000 0.00000 0.00037 0.00110 0.00181 0.00253 0.00323 0.00391 0.00456 0.00512 0.00576 0.00657 0.01299 0.02420 0.03556 0.04851 0.05997 0.06965 0.07965 0.09112 0.10184 0.11287 0.11117 0.09691 0.08481 0.07409 0.06204 0.04949 0.03884 0.02777 0.01635 0.00538 0.00543 0.01632 0.02688 0.03762 0.04807
0.00000 0.00000 0.00000 0.00000 0.00000 0.00000 0.00000 0.00000 0.00000 0.00000 0.00000 0.00000 0.00000 0.00000 0.00000 0.00894 0.02640 0.04414 0.06179 0.07808 0.09555 0.11495 0.13160 0.14454 0.16034 0.17370 0.17343 0.16913 0.16954 0.17322 0.17216 0.16871 0.17081 0.17271 0.16975 0.15973 0.14638 0.12940 0.10927 0.09378 0.07940 0.06314 0.04589 0.03071 0.01570 0.00761 0.00664 0.00579 0.00503 0.00426 0.00345 0.00261 0.00185 0.00112 0.00037 0.00000 0.00000 0.00000 0.00000 0.00000 0.00000 0.00000 0.00000 0.00000 0.00000 0.00640 0.01899 0.03026 0.04191 0.05509 0.06690 0.07730 0.08792 0.09822 0.10906 0.10959 0.09729 0.08325 0.07171 0.06110 0.04931 0.03776 0.02715 0.01627 0.00533 0.00529 0.01609 0.02681 0.03706 0.04750
0.00000 0.00000 0.00000 0.00000 0.00000 0.00000 0.00000 0.00000 0.00000 0.00000 0.00000 0.00000 0.00000 0.00000 0.00000 0.00792 0.02354 0.03961 0.05528 0.07044 0.08455 0.09878 0.11681 0.13164 0.14357 0.15091 0.15572 0.15797 0.15725 0.15858 0.16275 0.16490 0.16396 0.16592 0.16890 0.16082 0.14546 0.13124 0.11615 0.09983 0.08650 0.07300 0.05829 0.04362 0.03031 0.02257 0.01991 0.01728 0.01486 0.01256 0.01019 0.00784 0.00553 0.00328 0.00109 0.00000 0.00000 0.00000 0.00000 0.00000 0.00000 0.00000 0.00000 0.00000 0.00000 0.00548 0.01677 0.02759 0.03713 0.04692 0.05837 0.06870 0.07850 0.08752 0.09539 0.09451 0.08580 0.07489 0.06271 0.05301 0.04385 0.03342 0.02338 0.01422 0.00475 0.00466 0.01384 0.02320 0.03260 0.04150
0.00000 0.00000 0.00000 0.00000 0.00000 0.00000 0.00000 0.00000 0.00000 0.00000 0.00000 0.00000 0.00000 0.00000 0.00000 0.00691 0.02053 0.03387 0.04833 0.06219 0.07468 0.08620 0.09919 0.11516 0.12797 0.13278 0.13705 0.14310 0.14587 0.14710 0.15220 0.15707 0.15880 0.16046 0.16583 0.16162 0.14517 0.13211 0.12116 0.10801 0.09328 0.08113 0.06976 0.05737 0.04462 0.03646 0.03269 0.02878 0.02458 0.02044 0.01666 0.01296 0.00915 0.00539 0.00179 0.00000 0.00000 0.00000 0.00000 0.00000 0.00000 0.00000 0.00000 0.00000 0.00000 0.00476 0.01416 0.02387 0.03315 0.04124 0.04933 0.05880 0.06782 0.07654 0.08472 0.08167 0.07235 0.06482 0.05562 0.04571 0.03736 0.02927 0.02044 0.01208 0.00411 0.00411 0.01213 0.02009 0.02828 0.03629
0.00000 0.00000 0.00000 0.00000 0.00000 0.00000 0.00000 0.00000 0.00000 0.00000 0.00000 0.00000 0.00000 0.00000 0.00000 0.00599 0.01793 0.02915 0.04053 0.05285 0.06481 0.07570 0.08546 0.09719 0.10921 0.11715 0.12150 0.12724 0.13307 0.13884 0.14293 0.14772 0.15343 0.15883 0.16294 0.15873 0.14750 0.13565 0.12461 0.11323 0.10204 0.09049 0.08016 0.07014 0.05910 0.05061 0.04507 0.03977 0.03402 0.02843 0.02308 0.01786 0.01261 0.00748 0.00248 0.00000 0.00000 0.00000 0.00000 0.00000 0.00000 0.00000 0.00000 0.00000 0.00000 0.00411 0.01212 0.01995 0.02815 0.03596 0.04323 0.04991 0.05700 0.06425 0.07224 0.07153 0.06155 0.05383 0.04751 0.03962 0.03120 0.02479 0.01772 0.01036 0.00338 0.00345 0.01039 0.01706 0.02371 0.03054
0.00000 0.00000 0.00000 0.00000 0.00000 0.00000 0.00000 0.00000 0.00000 0.00000 0.00000 0.00000 0.00000 0.00000 0.00000 0.00496 0.01497 0.02504 0.03434 0.04333 0.05338 0.06385 0.07330 0.08055 0.09033 0.09983 0.10663 0.11219 0.12042 0.12815 0.13395 0.13994 0.14747 0.15476 0.15956 0.15728 0.14842 0.13905 0.12751 0.11802 0.10993 0.10048 0.09057 0.08125 0.07285 0.06481 0.05727 0.04987 0.04307 0.03624 0.02934 0.02250 0.01598 0.00951 0.00314 0.00000 0.00000 0.00000 0.00000 0.00000 0.00000 0.00000 0.00000 0.00000 0.00000 0.00343 0.01016 0.01666 0.02299 0.02965 0.03599 0.04243 0.04824 0.05291 0.05858 0.05939 0.05252 0.04474 0.03839 0.03309 0.02643 0.02015 0.01475 0.00880 0.00286 0.00284 0.00860 0.01429 0.01985 0.02538
0.00000 0.00000 0.00000 0.00000 0.00000 0.00000 0.00000 0.00000 0.00000 0.00000 0.00000 0.00000 0.00000 0.00000 0.00000 0.00403 0.01196 0.02009 0.02831 0.03561 0.04278 0.05133 0.05941 0.06612 0.07307 0.08181 0.09101 0.09946 0.10799 0.11659 0.12532 0.13393 0.14174 0.14909 0.15745 0.15780 0.14909 0.13985 0.13228 0.12464 0.11631 0.10929 0.10134 0.09331 0.08595 0.07844 0.06929 0.06029 0.05192 0.04381 0.03537 0.02715 0.01930 0.01152 0.00377 0.00000 0.00000 0.00000 0.00000 0.00000 0.00000 0.00000 0.00000 0.00000 0.00000 0.00280 0.00818 0.01348 0.01882 0.02367 0.02863 0.03380 0.03897 0.04346 0.04692 0.04627 0.04219 0.03676 0.03083 0.02628 0.02149 0.01639 0.01146 0.00697 0.00235 0.00229 0.00677 0.01132 0.01595 0.02045
0.00000 0.00000 0.00000 0.00000 0.00000 0.00000 0.00000 0.00000 0.00000 0.00000 0.00000 0.00000 0.00000 0.00000 0.00000 0.00312 0.00927 0.01523 0.02153 0.02778 0.03380 0.03873 0.04497 0.05135 0.05686 0.06420 0.07532 0.08623 0.09598 0.10580 0.11654 0.12663 0.13543 0.14491 0.15498 0.15663 0.14880 0.14175 0.13636 0.13031 0.12373 0.11661 0.11139 0.10540 0.09909 0.09052 0.08063 0.07065 0.06056 0.05059 0.04118 0.03177 0.02243 0.01333 0.00442 0.00000 0.00000 0.00000 0.00000 0.00000 0.00000 0.00000 0.00000 0.00000 0.00000 0.00214 0.00637 0.01022 0.01423 0.01844 0.02209 0.02529 0.02899 0.03323 0.03678 0.03525 0.03143 0.02804 0.02416 0.02004 0.01632 0.01261 0.00886 0.00529 0.00176 0.00176 0.00524 0.00868 0.01214 0.01555
0.00000 0.00000 0.00000 0.00000 0.00000 0.00000 0.00000 0.00000 0.00000 0.00000 0.00000 0.00000 0.00000 0.00000 0.00000 0.00221 0.00657 0.01087 0.01499 0.01961 0.02402 0.02772 0.03154 0.03607 0.04035 0.04803 0.06013 0.07239 0.08458 0.09636 0.10769 0.11877 0.13026 0.14190 0.15236 0.15424 0.14960 0.14559 0.13935 0.13520 0.13092 0.12578 0.12053 0.11717 0.11208 0.10300 0.09160 0.08075 0.06901 0.05752 0.04687 0.03628 0.02552 0.01510 0.00503 0.00000 0.00000 0.00000 0.00000 0.00000 0.00000 0.00000 0.00000 0.00000 0.00000 0.00145 0.00448 0.00738 0.00993 0.01266 0.01572 0.01825 0.02025 0.02290 0.02582 0.02556 0.02210 0.01954 0.01694 0.01419 0.01141 0.00881 0.00630 0.00373 0.00121 0.00121 0.00367 0.00612 0.00849 0.01088
0.00000 0.00000 0.00000 0.00000 0.00000 0.00000 0.00000 0.00000 0.00000 0.00000 0.00000 0.00000 0.00000 0.00000 0.00000 0.00131 0.00389 0.00646 0.00903 0.01147 0.01394 0.01665 0.01903 0.02124 0.02365 0.03202 0.04576 0.05910 0.07299 0.08633 0.09896 0.11179 0.12515 0.13758 0.14892 0.15317 0.15072 0.14720 0.14316 0.13832 0.13779 0.13519 0.13052 0.12708 0.12404 0.11578 0.10242 0.08945 0.07705 0.06463 0.05220 0.04025 0.02855 0.01693 0.00557 0.00000 0.00000 0.00000 0.00000 0.00000 0.00000 0.00000 0.00000 0.00000 0.00000 0.00086 0.00255 0.00434 0.00603 0.00746 0.00907 0.01080 0.01228 0.01344 0.01500 0.01507 0.01325 0.01149 0.00990 0.00835 0.00673 0.00518 0.00370 0.00221 0.00072 0.00071 0.00216 0.00358 0.00501 0.00640
0.00000 0.00000 0.00000 0.00000 0.00000 0.00000 0.00000 0.00000 0.00000 0.00000 0.00000 0.00000 0.00000 0.00000 0.00000 0.00043 0.00129 0.00213 0.00299 0.00379 0.00457 0.00546 0.00632 0.00702 0.00778 0.01595 0.03153 0.04659 0.06138 0.07609 0.09103 0.10559 0.11927 0.13277 0.14678 0.15328 0.15026 0.14866 0.14772 0.14550 0.14255 0.14249 0.14069 0.13695 0.13530 0.12824 0.11328 0.09818 0.08463 0.07140 0.05764 0.04411 0.03142 0.01871 0.00614 0.00000 0.00000 0.00000 0.00000 0.00000 0.00000 0.00000 0.00000 0.00000 0.00000 0.00029 0.00084 0.00138 0.00197 0.00249 0.00295 0.00347 0.00402 0.00447 0.00489 0.00486 0.00433 0.00377 0.00322 0.00271 0.00219 0.00169 0.00120 0.00072 0.00024 0.00023 0.00070 0.00117 0.00163 0.00210
0.00000 0.00000 0.00000 0.00000 0.00000 0.00000 0.00000 0.00000 0.00000 0.00000 0.00000 0.00000 0.00000 0.00000 0.00000 0.00000 0.00000 0.00000 0.00000 0.00000 0.00000 0.00000 0.00000 0.00000 0.00000 0.00767 0.02289 0.03800 0.05279 0.06739 0.08217 0.09616 0.10977 0.12351 0.13794 0.14392 0.14292 0.14252 0.14367 0.14299 0.14192 0.14174 0.14161 0.14088 0.13976 0.13244 0.11835 0.10419 0.08999 0.07658 0.06336 0.05027 0.03724 0.02479 0.01244 0.00597 0.00527 0.00464 0.00398 0.00329 0.00266 0.00208 0.00147 0.00085 0.00028 0.00000 0.00000 0.00000 0.00000 0.00000 0.00000 0.00000 0.00000 0.00000 0.00000 0.00000 0.00000 0.00000 0.00000 0.00000 0.00000 0.00000 0.00000 0.00000 0.00000 0.00000 0.00000 0.00000 0.00000 0.00000
0.00000 0.00000 0.00000 0.00000 0.00000 0.00000 0.00000 0.00000 0.00000 0.00000 0.00000 0.00000 0.00000 0.00000 0.00000 0.00000 0.00000 0.00000 0.00000 0.00000 0.00000 0.00000 0.00000 0.00000 0.00000 0.00681 0.02017 0.03343 0.04690 0.05988 0.07213 0.08461 0.09737 0.10980 0.12081 0.12744 0.12928 0.13051 0.13066 0.13305 0.13498 0.13407 0.13517 0.13740 0.13787 0.13037 0.11798 0.10637 0.09369 0.08088 0.06944 0.05797 0.04635 0.03495 0.02415 0.01769 0.01556 0.01357 0.01172 0.00981 0.00784 0.00602 0.00433 0.00257 0.00083 0.00000 0.00000 0.00000 0.00000 0.00000 0.00000 0.00000 0.00000 0.00000 0.00000 0.00000 0.00000 0.00000 0.00000 0.00000 0.00000 0.00000 0.00000 0.00000 0.00000 0.00000 0.00000 0.00000 0.00000 0.00000
0.00000 0.00000 0.00000 0.00000 0.00000 0.00000 0.00000 0.00000 0.00000 0.00000 0.00000 0.00000 0.00000 0.00000 0.00000 0.00000 0.00000 0.00000 0.00000 0.00000 0.00000 0.00000 0.00000 0.00000 0.00000 0.00592 0.01770 0.02926 0.04078 0.05184 0.06291 0.07382 0.08497 0.09512 0.10522 0.11167 0.11541 0.11774 0.11968 0.12279 0.12607 0.12805 0.12971 0.13243 0.13483 0.12989 0.11821 0.10733 0.09666 0.08605 0.07518 0.06510 0.05501 0.04507 0.03531 0.02894 0.02560 0.02220 0.01906 0.01604 0.01297 0.00983 0.00698 0.00420 0.00138 0.00000 0.00000 0.00000 0.00000 0.00000 0.00000 0.00000 0.00000 0.00000 0.00000 0.00000 0.00000 0.00000 0.00000 0.00000 0.00000 0.00000 0.00000 0.00000 0.00000 0.00000 0.00000 0.00000 0.00000 0.00000
0.00000 0.00000 0.00000 0.00000 0.00000 0.00000 0.00000 0.00000 0.00000 0.00000 0.00000 0.00000 0.00000 0.00000 0.00000 0.00000 0.00000 0.00000 0.00000 0.00000 0.00000 0.00000 0.00000 0.00000 0.00000 0.00504 0.01520 0.02517 0.03462 0.04424 0.05407 0.06347 0.07198 0.08109 0.09056 0.09704 0.10035 0.10506 0.11017 0.11315 0.11678 0.12155 0.12549 0.12756 0.13119 0.12913 0.11905 0.10837 0.09924 0.09043 0.08121 0.07189 0.06336 0.05472 0.04615 0.03971 0.03521 0.03065 0.02609 0.02195 0.01783 0.01363 0.00953 0.00570 0.00190 0.00000 0.00000 0.00000 0.00000 0.00000 0.00000 0.00000 0.00000 0.00000 0.00000 0.00000 0.00000 0.00000 0.00000 0.00000 0.00000 0.00000 0.00000 0.00000 0.00000 0.00000 0.00000 0.00000 0.00000 0.00000
0.00000 0.00000 0.00000 0.00000 0.00000 0.00000 0.00000 0.00000 0.00000 0.00000 0.00000 0.00000 0.00000 0.00000 0.00000 0.00000 0.00000 0.00000 0.00000 0.00000 0.00000 0.00000 0.00000 0.00000 0.00000 0.00424 0.01261 0.02083 0.02904 0.03705 0.04509 0.05265 0.06022 0.06775 0.07551 0.08189 0.08715 0.09303 0.09901 0.10433 0.10889 0.11453 0.11979 0.12438 0.12866 0.12687 0.11878 0.11056 0.10210 0.09421 0.08650 0.07895 0.07137 0.06394 0.05665 0.05000 0.04445 0.03874 0.03311 0.02744 0.02240 0.01727 0.01214 0.00714 0.00236 0.00000 0.00000 0.00000 0.00000 0.00000 0.00000 0.00000 0.00000 0.00000 0.00000 0.00000 0.00000 0.00000 0.00000 0.00000 0.00000 0.00000 0.00000 0.00000 0.00000 0.00000 0.00000 0.00000 0.00000 0.00000
0.00000 0.00000 0.00000 0.00000 0.00000 0.00000 0.00000 0.00000 0.00000 0.00000 0.00000 0.00000 0.00000 0.00000 0.00000 0.00000 0.00000 0.00000 0.00000 0.00000 0.00000 0.00000 0.00000 0.00000 0.00000 0.00345 0.01013 0.01678 0.02354 0.03005 0.03608 0.04237 0.04898 0.05493 0.06029 0.06698 0.07503 0.08142 0.08781 0.09497 0.10235 0.10760 0.11380 0.12081 0.12679 0.12511 0.11812 0.11198 0.10529 0.09814 0.09149 0.08532 0.07901 0.07300 0.06671 0.06010 0.05295 0.04657 0.03977 0.03309 0.02651 0.02069 0.01469 0.00857 0.00282 0.00000 0.00000 0.00000 0.00000 0.00000 0.00000 0.00000 0.00000 0.00000 0.00000 0.00000 0.00000 0.00000 0.00000 0.00000 0.00000 0.00000 0.00000 0.00000 0.00000 0.00000 0.00000 0.00000 0.00000 0.00000
0.00000 0.00000 0.00000 0.00000 0.00000 0.00000 0.00000 0.00000 0.00000 0.00000 0.00000 0.00000 0.00000 0.00000 0.00000 0.00000 0.00000 0.00000 0.00000 0.00000 0.00000 0.00000 0.00000 0.00000 0.00000 0.00261 0.00784 0.01294 0.01800 0.02288 0.02776 0.03261 0.03742 0.04197 0.04634 0.05305 0.06168 0.07013 0.07780 0.08621 0.09423 0.10182 0.10897 0.11636 0.12372 0.12433 0.11842 0.11261 0.10741 0.10225 0.09694 0.09125 0.08627 0.08123 0.07674 0.06971 0.06158 0.05331 0.04622 0.03847 0.03101 0.02360 0.01686 0.01006 0.00327 0.00000 0.00000 0.00000 0.00000 0.00000 0.00000 0.00000 0.00000 0.00000 0.00000 0.00000 0.00000 0.00000 0.00000 0.00000 0.00000 0.00000 0.00000 0.00000 0.00000 0.00000 0.00000 0.00000 0.00000 0.00000
0.00000 0.00000 0.00000 0.00000 0.00000 0.00000 0.00000 0.00000 0.00000 0.00000 0.00000 0.00000 0.00000 0.00000 0.00000 0.00000 0.00000 0.00000 0.00000 0.00000 0.00000 0.00000 0.00000 0.00000 0.00000 0.00184 0.00553 0.00916 0.01259 0.01607 0.01969 0.02303 0.02612 0.02939 0.03301 0.03936 0.04888 0.05858 0.06879 0.07754 0.08632 0.09560 0.10461 0.11246 0.12040 0.12300 0.11879 0.11406 0.10934 0.10568 0.10174 0.09786 0.09296 0.08940 0.08537 0.07951 0.06952 0.06063 0.05136 0.04374 0.03540 0.02678 0.01886 0.01130 0.00375 0.00000 0.00000 0.00000 0.00000 0.00000 0.00000 0.00000 0.00000 0.00000 0.00000 0.00000 0.00000 0.00000 0.00000 0.00000 0.00000 0.00000 0.00000 0.00000 0.00000 0.00000 0.00000 0.00000 0.00000 0.00000
0.00000 0.00000 0.00000 0.00000 0.00000 0.00000 0.00000 0.00000 0.00000 0.00000 0.00000 0.00000 0.00000 0.00000 0.00000 0.00000 0.00000 0.00000 0.00000 0.00000 0.00000 0.00000 0.00000 0.00000 0.00000 0.00109 0.00326 0.00537 0.00748 0.00955 0.01159 0.01356 0.01547 0.01747 0.01936 0.02596 0.03690 0.04798 0.05874 0.06925 0.07936 0.08944 0.09943 0.10893 0.11831 0.12105 0.11816 0.11531 0.11230 0.10844 0.10598 0.10331 0.10074 0.09643 0.09429 0.08741 0.07803 0.06709 0.05769 0.04762 0.03914 0.03025 0.02104 0.01249 0.00412 0.00000 0.00000 0.00000 0.00000 0.00000 0.00000 0.00000 0.00000 0.00000 0.00000 0.00000 0.00000 0.00000 0.00000 0.00000 0.00000 0.00000 0.00000 0.00000 0.00000 0.00000 0.00000 0.00000 0.00000 0.00000
0.00000 0.00000 0.00000 0.00000 0.00000 0.00000 0.00000 0.00000 0.00000 0.00000 0.00000 0.00000 0.00000 0.00000 0.00000 0.00000 0.00000 0.00000 0.00000 0.00000 0.00000 0.00000 0.00000 0.00000 0.00000 0.00036 0.00106 0.00176 0.00247 0.00315 0.00378 0.00443 0.00513 0.00574 0.00632 0.01286 0.02545 0.03751 0.04917 0.06095 0.07269 0.08373 0.09423 0.10531 0.11589 0.11994 0.11744 0.11606 0.11445 0.11265 0.10956 0.10844 0.10694 0.10532 0.10144 0.09604 0.08465 0.07443 0.06330 0.05263 0.04254 0.03291 0.02339 0.01355 0.00447 0.00000 0.00000 0.00000 0.00000 0.00000 0.00000 0.00000 0.00000 0.00000 0.00000 0.00000 0.00000 0.00000 0.00000 0.00000 0.00000 0.00000 0.00000 0.00000 0.00000 0.00000 0.00000 0.00000 0.00000 0.00000
0.00000 0.00000 0.00000 0.00000 0.00000 0.00000 0.00000 0.00000 0.00000 0.00000 0.00000 0.00000 0.00000 0.00000 0.00000 0.00000 0.00000 0.00000 0.00000 0.00000 0.00000 0.00000 0.00000 0.00000 0.00000 0.00000 0.00000 0.00000 0.00000 0.00000 0.00000 0.00000 0.00000 0.00000 0.00000 0.00620 0.01844 0.03041 0.04219 0.05372 0.06509 0.07594 0.08698 0.09731 0.10770 0.11208 0.11110 0.10924 0.10832 0.10747 0.10621 0.10356 0.10311 0.10293 0.10104 0.09273 0.08317 0.07362 0.06218 0.05238 0.04171 0.03225 0.02258 0.01339 0.00438 0.00000 0.00000 0.00000 0.00000 0.00000 0.00000 0.00000 0.00000 0.00000 0.00000 0.00000 0.00000 0.00000 0.00000 0.00000 0.00000 0.00000 0.00000 0.00000 0.00000 0.00000 0.00000 0.00000 0.00000 0.00000
0.00000 0.00000 0.00000 0.00000 0.00000 0.00000 0.00000 0.00000 0.00000 0.00000 0.00000 0.00000 0.00000 0.00000 0.00000 0.00000 0.00000 0.00000 0.00000 0.00000 0.00000 0.00000 0.00000 0.00000 0.00000 0.00000 0.00000 0.00000 0.00000 0.00000 0.00000 0.00000 0.00000 0.00000 0.00000 0.00548 0.01616 0.02674 0.03721 0.04746 0.05707 0.06691 0.07638 0.08585 0.09448 0.09854 0.09746 0.09654 0.09479 0.09401 0.09334 0.09200 0.08977 0.08932 0.08974 0.08293 0.07285 0.06341 0.05522 0.04544 0.03692 0.02791 0.01974 0.01170 0.00386 0.00000 0.00000 0.00000 0.00000 0.00000 0.00000 0.00000 0.00000 0.00000 0.00000 0.00000 0.00000 0.00000 0.00000 0.00000 0.00000 0.00000 0.00000 0.00000 0.00000 0.00000 0.00000 0.00000 0.00000 0.00000
0.00000 0.00000 0.00000 0.00000 0.00000 0.00000 0.00000 0.00000 0.00000 0.00000 0.00000 0.00000 0.00000 0.00000 0.00000 0.00000 0.00000 0.00000 0.00000 0.00000 0.00000 0.00000 0.00000 0.00000 0.00000 0.00000 0.00000 0.00000 0.00000 0.00000 0.00000 0.00000 0.00000 0.00000 0.00000 0.00473 0.01409 0.02329 0.03224 0.04085 0.04972 0.05810 0.06620 0.07396 0.08220 0.08530 0.08431 0.08338 0.08255 0.08095 0.08028 0.08001 0.07844 0.07661 0.07620 0.07296 0.06311 0.05486 0.04689 0.03959 0.03152 0.02420 0.01701 0.01008 0.00330 0.00000 0.00000 0.00000 0.00000 0.00000 0.00000 0.00000 0.00000 0.00000 0.00000 0.00000 0.00000 0.00000 0.00000 0.00000 0.00000 0.00000 0.00000 0.00000 0.00000 0.00000 0.00000 0.00000 0.00000 0.00000
0.00000 0.00000 0.00000 0.00000 0.00000 0.00000 0.00000 0.00000 0.00000 0.00000 0.00000 0.00000 0.00000 0.00000 0.00000 0.00000 0.00000 0.00000 0.00000 0.00000 0.00000 0.00000 0.00000 0.00000 0.00000 0.00000 0.00000 0.00000 0.00000 0.00000 0.00000 0.00000 0.00000 0.00000 0.00000 0.00403 0.01202 0.01994 0.02747 0.03495 0.04217 0.04962 0.05647 0.06318 0.06963 0.07282 0.07177 0.07091 0.07013 0.06927 0.06805 0.06741 0.06724 0.06565 0.06455 0.06063 0.05435 0.04653 0.03984 0.03309 0.02687 0.02046 0.01446 0.00847 0.00278 0.00000 0.00000 0.00000 0.00000 0.00000 0.00000 0.00000 0.00000 0.00000 0.00000 0.00000 0.00000 0.00000 0.00000 0.00000 0.00000 0.00000 0.00000 0.00000 0.00000 0.00000 0.00000 0.00000 0.00000 0.00000
0.00000 0.00000 0.00000 0.00000 0.00000 0.00000 0.00000 0.00000 0.00000 0.00000 0.00000 0.00000 0.00000 0.00000 0.00000 0.00000 0.00000 0.00000 0.00000 0.00000 0.00000 0.00000 0.00000 0.00000 0.00000 0.00000 0.00000 0.00000 0.00000 0.00000 0.00000 0.00000 0.00000 0.00000 0.00000 0.00338 0.00999 0.01640 0.02292 0.02922 0.03509 0.04081 0.04694 0.05270 0.05787 0.06008 0.05964 0.05874 0.05802 0.05759 0.05658 0.05546 0.05511 0.05509 0.05347 0.04993 0.04432 0.03900 0.03275 0.02730 0.02209 0.01700 0.01186 0.00699 0.00230 0.00000 0.00000 0.00000 0.00000 0.00000 0.00000 0.00000 0.00000 0.00000 0.00000 0.00000 0.00000 0.00000 0.00000 0.00000 0.00000 0.00000 0.00000 0.00000 0.00000 0.00000 0.00000 0.00000 0.00000 0.00000
0.00000 0.00000 0.00000 0.00000 0.00000 0.00000 0.00000 0.00000 0.00000 0.00000 0.00000 0.00000 0.00000 0.00000 0.00000 0.00000 0.00000 0.00000 0.00000 0.00000 0.00000 0.00000 0.00000 0.00000 0.00000 0.00000 0.00000 0.00000 0.00000 0.00000 0.00000 0.00000 0.00000 0.00000 0.00000 0.00273 0.00808 0.01325 0.01832 0.02355 0.02844 0.03296 0.03746 0.04238 0.04683 0.04838 0.04770 0.04734 0.04661 0.04599 0.04568 0.04480 0.04400 0.04354 0.04351 0.04014 0.03534 0.03076 0.02655 0.02187 0.01764 0.01346 0.00950 0.00561 0.00184 0.00000 0.00000 0.00000 0.00000 0.00000 0.00000 0.00000 0.00000 0.00000 0.00000 0.00000 0.00000 0.00000 0.00000 0.00000 0.00000 0.00000 0.00000 0.00000 0.00000 0.00000 0.00000 0.00000 0.00000 0.00000
0.00000 0.00000 0.00000 0.00000 0.00000 0.00000 0.00000 0.00000 0.00000 0.00000 0.00000 0.00000 0.00000 0.00000 0.00000 0.00000 0.00000 0.00000 0.00000 0.00000 0.00000 0.00000 0.00000 0.00000 0.00000 0.00000 0.00000 0.00000 0.00000 0.00000 0.00000 0.00000 0.00000 0.00000 0.00000 0.00206 0.00619 0.01023 0.01399 0.01771 0.02167 0.02543 0.02860 0.03193 0.03563 0.03709 0.03631 0.03595 0.03554 0.03490 0.03449 0.03444 0.03350 0.03288 0.03266 0.03096 0.02677 0.02324 0.01996 0.01676 0.01332 0.01018 0.00719 0.00427 0.00139 0.00000 0.00000 0.00000 0.00000 0.00000 0.00000 0.00000 0.00000 0.00000 0.00000 0.00000 0.00000 0.00000 0.00000 0.00000 0.00000 0.00000 0.00000 0.00000 0.00000 0.00000 0.00000 0.00000 0.00000 0.00000
0.00000 0.00000 0.00000 0.00000 0.00000 0.00000 0.00000 0.00000 0.00000 0.00000 0.00000 0.00000 0.00000 0.00000 0.00000 0.00000 0.00000 0.00000 0.00000 0.00000 0.00000 0.00000 0.00000 0.00000 0.00000 0.00000 0.00000 0.00000 0.00000 0.00000 0.00000 0.00000 0.00000 0.00000 0.00000 0.00145 0.00430 0.00721 0.00995 0.01248 0.01505 0.01784 0.02035 0.02249 0.02476 0.02602 0.02567 0.02516 0.02497 0.02457 0.02413 0.02380 0.02388 0.02318 0.02272 0.02130 0.01908 0.01633 0.01389 0.01154 0.00940 0.00713 0.00500 0.00295 0.00098 0.00000 0.00000 0.00000 0.00000 0.00000 0.00000 0.00000 0.00000 0.00000 0.00000 0.00000 0.00000 0.00000 0.00000 0.00000 0.00000 0.00000 0.00000 0.00000 0.00000 0.00000 0.00000 0.00000 0.00000 0.00000
0.00000 0.00000 0.00000 0.00000 0.00000 0.00000 0.00000 0.00000 0.00000 0.00000 0.00000 0.00000 0.00000 0.00000 0.00000 0.00000 0.00000 0.00000 0.00000 0.00000 0.00000 0.00000 0.00000 0.00000 0.00000 0.00000 0.00000 0.00000 0.00000 0.00000 0.00000 0.00000 0.00000 0.00000 0.00000 0.00087 0.00253 0.00416 0.00588 0.00746 0.00884 0.01030 0.01197 0.01339 0.01453 0.01512 0.01509 0.01480 0.01449 0.01453 0.01421 0.01388 0.01372 0.01379 0.01335 0.01241 0.01096 0.00967 0.00813 0.00673 0.00542 0.00421 0.00293 0.00171 0.00057 0.00000 0.00000 0.00000 0.00000 0.00000 0.00000 0.00000 0.00000 0.00000 0.00000 0.00000 0.00000 0.00000 0.00000 0.00000 0.00000 0.00000 0.00000 0.00000 0.00000 0.00000 0.00000 0.00000 0.00000 0.00000
0.00000 0.00000 0.00000 0.00000 0.00000 0.00000 0.00000 0.00000 0.00000 0.00000 0.00000 0.00000 0.00000 0.00000 0.00000 0.00000 0.00000 0.00000 0.00000 0.00000 0.00000 0.00000 0.00000 0.00000 0.00000 0.00000 0.00000 0.00000 0.00000 0.00000 0.00000 0.00000 0.00000 0.00000 0.00000 0.00029 0.00084 0.00136 0.00189 0.00246 0.00296 0.00338 0.00384 0.00440 0.00485 0.00493 0.00489 0.00489 0.00478 0.00464 0.00470 0.00463 0.00447 0.00438 0.00443 0.00414 0.00357 0.00307 0.00268 0.00225 0.00177 0.00135 0.00097 0.00057 0.00018 0.00000 0.00000 0.00000 0.00000 0.00000 0.00000 0.00000 0.00000 0.00000 0.00000 0.00000 0.00000 0.00000 0.00000 0.00000 0.00000 0.00000 0.00000 0.00000 0.00000 0.00000 0.00000 0.00000 0.00000 0.00000
0.00000 0.00000 0.00000 0.00000 0.00000 0.00000 0.00000 0.00000 0.00000 0.00000 0.00000 0.00000 0.00000 0.00000 0.00000 0.00000 0.00000 0.00000 0.00000 0.00000 0.00000 0.00000 0.00000 0.00000 0.00000 0.00000 0.00000 0.00000 0.00000 0.00000 0.00000 0.00000 0.00000 0.00000 0.00000 0.00000 0.00000 0.00000 0.00000 0.00000 0.00000 0.00000 0.00000 0.00000 0.00000 0.00000 0.00000 0.00000 0.00000 0.00000 0.00000 0.00000 0.00000 0.00000 0.00000 0.00000 0.00000 0.00000 0.00000 0.00000 0.00000 0.00000 0.00000 0.00000 0.00000 0.00000 0.00000 0.00000 0.00000 0.00000 0.00000 0.00000 0.00000 0.00000 0.00000 0.00000 0.00000 0.00000 0.00000 0.00000 0.00000 0.00000 0.00000 0.00000 0.00000 0.00000 0.00000 0.00000 0.00000 0.00000
0.00000 0.00000 0.00000 0.00000 0.00000 0.00000 0.00000 0.00000 0.00000 0.00000 0.00000 0.00000 0.00000 0.00000 0.00000 0.00000 0.00000 0.00000 0.00000 0.00000 0.00000 0.00000 0.00000 0.00000 0.00000 0.00000 0.00000 0.00000 0.00000 0.00000 0.00000 0.00000 0.00000 0.00000 0.00000 0.00000 0.00000 0.00000 0.00000 0.00000 0.00000 0.00000 0.00000 0.00000 0.00000 0.00000 0.00000 0.00000 0.00000 0.00000 0.00000 0.00000 0.00000 0.00000 0.00000 0.00000 0.00000 0.00000 0.00000 0.00000 0.00000 0.00000 0.00000 0.00000 0.00000 0.00000 0.00000 0.00000 0.00000 0.00000 0.00000 0.00000 0.00000 0.00000 0.00000 0.00000 0.00000 0.00000 0.00000 0.00000 0.00000 0.00000 0.00000 0.00000 0.00000 0.00000 0.00000 0.00000 0.00000 0.00000
0.00000 0.00000 0.00000 0.00000 0.00000 0.00000 0.00000 0.00000 0.00000 0.00000 0.00000 0.00000 0.00000 0.00000 0.00000 0.00000 0.00000 0.00000 0.00000 0.00000 0.00000 0.00000 0.00000 0.00000 0.00000 0.00000 0.00000 0.00000 0.00000 0.00000 0.00000 0.00000 0.00000 0.00000 0.00000 0.00000 0.00000 0.00000 0.00000 0.00000 0.00000 0.00000 0.00000 0.00000 0.00000 0.00000 0.00000 0.00000 0.00000 0.00000 0.00000 0.00000 0.00000 0.00000 0.00000 0.00000 0.00000 0.00000 0.00000 0.00000 0.00000 0.00000 0.00000 0.00000 0.00000 0.00000 0.00000 0.00000 0.00000 0.00000 0.00000 0.00000 0.00000 0.00000 0.00000 0.00000 0.00000 0.00000 0.00000 0.00000 0.00000 0.00000 0.00000 0.00000 0.00000 0.00000 0.00000 0.00000 0.00000 0.00000
0.00000 0.00000 0.00000 0.00000 0.00000 0.00000 0.00000 0.00000 0.00000 0.00000 0.00000 0.00000 0.00000 0.00000 0.00000 0.00000 0.00000 0.00000 0.00000 0.00000 0.00000 0.00000 0.00000 0.00000 0.00000 0.00000 0.00000 0.00000 0.00000 0.00000 0.00000 0.00000 0.00000 0.00000 0.00000 0.00000 0.00000 0.00000 0.00000 0.00000 0.00000 0.00000 0.00000 0.00000 0.00000 0.00000 0.00000 0.00000 0.00000 0.00000 0.00000 0.00000 0.00000 0.00000 0.00000 0.00000 0.00000 0.00000 0.00000 0.00000 0.00000 0.00000 0.00000 0.00000 0.00000 0.00000 0.00000 0.00000 0.00000 0.00000 0.00000 0.00000 0.00000 0.00000 0.00000 0.00000 0.00000 0.00000 0.00000 0.00000 0.00000 0.00000 0.00000 0.00000 0.00000 0.00000 0.00000 0.00000 0.00000 0.00000
0.00000 0.00000 0.00000 0.00000 0.00000 0.00000 0.00000 0.00000 0.00000 0.00000 0.00000 0.00000 0.00000 0.00000 0.00000 0.00000 0.00000 0.00000 0.00000 0.00000 0.00000 0.00000 0.00000 0.00000 0.00000 0.00000 0.00000 0.00000 0.00000 0.00000 0.00000 0.00000 0.00000 0.00000 0.00000 0.00000 0.00000 0.00000 0.00000 0.00000 0.00000 0.00000 0.00000 0.00000 0.00000 0.00000 0.00000 0.00000 0.00000 0.00000 0.00000 0.00000 0.00000 0.00000 0.00000 0.00000 0.00000 0.00000 0.00000 0.00000 0.00000 0.00000 0.00000 0.00000 0.00000 0.00000 0.00000 0.00000 0.00000 0.00000 0.00000 0.00000 0.00000 0.00000 0.00000 0.00000 0.00000 0.00000 0.00000 0.00000 0.00000 0.00000 0.00000 0.00000 0.00000 0.00000 0.00000 0.00000 0.00000 0.00000
0.00000 0.00000 0.00000 0.00000 0.00000 0.00000 0.00000 0.00000 0.00000 0.00000 0.00000 0.00000 0.00000 0.00000 0.00000 0.00000 0.00000 0.00000 0.00000 0.00000 0.00000 0.00000 0.00000 0.00000 0.00000 0.00000 0.00000 0.00000 0.00000 0.00000 0.00000 0.00000 0.00000 0.00000 0.00000 0.00000 0.00000 0.00000 0.00000 0.00000 0.00000 0.00000 0.00000 0.00000 0.00000 0.00000 0.00000 0.00000 0.00000 0.00000 0.00000 0.00000 0.00000 0.00000 0.00000 0.00000 0.00000 0.00000 0.00000 0.00000 0.00000 0.00000 0.00000 0.00000 0.00000 0.00000 0.00000 0.00000 0.00000 0.00000 0.00000 0.00000 0.00000 0.00000 0.00000 0.00000 0.00000 0.00000 0.00000 0.00000 0.00000 0.00000 0.00000 0.00000 0.00000 0.00000 0.00000 0.00000 0.00000 0.00000
0.00000 0.00000 0.00000 0.00000 0.00000 0.00000 0.00000 0.00000 0.00000 0.00000 0.00000 0.00000 0.00000 0.00000 0.00000 0.00000 0.00000 0.00000 0.00000 0.00000 0.00000 0.00000 0.00000 0.00000 0.00000 0.00000 0.00000 0.00000 0.00000 0.00000 0.00000 0.00000 0.00000 0.00000 0.00000 0.00000 0.00000 0.00000 0.00000 0.00000 0.00000 0.00000 0.00000 0.00000 0.00000 0.00000 0.00000 0.00000 0.00000 0.00000 0.00000 0.00000 0.00000 0.00000 0.00000 0.00000 0.00000 0.00000 0.00000 0.00000 0.00000 0.00000 0.00000 0.00000 0.00000 0.00000 0.00000 0.00000 0.00000 0.00000 0.00000 0.00000 0.00000 0.00000 0.00000 0.00000 0.00000 0.00000 0.00000 0.00000 0.00000 0.00000 0.00000 0.00000 0.00000 0.00000 0.00000 0.00000 0.00000 0.00000
0.00000 0.00000 0.00000 0.00000 0.00000 0.00000 0.00000 0.00000 0.00000 0.00000 0.00000 0.00000 0.00000 0.00000 0.00000 0.00000 0.00000 0.00000 0.00000 0.00000 0.00000 0.00000 0.00000 0.00000 0.00000 0.00000 0.00000 0.00000 0.00000 0.00000 0.00000 0.00000 0.00000 0.00000 0.00000 0.00000 0.00000 0.00000 0.00000 0.00000 0.00000 0.00000 0.00000 0.00000 0.00000 0.00000 0.00000 0.00000 0.00000 0.00000 0.00000 0.00000 0.00000 0.00000 0.00000 0.00000 0.00000 0.00000 0.00000 0.00000 0.00000 0.00000 0.00000 0.00000 0.00000 0.00000 0.00000 0.00000 0.00000 0.00000 0.00000 0.00000 0.00000 0.00000 0.00000 0.00000 0.00000 0.00000 0.00000 0.00000 0.00000 0.00000 0.00000 0.00000 0.00000 0.00000 0.00000 0.00000 0.00000 0.00000
0.00000 0.00000 0.00000 0.00000 0.00000 0.00000 0.00000 0.00000 0.00000 0.00000 0.00000 0.00000 0.00000 0.00000 0.00000 0.00000 0.00000 0.00000 0.00000 0.00000 0.00000 0.00000 0.00000 0.00000 0.00000 0.00000 0.00000 0.00000 0.00000 0.00000 0.00000 0.00000 0.00000 0.00000 0.00000 0.00000 0.00000 0.00000 0.00000 0.00000 0.00000 0.00000 0.00000 0.00000 0.00000 0.00000 0.00000 0.00000 0.00000 0.00000 0.00000 0.00000 0.00000 0.00000 0.00000 0.00000 0.00000 0.00000 0.00000 0.00000 0.00000 0.00000 0.00000 0.00000 0.00000 0.00000 0.00000 0.00000 0.00000 0.00000 0.00000 0.00000 0.00000 0.00000 0.00000 0.00000 0.00000 0.00000 0.00000 0.00000 0.00000 0.00000 0.00000 0.00000 0.00000 0.00000 0.00000 0.00000 0.00000 0.00000
0.00000 0.00000 0.00000 0.00000 0.00000 0.00000 0.00000 0.00000 0.00000 0.00000 0.00000 0.00000 0.00000 0.00000 0.00000 0.00000 0.00000 0.00000 0.00000 0.00000 0.00000 0.00000 0.00000 0.00000 0.00000 0.00000 0.00000 0.00000 0.00000 0.00000 0.00000 0.00000 0.00000 0.00000 0.00000 0.00000 0.00000 0.00000 0.00000 0.00000 0.00000 0.00000 0.00000 0.00000 0.00000 0.00000 0.00000 0.00000 0.00000 0.00000 0.00000 0.00000 0.00000 0.00000 0.00000 0.00000 0.00000 0.00000 0.00000 0.00000 0.00000 0.00000 0.00000 0.00000 0.00000 0.00000 0.00000 0.00000 0.00000 0.00000 0.00000 0.00000 0.00000 0.00000 0.00000 0.00000 0.00000 0.00000 0.00000 0.00000 0.00000 0.00000 0.00000 0.00000 0.00000 0.00000 0.00000 0.00000 0.00000 0.00000
0.00000 0.00000 0.00000 0.00000 0.00000 0.00000 0.00000 0.00000 0.00000 0.00000 0.00000 0.00000 0.00000 0.00000 0.00000 0.00000 0.00000 0.00000 0.00000 0.00000 0.00000 0.00000 0.00000 0.00000 0.00000 0.00000 0.00000 0.00000 0.00000 0.00000 0.00000 0.00000 0.00000 0.00000 0.00000 0.00000 0.00000 0.00000 0.00000 0.00000 0.00000 0.00000 0.00000 0.00000 0.00000 0.00000 0.00000 0.00000 0.00000 0.00000 0.00000 0.00000 0.00000 0.00000 0.00000 0.00000 0.00000 0.00000 0.00000 0.00000 0.00000 0.00000 0.00000 0.00000 0.00000 0.00000 0.00000 0.00000 0.00000 0.00000 0.00000 0.00000 0.00000 0.00000 0.00000 0.00000 0.00000 0.00000 0.00000 0.00000 0.00000 0.00000 0.00000 0.00000 0.00000 0.00000 0.00000 0.00000 0.00000 0.00000
0.00000 0.00000 0.00000 0.00000 0.00000 0.00000 0.00000 0.00000 0.00000 0.00000 0.00000 0.00000 0.00000 0.00000 0.00000 0.00000 0.00000 0.00000 0.00000 0.00000 0.00000 0.00000 0.00000 0.00000 0.00000 0.00000 0.00000 0.00000 0.00000 0.00000 0.00000 0.00000 0.00000 0.00000 0.00000 0.00000 0.00000 0.00000 0.00000 0.00000 0.00000 0.00000 0.00000 0.00000 0.00000 0.00000 0.00000 0.00000 0.00000 0.00000 0.00000 0.00000 0.00000 0.00000 0.00000 0.00000 0.00000 0.00000 0.00000 0.00000 0.00000 0.00000 0.00000 0.00000 0.00000 0.00000 0.00000 0.00000 0.00000 0.00000 0.00000 0.00000 0.00000 0.00000 0.00000 0.00000 0.00000 0.00000 0.00000 0.00000 0.00000 0.00000 0.00000 0.00000 0.00000 0.00000 0.00000 0.00000 0.00000 0.00000
0.00000 0.00000 0.00000 0.00000 0.00000 0.00000 0.00000 0.00000 0.00000 0.00000 0.00000 0.00000 0.00000 0.00000 0.00000 0.00000 0.00000 0.00000 0.00000 0.00000 0.00000 0.00000 0.00000 0.00000 0.00000 0.00000 0.00000 0.00000 0.00000 0.00000 0.00000 0.00000 0.00000 0.00000 0.00000 0.00000 0.00000 0.00000 0.00000 0.00000 0.00000 0.00000 0.00000 0.00000 0.00000 0.00000 0.00000 0.00000 0.00000 0.00000 0.00000 0.00000 0.00000 0.00000 0.00000 0.00000 0.00000 0.00000 0.00000 0.00000 0.00000 0.00000 0.00000 0.00000 0.00000 0.00000 0.00000 0.00000 0.00000 0.00000 0.00000 0.00000 0.00000 0.00000 0.00000 0.00000 0.00000 0.00000 0.00000 0.00000 0.00000 0.00000 0.00000 0.00000 0.00000 0.00000 0.00000 0.00000 0.00000 0.00000
0.00000 0.00000 0.00000 0.00000 0.00000 0.00000 0.00000 0.00000 0.00000 0.00000 0.00000 0.00000 0.00000 0.00000 0.00000 0.00000 0.00000 0.00000 0.00000 0.00000 0.00000 0.00000 0.00000 0.00000 0.00000 0.00000 0.00000 0.00000 0.00000 0.00000 0.00000 0.00000 0.00000 0.00000 0.00000 0.00000 0.00000 0.00000 0.00000 0.00000 0.00000 0.00000 0.00000 0.00000 0.00000 0.00000 0.00000 0.00000 0.00000 0.00000 0.00000 0.00000 0.00000 0.00000 0.00000 0.00000 0.00000 0.00000 0.00000 0.00000 0.00000 0.00000 0.00000 0.00000 0.00000 0.00000 0.00000 0.00000 0.00000 0.00000 0.00000 0.00000 0.00000 0.00000 0.00000 0.00000 0.00000 0.00000 0.00000 0.00000 0.00000 0.00000 0.00000 0.00000 0.00000 0.00000 0.00000 0.00000 0.00000 0.00000
0.00000 0.00000 0.00000 0.00000 0.00000 0.00000 0.00000 0.00000 0.00000 0.00000 0.00000 0.00000 0.00000 0.00000 0.00000 0.00000 0.00000 0.00000 0.00000 0.00000 0.00000 0.00000 0.00000 0.00000 0.00000 0.00000 0.00000 0.00000 0.00000 0.00000 0.00000 0.00000 0.00000 0.00000 0.00000 0.00000 0.00000 0.00000 0.00000 0.00000 0.00000 0.00000 0.00000 0.00000 0.00000 0.00000 0.00000 0.00000 0.00000 0.00000 0.00000 0.00000 0.00000 0.00000 0.00000 0.00000 0.00000 0.00000 0.00000 0.00000 0.00000 0.00000 0.00000 0.00000 0.00000 0.00000 0.00000 0.00000 0.00000 0.00000 0.00000 0.00000 0.00000 0.00000 0.00000 0.00000 0.00000 0.00000 0.00000 0.00000 0.00000 0.00000 0.00000 0.00000 0.00000 0.00000 0.00000 0.00000 0.00000 0.00000
0.00000 0.00000 0.00000 0.00000 0.00000 0.00000 0.00000 0.00000 0.00000 0.00000 0.00000 0.00000 0.00000 0.00000 0.00000 0.00000 0.00000 0.00000 0.00000 0.00000 0.00000 0.00000 0.00000 0.00000 0.00000 0.00000 0.00000 0.00000 0.00000 0.00000 0.00000 0.00000 0.00000 0.00000 0.00000 0.00000 0.00000 0.00000 0.00000 0.00000 0.00000 0.00000 0.00000 0.00000 0.00000 0.00000 0.00000 0.00000 0.00000 0.00000 0.00000 0.00000 0.00000 0.00000 0.00000 0.00000 0.00000 0.00000 0.00000 0.00000 0.00000 0.00000 0.00000 0.00000 0.00000 0.00000 0.00000 0.00000 0.00000 0.00000 0.00000 0.00000 0.00000 0.00000 0.00000 0.00000 0.00000 0.00000 0.00000 0.00000 0.00000 0.00000 0.00000 0.00000 0.00000 0.00000 0.00000 0.00000 0.00000 0.00000
0.00000 0.00000 0.00000 0.00000 0.00000 0.00000 0.00000 0.00000 0.00000 0.00000 0.00000 0.00000 0.00000 0.00000 0.00000 0.00000 0.00000 0.00000 0.00000 0.00000 0.00000 0.00000 0.00000 0.00000 0.00000 0.00000 0.00000 0.00000 0.00000 0.00000 0.00000 0.00000 0.00000 0.00000 0.00000 0.00000 0.00000 0.00000 0.00000 0.00000 0.00000 0.00000 0.00000 0.00000 0.00000 0.00000 0.00000 0.00000 0.00000 0.00000 0.00000 0.00000 0.00000 0.00000 0.00000 0.00000 0.00000 0.00000 0.00000 0.00000 0.00000 0.00000 0.00000 0.00000 0.00000 0.00000 0.00000 0.00000 0.00000 0.00000 0.00000 0.00000 0.00000 0.00000 0.00000 0.00000 0.00000 0.00000 0.00000 0.00000 0.00000 0.00000 0.00000 0.00000 0.00000 0.00000 0.00000 0.00000 0.00000 0.00000
0.00000 0.00000 0.00000 0.00000 0.00000 0.00000 0.00000 0.00000 0.00000 0.00000 0.00000 0.00000 0.00000 0.00000 0.00000 0.00000 0.00000 0.00000 0.00000 0.00000 0.00000 0.00000 0.00000 0.00000 0.00000 0.00000 0.00000 0.00000 0.00000 0.00000 0.00000 0.00000 0.00000 0.00000 0.00000 0.00000 0.00000 0.00000 0.00000 0.00000 0.00000 0.00000 0.00000 0.00000 0.00000 0.00000 0.00000 0.00000 0.00000 0.00000 0.00000 0.00000 0.00000 0.00000 0.00000 0.00000 0.00000 0.00000 0.00000 0.00000 0.00000 0.00000 0.00000 0.00000 0.00000 0.00000 0.00000 0.00000 0.00000 0.00000 0.00000 0.00000 0.00000 0.00000 0.00000 0.00000 0.00000 0.00000 0.00000 0.00000 0.00000 0.00000 0.00000 0.00000 0.00000 0.00000 0.00000 0.00000 0.00000 0.00000
0.00000 0.00000 0.00000 0.00000 0.00000 0.00000 0.00000 0.00000 0.00000 0.00000 0.00000 0.00000 0.00000 0.00000 0.00000 0.00000 0.00000 0.00000 0.00000 0.00000 0.00000 0.00000 0.00000 0.00000 0.00000 0.00000 0.00000 0.00000 0.00000 0.00000 0.00000 0.00000 0.00000 0.00000 0.00000 0.00000 0.00000 0.00000 0.00000 0.00000 0.00000 0.00000 0.00000 0.00000 0.00000 0.00000 0.00000 0.00000 0.00000 0.00000 0.00000 0.00000 0.00000 0.00000 0.00000 0.00000 0.00000 0.00000 0.00000 0.00000 0.00000 0.00000 0.00000 0.00000 0.00000 0.00000 0.00000 0.00000 0.00000 0.00000 0.00000 0.00000 0.00000 0.00000 0.00000 0.00000 0.00000 0.00000 0.00000 0.00000 0.00000 0.00000 0.00000 0.00000 0.00000 0.00000 0.00000 0.00000 0.00000 0.00000
0.00000 0.00000 0.00000 0.00000 0.00000 0.00000 0.00000 0.00000 0.00000 0.00000 0.00000 0.00000 0.00000 0.00000 0.00000 0.00000 0.00000 0.00000 0.00000 0.00000 0.00000 0.00000 0.00000 0.00000 0.00000 0.00000 0.00000 0.00000 0.00000 0.00000 0.00000 0.00000 0.00000 0.00000 0.00000 0.00000 0.00000 0.00000 0.00000 0.00000 0.00000 0.00000 0.00000 0.00000 0.00000 0.00000 0.00000 0.00000 0.00000 0.00000 0.00000 0.00000 0.00000 0.00000 0.00000 0.00000 0.00000 0.00000 0.00000 0.00000 0.00000 0.00000 0.00000 0.00000 0.00000 0.00000 0.00000 0.00000 0.00000 0.00000 0.00000 0.00000 0.00000 0.00000 0.00000 0.00000 0.00000 0.00000 0.00000 0.00000 0.00000 0.00000 0.00000 0.00000 0.00000 0.00000 0.00000 0.00000 0.00000 0.00000
0.00000 0.00000 0.00000 0.00000 0.00000 0.00000 0.00000 0.00000 0.00000 0.00000 0.00000 0.00000 0.00000 0.00000 0.00000 0.00000 0.00000 0.00000 0.00000 0.00000 0.00000 0.00000 0.00000 0.00000 0.00000 0.00000 0.00000 0.00000 0.00000 0.00000 0.00000 0.00000 0.00000 0.00000 0.00000 0.00000 0.00000 0.00000 0.00000 0.00000 0.00000 0.00000 0.00000 0.00000 0.00000 0.00000 0.00000 0.00000 0.00000 0.00000 0.00000 0.00000 0.00000 0.00000 0.00000 0.00000 0.00000 0.00000 0.00000 0.00000 0.00000 0.00000 0.00000 0.00000 0.00000 0.00000 0.00000 0.00000 0.00000 0.00000 0.00000 0.00000 0.00000 0.00000 0.00000 0.00000 0.00000 0.00000 0.00000 0.00000 0.00000 0.00000 0.00000 0.00000 0.00000 0.00000 0.00000 0.00000 0.00000 0.00000
0.00000 0.00000 0.00000 0.00000 0.00000 0.00000 0.00000 0.00000 0.00000 0.00000 0.00000 0.00000 0.00000 0.00000 0.00000 0.00000 0.00000 0.00000 0.00000 0.00000 0.00000 0.00000 0.00000 0.00000 0.00000 0.00000 0.00000 0.00000 0.00000 0.00000 0.00000 0.00000 0.00000 0.00000 0.00000 0.00000 0.00000 0.00000 0.00000 0.00000 0.00000 0.00000 0.00000 0.00000 0.00000 0.00000 0.00000 0.00000 0.00000 0.00000 0.00000 0.00000 0.00000 0.00000 0.00000 0.00000 0.00000 0.00000 0.00000 0.00000 0.00000 0.00000 0.00000 0.00000 0.00000 0.00000 0.00000 0.00000 0.00000 0.00000 0.00000 0.00000 0.00000 0.00000 0.00000 0.00000 0.00000 0.00000 0.00000 0.00000 0.00000 0.00000 0.00000 0.00000 0.00000 0.00000 0.00000 0.00000 0.00000 0.00000
0.00000 0.00000 0.00000 0.00000 0.00000 0.00000 0.00000 0.00000 0.00000 0.00000 0.00000 0.00000 0.00000 0.00000 0.00000 0.00000 0.00000 0.00000 0.00000 0.00000 0.00000 0.00000 0.00000 0.00000 0.00000 0.00000 0.00000 0.00000 0.00000 0.00000 0.00000 0.00000 0.00000 0.00000 0.00000 0.00000 0.00000 0.00000 0.00000 0.00000 0.00000 0.00000 0.00000 0.00000 0.00000 0.00000 0.00000 0.00000 0.00000 0.00000 0.00000 0.00000 0.00000 0.00000 0.00000 0.00000 0.00000 0.00000 0.00000 0.00000 0.00000 0.00000 0.00000 0.00000 0.00000 0.00000 0.00000 0.00000 0.00000 0.00000 0.00000 0.00000 0.00000 0.00000 0.00000 0.00000 0.00000 0.00000 0.00000 0.00000 0.00000 0.00000 0.00000 0.00000 0.00000 0.00000 0.00000 0.00000 0.00000 0.00000
0.00000 0.00000 0.00000 0.00000 0.00000 0.00000 0.00000 0.00000 0.00000 0.00000 0.00000 0.00000 0.00000 0.00000 0.00000 0.00000 0.00000 0.00000 0.00000 0.00000 0.00000 0.00000 0.00000 0.00000 0.00000 0.00000 0.00000 0.00000 0.00000 0.00000 0.00000 0.00000 0.00000 0.00000 0.00000 0.00000 0.00000 0.00000 0.00000 0.00000 0.00000 0.00000 0.00000 0.00000 0.00000 0.00000 0.00000 0.00000 0.00000 0.00000 0.00000 0.00000 0.00000 0.00000 0.00000 0.00000 0.00000 0.00000 0.00000 0.00000 0.00000 0.00000 0.00000 0.00000 0.00000 0.00000 0.00000 0.00000 0.00000 0.00000 0.00000 0.00000 0.00000 0.00000 0.00000 0.00000 0.00000 0.00000 0.00000 0.00000 0.00000 0.00000 0.00000 0.00000 0.00000 0.00000 0.00000 0.00000 0.00000 0.00000
0.00000 0.00000 0.00000 0.00000 0.00000 0.00000 0.00000 0.00000 0.00000 0.00000 0.00000 0.00000 0.00000 0.00000 0.00000 0.00000 0.00000 0.00000 0.00000 0.00000 0.00000 0.00000 0.00000 0.00000 0.00000 0.00000 0.00000 0.00000 0.00000 0.00000 0.00000 0.00000 0.00000 0.00000 0.00000 0.00000 0.00000 0.00000 0.00000 0.00000 0.00000 0.00000 0.00000 0.00000 0.00000 0.00000 0.00000 0.00000 0.00000 0.00000 0.00000 0.00000 0.00000 0.00000 0.00000 0.00000 0.00000 0.00000 0.00000 0.00000 0.00000 0.00000 0.00000 0.00000 0.00000 0.00000 0.00000 0.00000 0.00000 0.00000 0.00000 0.00000 0.00000 0.00000 0.00000 0.00000 0.00000 0.00000 0.00000 0.00000 0.00000 0.00000 0.00000 0.00000 0.00000 0.00000 0.00000 0.00000 0.00000 0.00000
