0.00000 0.00000 0.00000 0.00000 0.00000 0.00000 0.00000 0.00000 0.00000 0.00000 0.00000 0.00000 0.00000 0.00000 0.00000 0.00000 0.00000 0.00000 0.00000 0.00000 0.00000 0.00000 0.00000 0.00000 0.00000 0.00000 0.00000 0.00000 0.00000 0.00000 0.00000 0.00000 0.00000 0.00000 0.00000 0.00000 0.00000 0.00000 0.00000 0.00000 0.00000 0.00000 0.00000 0.00000 0.00000 0.02003 0.06000 0.09977 0.13962 0.17988 0.22024 0.25879 0.29899 0.33974 0.37915 0.40069 0.39805 0.40140 0.39812 0.40319 0.39863 0.40282 0.39856 0.40436 0.40022 0.40429 0.40175 0.40478 0.40356 0.40597
0.00000 0.00000 0.00000 0.00000 0.00000 0.00000 0.00000 0.00000 0.00000 0.00000 0.00000 0.00000 0.00000 0.00000 0.00000 0.00000 0.00000 0.00000 0.00000 0.00000 0.00000 0.00000 0.00000 0.00000 0.00000 0.00000 0.00000 0.00000 0.00000 0.00000 0.00000 0.00000 0.00000 0.00000 0.00000 0.00000 0.00000 0.00000 0.00000 0.00000 0.00000 0.00000 0.00000 0.00000 0.00000 0.02365 0.07087 0.11791 0.16490 0.21266 0.25923 0.30618 0.35412 0.40160 0.44642 0.47274 0.47229 0.47344 0.46951 0.47536 0.47252 0.47497 0.47099 0.47728 0.47416 0.47648 0.47469 0.47873 0.47728 0.47930
0.00000 0.00000 0.00000 0.00000 0.00000 0.00000 0.00000 0.00000 0.00000 0.00000 0.00000 0.00000 0.00000 0.00000 0.00000 0.00000 0.00000 0.00000 0.00000 0.00000 0.00000 0.00000 0.00000 0.00000 0.00000 0.00000 0.00000 0.00000 0.00000 0.00000 0.00000 0.00000 0.00000 0.00000 0.00000 0.00000 0.00000 0.00000 0.00000 0.00000 0.00000 0.00000 0.00000 0.00000 0.00000 0.02727 0.08170 0.13630 0.19065 0.24483 0.29893 0.35393 0.40948 0.46321 0.51505 0.54496 0.54521 0.54651 0.54189 0.54712 0.54505 0.54788 0.54423 0.54986 0.54653 0.54942 0.54824 0.55274 0.55090 0.55270
0.00000 0.00000 0.00000 0.00000 0.00000 0.00000 0.00000 0.00000 0.00000 0.00000 0.00000 0.00000 0.00000 0.00000 0.00000 0.00000 0.00000 0.00000 0.00000 0.00000 0.00000 0.00000 0.00000 0.00000 0.00000 0.00000 0.00000 0.00000 0.00000 0.00000 0.00000 0.00000 0.00000 0.00000 0.00000 0.00000 0.00000 0.00000 0.00000 0.00000 0.00000 0.00000 0.00000 0.00000 0.00000 0.03078 0.09236 0.15463 0.21609 0.27661 0.33880 0.40197 0.46171 0.52326 0.58593 0.61737 0.61359 0.61855 0.61796 0.61845 0.61468 0.62131 0.61958 0.62036 0.61812 0.62360 0.62216 0.62321 0.62272 0.62579
0.00000 0.00000 0.00000 0.00000 0.00000 0.00000 0.00000 0.00000 0.00000 0.00000 0.00000 0.00000 0.00000 0.00000 0.00000 0.00000 0.00000 0.00000 0.00000 0.00000 0.00000 0.00000 0.00000 0.00000 0.00000 0.00000 0.00000 0.00000 0.00000 0.00000 0.00000 0.00000 0.00000 0.00000 0.00000 0.00000 0.00000 0.00000 0.00000 0.00000 0.00000 0.00000 0.00000 0.00000 0.00000 0.03444 0.10319 0.17264 0.24131 0.30987 0.37947 0.44888 0.51561 0.58504 0.65655 0.69119 0.68582 0.68999 0.69099 0.69169 0.68747 0.69320 0.69187 0.69327 0.69203 0.69727 0.69501 0.69677 0.69719 0.70191
0.00000 0.00000 0.00000 0.00000 0.00000 0.00000 0.00000 0.00000 0.00000 0.00000 0.00000 0.00000 0.00000 0.00000 0.00000 0.00000 0.00000 0.00000 0.00000 0.00000 0.00000 0.00000 0.00000 0.00000 0.00000 0.00000 0.00000 0.00000 0.00000 0.00000 0.00000 0.00000 0.00000 0.00000 0.00000 0.00000 0.00000 0.00000 0.00000 0.00000 0.00000 0.00000 0.00000 0.00000 0.00000 0.03456 0.10347 0.17164 0.24114 0.31115 0.37905 0.44635 0.51656 0.58635 0.65296 0.68887 0.68956 0.68924 0.68636 0.69197 0.69129 0.69049 0.68857 0.69451 0.69369 0.69275 0.69243 0.69625 0.69605 0.69606
0.00000 0.00000 0.00000 0.00000 0.00000 0.00000 0.00000 0.00000 0.00000 0.00000 0.00000 0.00000 0.00000 0.00000 0.00000 0.00000 0.00000 0.00000 0.00000 0.00000 0.00000 0.00000 0.00000 0.00000 0.00000 0.00000 0.00000 0.00000 0.00000 0.00000 0.00000 0.00000 0.00000 0.00000 0.00000 0.00000 0.00000 0.00000 0.00000 0.00000 0.00000 0.00000 0.00000 0.00000 0.00000 0.03092 0.09266 0.15373 0.21565 0.27813 0.33865 0.39967 0.46336 0.52552 0.58317 0.61535 0.61792 0.61823 0.61385 0.61725 0.61847 0.61879 0.61704 0.62070 0.61996 0.62098 0.62172 0.62541 0.62452 0.62579
0.00000 0.00000 0.00000 0.00000 0.00000 0.00000 0.00000 0.00000 0.00000 0.00000 0.00000 0.00000 0.00000 0.00000 0.00000 0.00000 0.00000 0.00000 0.00000 0.00000 0.00000 0.00000 0.00000 0.00000 0.00000 0.00000 0.00000 0.00000 0.00000 0.00000 0.00000 0.00000 0.00000 0.00000 0.00000 0.00000 0.00000 0.00000 0.00000 0.00000 0.00000 0.00000 0.00000 0.00000 0.00000 0.02713 0.08168 0.13650 0.19036 0.24383 0.29922 0.35441 0.40754 0.46126 0.51688 0.54353 0.54232 0.54504 0.54493 0.54365 0.54235 0.54689 0.54653 0.54462 0.54446 0.54856 0.54845 0.54601 0.54607 0.54713
0.00000 0.00000 0.00000 0.00000 0.00000 0.00000 0.00000 0.00000 0.00000 0.00000 0.00000 0.00000 0.00000 0.00000 0.00000 0.00000 0.00000 0.00000 0.00000 0.00000 0.00000 0.00000 0.00000 0.00000 0.00000 0.00000 0.00000 0.00000 0.00000 0.00000 0.00000 0.00000 0.00000 0.00000 0.00000 0.00000 0.00000 0.00000 0.00000 0.00000 0.00000 0.00000 0.00000 0.00000 0.00000 0.02349 0.07064 0.11816 0.16495 0.21131 0.25965 0.30728 0.35217 0.39929 0.44877 0.47259 0.46903 0.47047 0.47248 0.47262 0.47050 0.47224 0.47325 0.47351 0.47360 0.47543 0.47516 0.47617 0.47687 0.47985
0.00000 0.00000 0.00000 0.00000 0.00000 0.00000 0.00000 0.00000 0.00000 0.00000 0.00000 0.00000 0.00000 0.00000 0.00000 0.00000 0.00000 0.00000 0.00000 0.00000 0.00000 0.00000 0.00000 0.00000 0.00000 0.00000 0.00000 0.00000 0.00000 0.00000 0.00000 0.00000 0.00000 0.00000 0.00000 0.00000 0.00000 0.00000 0.00000 0.00000 0.00000 0.00000 0.00000 0.00000 0.00000 0.02003 0.05981 0.09939 0.13973 0.18013 0.21921 0.25851 0.29922 0.33896 0.37802 0.39904 0.39931 0.39821 0.39752 0.40034 0.40010 0.39839 0.39808 0.40143 0.40143 0.39931 0.39948 0.40182 0.40168 0.40021
0.00000 0.00000 0.00000 0.00000 0.00000 0.00000 0.00000 0.00000 0.00000 0.00000 0.00000 0.00000 0.00000 0.00000 0.00000 0.00000 0.00000 0.00000 0.00000 0.00000 0.00000 0.00000 0.00000 0.00000 0.00000 0.00000 0.00000 0.00000 0.00000 0.00000 0.00000 0.00000 0.00000 0.00000 0.00000 0.00000 0.00000 0.00000 0.00000 0.00000 0.00000 0.00000 0.00000 0.00000 0.00000 0.01637 0.04899 0.08126 0.11435 0.14726 0.17893 0.21128 0.24525 0.27810 0.30837 0.32529 0.32692 0.32701 0.32520 0.32587 0.32725 0.32718 0.32673 0.32738 0.32796 0.32828 0.32877 0.32979 0.33022 0.33087
0.00000 0.00000 0.00000 0.00000 0.00000 0.00000 0.00000 0.00000 0.00000 0.00000 0.00000 0.00000 0.00000 0.00000 0.00000 0.00000 0.00000 0.00000 0.00000 0.00000 0.00000 0.00000 0.00000 0.00000 0.00000 0.00000 0.00000 0.00000 0.00000 0.00000 0.00000 0.00000 0.00000 0.00000 0.00000 0.00000 0.00000 0.00000 0.00000 0.00000 0.00000 0.00000 0.00000 0.00000 0.00000 0.01266 0.03812 0.06373 0.08881 0.11391 0.13964 0.16517 0.19005 0.21562 0.24128 0.25340 0.25295 0.25443 0.25442 0.25328 0.25307 0.25499 0.25503 0.25360 0.25367 0.25566 0.25566 0.25384 0.25388 0.25455
0.00000 0.00000 0.00000 0.00000 0.00000 0.00000 0.00000 0.00000 0.00000 0.00000 0.00000 0.00000 0.00000 0.00000 0.00000 0.00000 0.00000 0.00000 0.00000 0.00000 0.00000 0.00000 0.00000 0.00000 0.00000 0.00000 0.00000 0.00000 0.00000 0.00000 0.00000 0.00000 0.00000 0.00000 0.00000 0.00000 0.00000 0.00000 0.00000 0.00000 0.00000 0.00000 0.00000 0.00000 0.00000 0.00904 0.02724 0.04548 0.06332 0.08125 0.09996 0.11822 0.13538 0.15356 0.17256 0.18168 0.18053 0.18085 0.18169 0.18152 0.18109 0.18125 0.18192 0.18179 0.18189 0.18213 0.18248 0.18270 0.18280 0.18321
0.00000 0.00000 0.00000 0.00000 0.00000 0.00000 0.00000 0.00000 0.00000 0.00000 0.00000 0.00000 0.00000 0.00000 0.00000 0.00000 0.00000 0.00000 0.00000 0.00000 0.00000 0.00000 0.00000 0.00000 0.00000 0.00000 0.00000 0.00000 0.00000 0.00000 0.00000 0.00000 0.00000 0.00000 0.00000 0.00000 0.00000 0.00000 0.00000 0.00000 0.00000 0.00000 0.00000 0.00000 0.00000 0.00546 0.01633 0.02713 0.03808 0.04909 0.05982 0.07062 0.08161 0.09240 0.10305 0.10894 0.10899 0.10853 0.10842 0.10913 0.10922 0.10856 0.10858 0.10938 0.10947 0.10874 0.10879 0.10938 0.10939 0.10893
0.00000 0.00000 0.00000 0.00000 0.00000 0.00000 0.00000 0.00000 0.00000 0.00000 0.00000 0.00000 0.00000 0.00000 0.00000 0.00000 0.00000 0.00000 0.00000 0.00000 0.00000 0.00000 0.00000 0.00000 0.00000 0.00000 0.00000 0.00000 0.00000 0.00000 0.00000 0.00000 0.00000 0.00000 0.00000 0.00000 0.00000 0.00000 0.00000 0.00000 0.00000 0.00000 0.00000 0.00000 0.00000 0.00182 0.00543 0.00903 0.01273 0.01638 0.01987 0.02348 0.02728 0.03091 0.03431 0.03617 0.03633 0.03628 0.03617 0.03623 0.03636 0.03628 0.03627 0.03631 0.03642 0.03636 0.03637 0.03637 0.03643 0.03639
0.00000 0.00000 0.00000 0.00000 0.00000 0.00000 0.00000 0.00000 0.00000 0.00000 0.00000 0.00000 0.00000 0.00000 0.00000 0.00184 0.00551 0.00916 0.01287 0.01658 0.02016 0.02380 0.02757 0.03120 0.03473 0.03662 0.03669 0.03659 0.03652 0.03650 0.03649 0.03662 0.03660 0.03634 0.03633 0.03474 0.03107 0.02723 0.02358 0.02007 0.01641 0.01269 0.00907 0.00547 0.00182 0.00000 0.00000 0.00000 0.00000 0.00000 0.00000 0.00000 0.00000 0.00000 0.00000 0.00000 0.00000 0.00000 0.00000 0.00000 0.00000 0.00000 0.00000 0.00000 0.00000 0.00000 0.00000 0.00000 0.00000 0.00000
0.00000 0.00000 0.00000 0.00000 0.00000 0.00000 0.00000 0.00000 0.00000 0.00000 0.00000 0.00000 0.00000 0.00000 0.00000 0.00550 0.01654 0.02767 0.03858 0.04941 0.06074 0.07179 0.08229 0.09322 0.10484 0.11021 0.10945 0.10942 0.11010 0.11007 0.10932 0.10922 0.10957 0.10964 0.10953 0.10383 0.09268 0.08187 0.07118 0.06016 0.04896 0.03807 0.02734 0.01640 0.00543 0.00000 0.00000 0.00000 0.00000 0.00000 0.00000 0.00000 0.00000 0.00000 0.00000 0.00000 0.00000 0.00000 0.00000 0.00000 0.00000 0.00000 0.00000 0.00000 0.00000 0.00000 0.00000 0.00000 0.00000 0.00000
0.00000 0.00000 0.00000 0.00000 0.00000 0.00000 0.00000 0.00000 0.00000 0.00000 0.00000 0.00000 0.00000 0.00000 0.00000 0.00917 0.02759 0.04613 0.06424 0.08244 0.10117 0.11955 0.13728 0.15567 0.17455 0.18331 0.18269 0.18278 0.18315 0.18321 0.18279 0.18202 0.18219 0.18308 0.18292 0.17265 0.15430 0.13691 0.11874 0.09988 0.08158 0.06377 0.04555 0.02719 0.00906 0.00000 0.00000 0.00000 0.00000 0.00000 0.00000 0.00000 0.00000 0.00000 0.00000 0.00000 0.00000 0.00000 0.00000 0.00000 0.00000 0.00000 0.00000 0.00000 0.00000 0.00000 0.00000 0.00000 0.00000 0.00000
0.00000 0.00000 0.00000 0.00000 0.00000 0.00000 0.00000 0.00000 0.00000 0.00000 0.00000 0.00000 0.00000 0.00000 0.00000 0.01291 0.03863 0.06411 0.09021 0.11608 0.14110 0.16652 0.19332 0.21882 0.24301 0.25578 0.25729 0.25704 0.25538 0.25504 0.25625 0.25664 0.25563 0.25472 0.25488 0.24286 0.21746 0.19115 0.16514 0.13996 0.11498 0.08934 0.06342 0.03804 0.01276 0.00000 0.00000 0.00000 0.00000 0.00000 0.00000 0.00000 0.00000 0.00000 0.00000 0.00000 0.00000 0.00000 0.00000 0.00000 0.00000 0.00000 0.00000 0.00000 0.00000 0.00000 0.00000 0.00000 0.00000 0.00000
0.00000 0.00000 0.00000 0.00000 0.00000 0.00000 0.00000 0.00000 0.00000 0.00000 0.00000 0.00000 0.00000 0.00000 0.00000 0.01661 0.04962 0.08248 0.11594 0.14921 0.18146 0.21437 0.24833 0.28105 0.31276 0.32934 0.33039 0.33018 0.32888 0.32826 0.32912 0.33002 0.32908 0.32741 0.32764 0.31267 0.27971 0.24541 0.21228 0.18053 0.14782 0.11438 0.08165 0.04917 0.01639 0.00000 0.00000 0.00000 0.00000 0.00000 0.00000 0.00000 0.00000 0.00000 0.00000 0.00000 0.00000 0.00000 0.00000 0.00000 0.00000 0.00000 0.00000 0.00000 0.00000 0.00000 0.00000 0.00000 0.00000 0.00000
0.00000 0.00000 0.00000 0.00000 0.00000 0.00000 0.00000 0.00000 0.00000 0.00000 0.00000 0.00000 0.00000 0.00000 0.00000 0.02018 0.06075 0.10142 0.14131 0.18142 0.22282 0.26317 0.30196 0.34210 0.38445 0.40425 0.40191 0.40151 0.40347 0.40380 0.40185 0.40058 0.40142 0.40290 0.40229 0.38006 0.33986 0.30112 0.26130 0.22034 0.17954 0.13975 0.10034 0.06020 0.01993 0.00000 0.00000 0.00000 0.00000 0.00000 0.00000 0.00000 0.00000 0.00000 0.00000 0.00000 0.00000 0.00000 0.00000 0.00000 0.00000 0.00000 0.00000 0.00000 0.00000 0.00000 0.00000 0.00000 0.00000 0.00000
0.00000 0.00000 0.00000 0.00000 0.00000 0.00000 0.00000 0.00000 0.00000 0.00000 0.00000 0.00000 0.00000 0.00000 0.00000 0.02385 0.07180 0.11990 0.16701 0.21453 0.26317 0.31098 0.35714 0.40461 0.45405 0.47764 0.47534 0.47487 0.47667 0.47730 0.47520 0.47354 0.47480 0.47624 0.47506 0.44940 0.40222 0.35607 0.30878 0.25995 0.21258 0.16583 0.11837 0.07078 0.02361 0.00000 0.00000 0.00000 0.00000 0.00000 0.00000 0.00000 0.00000 0.00000 0.00000 0.00000 0.00000 0.00000 0.00000 0.00000 0.00000 0.00000 0.00000 0.00000 0.00000 0.00000 0.00000 0.00000 0.00000 0.00000
0.00000 0.00000 0.00000 0.00000 0.00000 0.00000 0.00000 0.00000 0.00000 0.00000 0.00000 0.00000 0.00000 0.00000 0.00000 0.02766 0.08269 0.13757 0.19343 0.24869 0.30245 0.35725 0.41426 0.46894 0.52121 0.54823 0.55113 0.55133 0.54840 0.54684 0.54868 0.55036 0.54879 0.54584 0.54619 0.52177 0.46638 0.40870 0.35406 0.30054 0.24662 0.19169 0.13594 0.08155 0.02736 0.00000 0.00000 0.00000 0.00000 0.00000 0.00000 0.00000 0.00000 0.00000 0.00000 0.00000 0.00000 0.00000 0.00000 0.00000 0.00000 0.00000 0.00000 0.00000 0.00000 0.00000 0.00000 0.00000 0.00000 0.00000
0.00000 0.00000 0.00000 0.00000 0.00000 0.00000 0.00000 0.00000 0.00000 0.00000 0.00000 0.00000 0.00000 0.00000 0.00000 0.03138 0.09371 0.15595 0.21915 0.28191 0.34292 0.40492 0.46909 0.53181 0.59120 0.62144 0.62449 0.62501 0.62167 0.62002 0.62243 0.62381 0.62119 0.61909 0.62076 0.59077 0.52686 0.46407 0.40325 0.34105 0.27801 0.21635 0.15492 0.09287 0.03091 0.00000 0.00000 0.00000 0.00000 0.00000 0.00000 0.00000 0.00000 0.00000 0.00000 0.00000 0.00000 0.00000 0.00000 0.00000 0.00000 0.00000 0.00000 0.00000 0.00000 0.00000 0.00000 0.00000 0.00000 0.00000
0.00000 0.00000 0.00000 0.00000 0.00000 0.00000 0.00000 0.00000 0.00000 0.00000 0.00000 0.00000 0.00000 0.00000 0.00000 0.03488 0.10506 0.17512 0.24411 0.31356 0.38490 0.45470 0.52205 0.59102 0.66403 0.69905 0.69528 0.69353 0.69644 0.69802 0.69547 0.69252 0.69329 0.69663 0.69548 0.65659 0.58735 0.52119 0.45160 0.38018 0.31027 0.24161 0.17352 0.10403 0.03443 0.00000 0.00000 0.00000 0.00000 0.00000 0.00000 0.00000 0.00000 0.00000 0.00000 0.00000 0.00000 0.00000 0.00000 0.00000 0.00000 0.00000 0.00000 0.00000 0.00000 0.00000 0.00000 0.00000 0.00000 0.00000
0.00000 0.00000 0.00000 0.00000 0.00000 0.00000 0.00000 0.00000 0.00000 0.00000 0.00000 0.00000 0.00000 0.00000 0.00000 0.03672 0.11056 0.18445 0.25711 0.33009 0.40497 0.47891 0.54987 0.62207 0.69872 0.73452 0.72672 0.72101 0.72062 0.71855 0.71135 0.70526 0.70429 0.70179 0.69508 0.65744 0.59030 0.52049 0.44882 0.38054 0.31253 0.24221 0.17246 0.10373 0.03462 0.00000 0.00000 0.00000 0.00000 0.00000 0.00000 0.00000 0.00000 0.00000 0.00000 0.00000 0.00000 0.00000 0.00000 0.00000 0.00000 0.00000 0.00000 0.00000 0.00000 0.00000 0.00000 0.00000 0.00000 0.00000
0.00000 0.00000 0.00000 0.00000 0.00000 0.00000 0.00000 0.00000 0.00000 0.00000 0.00000 0.00000 0.00000 0.00000 0.00000 0.03689 0.11025 0.18356 0.25799 0.33170 0.40362 0.47633 0.55207 0.62615 0.69619 0.72545 0.71773 0.70782 0.69415 0.68096 0.67101 0.66252 0.65009 0.63566 0.62486 0.59149 0.52881 0.46402 0.40146 0.34099 0.27980 0.21699 0.15416 0.09253 0.03104 0.00000 0.00000 0.00000 0.00000 0.00000 0.00000 0.00000 0.00000 0.00000 0.00000 0.00000 0.00000 0.00000 0.00000 0.00000 0.00000 0.00000 0.00000 0.00000 0.00000 0.00000 0.00000 0.00000 0.00000 0.00000
0.00000 0.00000 0.00000 0.00000 0.00000 0.00000 0.00000 0.00000 0.00000 0.00000 0.00000 0.00000 0.00000 0.00000 0.00000 0.03692 0.11037 0.18355 0.25784 0.33190 0.40393 0.47629 0.55192 0.62650 0.69650 0.72185 0.70678 0.69007 0.66828 0.64750 0.63201 0.61499 0.59370 0.57397 0.55814 0.52150 0.46416 0.40984 0.35672 0.30084 0.24512 0.19150 0.13696 0.08176 0.02724 0.00000 0.00000 0.00000 0.00000 0.00000 0.00000 0.00000 0.00000 0.00000 0.00000 0.00000 0.00000 0.00000 0.00000 0.00000 0.00000 0.00000 0.00000 0.00000 0.00000 0.00000 0.00000 0.00000 0.00000 0.00000
0.00000 0.00000 0.00000 0.00000 0.00000 0.00000 0.00000 0.00000 0.00000 0.00000 0.00000 0.00000 0.00000 0.00000 0.00000 0.03674 0.11066 0.18454 0.25719 0.33023 0.40504 0.47925 0.55047 0.62213 0.69818 0.72325 0.69497 0.66725 0.64290 0.61940 0.59192 0.56374 0.53851 0.51523 0.48883 0.44991 0.40218 0.35634 0.30924 0.26066 0.21251 0.16551 0.11872 0.07118 0.02361 0.00000 0.00000 0.00000 0.00000 0.00000 0.00000 0.00000 0.00000 0.00000 0.00000 0.00000 0.00000 0.00000 0.00000 0.00000 0.00000 0.00000 0.00000 0.00000 0.00000 0.00000 0.00000 0.00000 0.00000 0.00000
0.00000 0.00000 0.00000 0.00000 0.00000 0.00000 0.00000 0.00000 0.00000 0.00000 0.00000 0.00000 0.00000 0.00000 0.00000 0.03674 0.11051 0.18454 0.25757 0.33013 0.40485 0.47941 0.55061 0.62199 0.69841 0.72041 0.68370 0.64839 0.61815 0.58650 0.55054 0.51596 0.48553 0.45288 0.41749 0.38066 0.34245 0.30163 0.25992 0.22066 0.18106 0.14000 0.09989 0.06028 0.02007 0.00000 0.00000 0.00000 0.00000 0.00000 0.00000 0.00000 0.00000 0.00000 0.00000 0.00000 0.00000 0.00000 0.00000 0.00000 0.00000 0.00000 0.00000 0.00000 0.00000 0.00000 0.00000 0.00000 0.00000 0.00000
0.00000 0.00000 0.00000 0.00000 0.00000 0.00000 0.00000 0.00000 0.00000 0.00000 0.00000 0.00000 0.00000 0.00000 0.00000 0.03693 0.11033 0.18357 0.25798 0.33214 0.40433 0.47650 0.55144 0.62674 0.69797 0.71160 0.67294 0.63460 0.59263 0.54982 0.51018 0.47190 0.43059 0.38849 0.34839 0.31297 0.27995 0.24622 0.21286 0.18045 0.14797 0.11500 0.08194 0.04902 0.01640 0.00000 0.00000 0.00000 0.00000 0.00000 0.00000 0.00000 0.00000 0.00000 0.00000 0.00000 0.00000 0.00000 0.00000 0.00000 0.00000 0.00000 0.00000 0.00000 0.00000 0.00000 0.00000 0.00000 0.00000 0.00000
0.00000 0.00000 0.00000 0.00000 0.00000 0.00000 0.00000 0.00000 0.00000 0.00000 0.00000 0.00000 0.00000 0.00000 0.00000 0.03693 0.11068 0.18361 0.25771 0.33209 0.40450 0.47622 0.55190 0.62716 0.69694 0.70775 0.66326 0.61662 0.56575 0.51666 0.47152 0.42432 0.37421 0.32620 0.28050 0.24366 0.21659 0.19101 0.16663 0.14059 0.11450 0.08956 0.06395 0.03810 0.01272 0.00000 0.00000 0.00000 0.00000 0.00000 0.00000 0.00000 0.00000 0.00000 0.00000 0.00000 0.00000 0.00000 0.00000 0.00000 0.00000 0.00000 0.00000 0.00000 0.00000 0.00000 0.00000 0.00000 0.00000 0.00000
0.00000 0.00000 0.00000 0.00000 0.00000 0.00000 0.00000 0.00000 0.00000 0.00000 0.00000 0.00000 0.00000 0.00000 0.00000 0.03675 0.11075 0.18477 0.25764 0.33023 0.40459 0.47976 0.55212 0.62232 0.69699 0.70940 0.65263 0.59441 0.54003 0.48695 0.43120 0.37447 0.31971 0.26570 0.21053 0.17346 0.15511 0.13693 0.11864 0.10046 0.08224 0.06367 0.04547 0.02740 0.00912 0.00000 0.00000 0.00000 0.00000 0.00000 0.00000 0.00000 0.00000 0.00000 0.00000 0.00000 0.00000 0.00000 0.00000 0.00000 0.00000 0.00000 0.00000 0.00000 0.00000 0.00000 0.00000 0.00000 0.00000 0.00000
0.00000 0.00000 0.00000 0.00000 0.00000 0.00000 0.00000 0.00000 0.00000 0.00000 0.00000 0.00000 0.00000 0.00000 0.00000 0.03676 0.11040 0.18470 0.25791 0.33040 0.40520 0.47979 0.55062 0.62286 0.69957 0.70564 0.63915 0.57615 0.51652 0.45423 0.38925 0.32663 0.26618 0.20374 0.14034 0.10380 0.09350 0.08243 0.07096 0.06011 0.04940 0.03824 0.02727 0.01644 0.00548 0.00000 0.00000 0.00000 0.00000 0.00000 0.00000 0.00000 0.00000 0.00000 0.00000 0.00000 0.00000 0.00000 0.00000 0.00000 0.00000 0.00000 0.00000 0.00000 0.00000 0.00000 0.00000 0.00000 0.00000 0.00000
0.00000 0.00000 0.00000 0.00000 0.00000 0.00000 0.00000 0.00000 0.00000 0.00000 0.00000 0.00000 0.00000 0.00000 0.00000 0.03691 0.11043 0.18368 0.25790 0.33251 0.40563 0.47647 0.55028 0.62682 0.70031 0.69774 0.62816 0.56113 0.49100 0.41903 0.34921 0.28059 0.21092 0.14082 0.07124 0.03473 0.03107 0.02743 0.02377 0.02004 0.01636 0.01280 0.00915 0.00545 0.00182 0.00000 0.00000 0.00000 0.00000 0.00000 0.00000 0.00000 0.00000 0.00000 0.00000 0.00000 0.00000 0.00000 0.00000 0.00000 0.00000 0.00000 0.00000 0.00000 0.00000 0.00000 0.00000 0.00000 0.00000 0.00000
0.00000 0.00000 0.00000 0.00000 0.00000 0.00000 0.00000 0.00000 0.00000 0.00000 0.00000 0.00000 0.00000 0.00000 0.00000 0.03505 0.10517 0.17459 0.24521 0.31561 0.38391 0.45337 0.52574 0.59513 0.66135 0.66186 0.59513 0.52439 0.45157 0.38221 0.31446 0.24439 0.17340 0.10396 0.03488 0.00183 0.00547 0.00910 0.01282 0.01647 0.02001 0.02371 0.02743 0.03094 0.03455 0.03470 0.03102 0.02723 0.02364 0.02009 0.01640 0.01269 0.00908 0.00547 0.00182 0.00000 0.00000 0.00000 0.00000 0.00000 0.00000 0.00000 0.00000 0.00000 0.00000 0.00000 0.00000 0.00000 0.00000 0.00000
0.00000 0.00000 0.00000 0.00000 0.00000 0.00000 0.00000 0.00000 0.00000 0.00000 0.00000 0.00000 0.00000 0.00000 0.00000 0.03133 0.09414 0.15685 0.21959 0.28096 0.34331 0.40748 0.47100 0.53035 0.59174 0.59431 0.53278 0.46760 0.40420 0.34316 0.28134 0.21806 0.15529 0.09329 0.03115 0.00549 0.01644 0.02736 0.03830 0.04940 0.06041 0.07098 0.08175 0.09324 0.10428 0.10356 0.09265 0.08221 0.07120 0.05988 0.04904 0.03834 0.02737 0.01635 0.00544 0.00000 0.00000 0.00000 0.00000 0.00000 0.00000 0.00000 0.00000 0.00000 0.00000 0.00000 0.00000 0.00000 0.00000 0.00000
0.00000 0.00000 0.00000 0.00000 0.00000 0.00000 0.00000 0.00000 0.00000 0.00000 0.00000 0.00000 0.00000 0.00000 0.00000 0.02766 0.08298 0.13818 0.19320 0.24842 0.30476 0.35887 0.41242 0.46895 0.52612 0.52402 0.46668 0.41274 0.35925 0.30320 0.24673 0.19201 0.13785 0.08260 0.02736 0.00912 0.02751 0.04584 0.06375 0.08196 0.10071 0.11873 0.13644 0.15512 0.17368 0.17285 0.15455 0.13695 0.11866 0.09988 0.08175 0.06388 0.04563 0.02724 0.00907 0.00000 0.00000 0.00000 0.00000 0.00000 0.00000 0.00000 0.00000 0.00000 0.00000 0.00000 0.00000 0.00000 0.00000 0.00000
0.00000 0.00000 0.00000 0.00000 0.00000 0.00000 0.00000 0.00000 0.00000 0.00000 0.00000 0.00000 0.00000 0.00000 0.00000 0.02395 0.07187 0.11986 0.16765 0.21548 0.26408 0.31109 0.35749 0.40640 0.45606 0.45415 0.40454 0.35788 0.31148 0.26261 0.21381 0.16657 0.11945 0.07155 0.02374 0.01278 0.03845 0.06413 0.08958 0.11479 0.14021 0.16648 0.19230 0.21654 0.24166 0.24302 0.21761 0.19080 0.16531 0.14059 0.11506 0.08902 0.06348 0.03825 0.01279 0.00000 0.00000 0.00000 0.00000 0.00000 0.00000 0.00000 0.00000 0.00000 0.00000 0.00000 0.00000 0.00000 0.00000 0.00000
0.00000 0.00000 0.00000 0.00000 0.00000 0.00000 0.00000 0.00000 0.00000 0.00000 0.00000 0.00000 0.00000 0.00000 0.00000 0.02026 0.06086 0.10154 0.14216 0.18208 0.22224 0.26378 0.30458 0.34333 0.38312 0.38486 0.34490 0.30282 0.26164 0.22206 0.18211 0.14130 0.10051 0.06034 0.02019 0.01651 0.04924 0.08199 0.11547 0.14840 0.18025 0.21347 0.24715 0.27895 0.31105 0.31228 0.27978 0.24552 0.21261 0.18076 0.14802 0.11449 0.08163 0.04923 0.01645 0.00000 0.00000 0.00000 0.00000 0.00000 0.00000 0.00000 0.00000 0.00000 0.00000 0.00000 0.00000 0.00000 0.00000 0.00000
0.00000 0.00000 0.00000 0.00000 0.00000 0.00000 0.00000 0.00000 0.00000 0.00000 0.00000 0.00000 0.00000 0.00000 0.00000 0.01663 0.04986 0.08281 0.11617 0.14957 0.18219 0.21511 0.24901 0.28200 0.31368 0.31386 0.28213 0.24848 0.21409 0.18134 0.14916 0.11574 0.08218 0.04933 0.01653 0.02019 0.06020 0.10029 0.14084 0.18133 0.22171 0.26048 0.30016 0.34189 0.38264 0.38034 0.33989 0.30131 0.26140 0.22007 0.17978 0.14042 0.10049 0.06010 0.01996 0.00000 0.00000 0.00000 0.00000 0.00000 0.00000 0.00000 0.00000 0.00000 0.00000 0.00000 0.00000 0.00000 0.00000 0.00000
0.00000 0.00000 0.00000 0.00000 0.00000 0.00000 0.00000 0.00000 0.00000 0.00000 0.00000 0.00000 0.00000 0.00000 0.00000 0.01296 0.03876 0.06442 0.09026 0.11642 0.14211 0.16710 0.19296 0.21974 0.24530 0.24379 0.21810 0.19343 0.16762 0.14109 0.11530 0.08994 0.06429 0.03848 0.01279 0.02377 0.07154 0.11904 0.16591 0.21375 0.26200 0.30839 0.35487 0.40405 0.45218 0.44960 0.40168 0.35639 0.30904 0.25994 0.21234 0.16611 0.11883 0.07111 0.02359 0.00000 0.00000 0.00000 0.00000 0.00000 0.00000 0.00000 0.00000 0.00000 0.00000 0.00000 0.00000 0.00000 0.00000 0.00000
0.00000 0.00000 0.00000 0.00000 0.00000 0.00000 0.00000 0.00000 0.00000 0.00000 0.00000 0.00000 0.00000 0.00000 0.00000 0.00921 0.02767 0.04624 0.06460 0.08274 0.10133 0.12001 0.13808 0.15613 0.17494 0.17517 0.15605 0.13746 0.11964 0.10124 0.08233 0.06403 0.04599 0.02755 0.00913 0.02738 0.08261 0.13758 0.19148 0.24612 0.30110 0.35693 0.41182 0.46451 0.51855 0.52079 0.46640 0.40967 0.35457 0.30110 0.24667 0.19123 0.13621 0.08196 0.02740 0.00000 0.00000 0.00000 0.00000 0.00000 0.00000 0.00000 0.00000 0.00000 0.00000 0.00000 0.00000 0.00000 0.00000 0.00000
0.00000 0.00000 0.00000 0.00000 0.00000 0.00000 0.00000 0.00000 0.00000 0.00000 0.00000 0.00000 0.00000 0.00000 0.00000 0.00553 0.01661 0.02778 0.03875 0.04965 0.06078 0.07205 0.08298 0.09354 0.10471 0.10522 0.09400 0.08244 0.07146 0.06077 0.04967 0.03843 0.02745 0.01652 0.00551 0.03109 0.09313 0.15571 0.21816 0.27888 0.34075 0.40494 0.46711 0.52595 0.58749 0.59114 0.52892 0.46370 0.40143 0.34178 0.27971 0.21655 0.15430 0.09293 0.03108 0.00000 0.00000 0.00000 0.00000 0.00000 0.00000 0.00000 0.00000 0.00000 0.00000 0.00000 0.00000 0.00000 0.00000 0.00000
0.00000 0.00000 0.00000 0.00000 0.00000 0.00000 0.00000 0.00000 0.00000 0.00000 0.00000 0.00000 0.00000 0.00000 0.00000 0.00185 0.00554 0.00920 0.01290 0.01665 0.02031 0.02390 0.02759 0.03139 0.03502 0.03486 0.03125 0.02766 0.02388 0.02014 0.01654 0.01288 0.00915 0.00548 0.00184 0.03489 0.10404 0.17334 0.24383 0.31349 0.38186 0.45029 0.51988 0.59093 0.66016 0.65775 0.58816 0.52052 0.45136 0.38075 0.31091 0.24259 0.17358 0.10389 0.03459 0.00000 0.00000 0.00000 0.00000 0.00000 0.00000 0.00000 0.00000 0.00000 0.00000 0.00000 0.00000 0.00000 0.00000 0.00000
0.00000 0.00000 0.00000 0.00000 0.00000 0.00000 0.00000 0.00000 0.00000 0.00000 0.00000 0.00000 0.00000 0.00000 0.00000 0.00000 0.00000 0.00000 0.00000 0.00000 0.00000 0.00000 0.00000 0.00000 0.00000 0.00000 0.00000 0.00000 0.00000 0.00000 0.00000 0.00000 0.00000 0.00000 0.00000 0.03488 0.10457 0.17337 0.24271 0.31370 0.38303 0.44941 0.51901 0.59199 0.66121 0.65676 0.58733 0.52163 0.45205 0.37999 0.31067 0.24290 0.17373 0.10416 0.03450 0.00000 0.00000 0.00000 0.00000 0.00000 0.00000 0.00000 0.00000 0.00000 0.00000 0.00000 0.00000 0.00000 0.00000 0.00000
0.00000 0.00000 0.00000 0.00000 0.00000 0.00000 0.00000 0.00000 0.00000 0.00000 0.00000 0.00000 0.00000 0.00000 0.00000 0.00000 0.00000 0.00000 0.00000 0.00000 0.00000 0.00000 0.00000 0.00000 0.00000 0.00000 0.00000 0.00000 0.00000 0.00000 0.00000 0.00000 0.00000 0.00000 0.00000 0.03106 0.09357 0.15606 0.21738 0.27913 0.34210 0.40497 0.46606 0.52680 0.58927 0.59059 0.52817 0.46466 0.40233 0.34143 0.27955 0.21688 0.15468 0.09302 0.03104 0.00000 0.00000 0.00000 0.00000 0.00000 0.00000 0.00000 0.00000 0.00000 0.00000 0.00000 0.00000 0.00000 0.00000 0.00000
0.00000 0.00000 0.00000 0.00000 0.00000 0.00000 0.00000 0.00000 0.00000 0.00000 0.00000 0.00000 0.00000 0.00000 0.00000 0.00000 0.00000 0.00000 0.00000 0.00000 0.00000 0.00000 0.00000 0.00000 0.00000 0.00000 0.00000 0.00000 0.00000 0.00000 0.00000 0.00000 0.00000 0.00000 0.00000 0.02739 0.08224 0.13772 0.19256 0.24605 0.30093 0.35765 0.41232 0.46407 0.51889 0.52228 0.46702 0.40913 0.35450 0.30177 0.24680 0.19154 0.13624 0.08195 0.02744 0.00000 0.00000 0.00000 0.00000 0.00000 0.00000 0.00000 0.00000 0.00000 0.00000 0.00000 0.00000 0.00000 0.00000 0.00000
0.00000 0.00000 0.00000 0.00000 0.00000 0.00000 0.00000 0.00000 0.00000 0.00000 0.00000 0.00000 0.00000 0.00000 0.00000 0.00000 0.00000 0.00000 0.00000 0.00000 0.00000 0.00000 0.00000 0.00000 0.00000 0.00000 0.00000 0.00000 0.00000 0.00000 0.00000 0.00000 0.00000 0.00000 0.00000 0.02389 0.07136 0.11869 0.16673 0.21474 0.26136 0.30821 0.35642 0.40472 0.45140 0.45013 0.40301 0.35647 0.30883 0.26068 0.21288 0.16615 0.11887 0.07109 0.02369 0.00000 0.00000 0.00000 0.00000 0.00000 0.00000 0.00000 0.00000 0.00000 0.00000 0.00000 0.00000 0.00000 0.00000 0.00000
0.00000 0.00000 0.00000 0.00000 0.00000 0.00000 0.00000 0.00000 0.00000 0.00000 0.00000 0.00000 0.00000 0.00000 0.00000 0.00000 0.00000 0.00000 0.00000 0.00000 0.00000 0.00000 0.00000 0.00000 0.00000 0.00000 0.00000 0.00000 0.00000 0.00000 0.00000 0.00000 0.00000 0.00000 0.00000 0.02021 0.06059 0.10039 0.14066 0.18176 0.22183 0.26051 0.30084 0.34305 0.38299 0.38038 0.34027 0.30221 0.26169 0.22043 0.17998 0.14053 0.10063 0.06036 0.02000 0.00000 0.00000 0.00000 0.00000 0.00000 0.00000 0.00000 0.00000 0.00000 0.00000 0.00000 0.00000 0.00000 0.00000 0.00000
0.00000 0.00000 0.00000 0.00000 0.00000 0.00000 0.00000 0.00000 0.00000 0.00000 0.00000 0.00000 0.00000 0.00000 0.00000 0.00000 0.00000 0.00000 0.00000 0.00000 0.00000 0.00000 0.00000 0.00000 0.00000 0.00000 0.00000 0.00000 0.00000 0.00000 0.00000 0.00000 0.00000 0.00000 0.00000 0.01645 0.04949 0.08265 0.11525 0.14782 0.18119 0.21463 0.24674 0.27889 0.31236 0.31306 0.27954 0.24602 0.21311 0.18091 0.14814 0.11485 0.08197 0.04927 0.01645 0.00000 0.00000 0.00000 0.00000 0.00000 0.00000 0.00000 0.00000 0.00000 0.00000 0.00000 0.00000 0.00000 0.00000 0.00000
0.00000 0.00000 0.00000 0.00000 0.00000 0.00000 0.00000 0.00000 0.00000 0.00000 0.00000 0.00000 0.00000 0.00000 0.00000 0.00000 0.00000 0.00000 0.00000 0.00000 0.00000 0.00000 0.00000 0.00000 0.00000 0.00000 0.00000 0.00000 0.00000 0.00000 0.00000 0.00000 0.00000 0.00000 0.00000 0.01279 0.03840 0.06429 0.08990 0.11497 0.14059 0.16703 0.19243 0.21678 0.24242 0.24393 0.21793 0.19109 0.16557 0.14076 0.11528 0.08957 0.06367 0.03823 0.01281 0.00000 0.00000 0.00000 0.00000 0.00000 0.00000 0.00000 0.00000 0.00000 0.00000 0.00000 0.00000 0.00000 0.00000 0.00000
0.00000 0.00000 0.00000 0.00000 0.00000 0.00000 0.00000 0.00000 0.00000 0.00000 0.00000 0.00000 0.00000 0.00000 0.00000 0.00000 0.00000 0.00000 0.00000 0.00000 0.00000 0.00000 0.00000 0.00000 0.00000 0.00000 0.00000 0.00000 0.00000 0.00000 0.00000 0.00000 0.00000 0.00000 0.00000 0.00918 0.02748 0.04564 0.06410 0.08266 0.10056 0.11853 0.13717 0.15582 0.17356 0.17306 0.15517 0.13718 0.11876 0.10028 0.08194 0.06383 0.04574 0.02736 0.00911 0.00000 0.00000 0.00000 0.00000 0.00000 0.00000 0.00000 0.00000 0.00000 0.00000 0.00000 0.00000 0.00000 0.00000 0.00000
0.00000 0.00000 0.00000 0.00000 0.00000 0.00000 0.00000 0.00000 0.00000 0.00000 0.00000 0.00000 0.00000 0.00000 0.00000 0.00000 0.00000 0.00000 0.00000 0.00000 0.00000 0.00000 0.00000 0.00000 0.00000 0.00000 0.00000 0.00000 0.00000 0.00000 0.00000 0.00000 0.00000 0.00000 0.00000 0.00551 0.01653 0.02740 0.03838 0.04957 0.06047 0.07111 0.08214 0.09356 0.10436 0.10378 0.09297 0.08238 0.07134 0.06019 0.04917 0.03826 0.02743 0.01645 0.00546 0.00000 0.00000 0.00000 0.00000 0.00000 0.00000 0.00000 0.00000 0.00000 0.00000 0.00000 0.00000 0.00000 0.00000 0.00000
0.00000 0.00000 0.00000 0.00000 0.00000 0.00000 0.00000 0.00000 0.00000 0.00000 0.00000 0.00000 0.00000 0.00000 0.00000 0.00000 0.00000 0.00000 0.00000 0.00000 0.00000 0.00000 0.00000 0.00000 0.00000 0.00000 0.00000 0.00000 0.00000 0.00000 0.00000 0.00000 0.00000 0.00000 0.00000 0.00183 0.00549 0.00917 0.01280 0.01642 0.02012 0.02385 0.02739 0.03096 0.03469 0.03474 0.03108 0.02735 0.02367 0.02005 0.01647 0.01278 0.00910 0.00546 0.00183 0.00000 0.00000 0.00000 0.00000 0.00000 0.00000 0.00000 0.00000 0.00000 0.00000 0.00000 0.00000 0.00000 0.00000 0.00000
0.00000 0.00000 0.00000 0.00000 0.00000 0.00000 0.00000 0.00000 0.00000 0.00000 0.00000 0.00000 0.00000 0.00000 0.00000 0.00185 0.00556 0.00923 0.01290 0.01664 0.02035 0.02396 0.02759 0.03134 0.03509 0.03497 0.03126 0.02758 0.02388 0.02021 0.01656 0.01284 0.00914 0.00551 0.00184 0.00000 0.00000 0.00000 0.00000 0.00000 0.00000 0.00000 0.00000 0.00000 0.00000 0.00000 0.00000 0.00000 0.00000 0.00000 0.00000 0.00000 0.00000 0.00000 0.00000 0.00000 0.00000 0.00000 0.00000 0.00000 0.00000 0.00000 0.00000 0.00000 0.00000 0.00000 0.00000 0.00000 0.00000 0.00000
0.00000 0.00000 0.00000 0.00000 0.00000 0.00000 0.00000 0.00000 0.00000 0.00000 0.00000 0.00000 0.00000 0.00000 0.00000 0.00554 0.01666 0.02774 0.03870 0.04977 0.06102 0.07201 0.08276 0.09386 0.10517 0.10487 0.09360 0.08292 0.07178 0.06041 0.04946 0.03859 0.02755 0.01646 0.00549 0.00000 0.00000 0.00000 0.00000 0.00000 0.00000 0.00000 0.00000 0.00000 0.00000 0.00000 0.00000 0.00000 0.00000 0.00000 0.00000 0.00000 0.00000 0.00000 0.00000 0.00000 0.00000 0.00000 0.00000 0.00000 0.00000 0.00000 0.00000 0.00000 0.00000 0.00000 0.00000 0.00000 0.00000 0.00000
0.00000 0.00000 0.00000 0.00000 0.00000 0.00000 0.00000 0.00000 0.00000 0.00000 0.00000 0.00000 0.00000 0.00000 0.00000 0.00923 0.02763 0.04624 0.06479 0.08290 0.10116 0.11996 0.13858 0.15637 0.17438 0.17478 0.15666 0.13779 0.11940 0.10090 0.08247 0.06421 0.04596 0.02746 0.00913 0.00000 0.00000 0.00000 0.00000 0.00000 0.00000 0.00000 0.00000 0.00000 0.00000 0.00000 0.00000 0.00000 0.00000 0.00000 0.00000 0.00000 0.00000 0.00000 0.00000 0.00000 0.00000 0.00000 0.00000 0.00000 0.00000 0.00000 0.00000 0.00000 0.00000 0.00000 0.00000 0.00000 0.00000 0.00000
0.00000 0.00000 0.00000 0.00000 0.00000 0.00000 0.00000 0.00000 0.00000 0.00000 0.00000 0.00000 0.00000 0.00000 0.00000 0.01295 0.03872 0.06446 0.09054 0.11645 0.14157 0.16723 0.19383 0.21939 0.24394 0.24423 0.21907 0.19272 0.16666 0.14161 0.11570 0.08953 0.06398 0.03848 0.01284 0.00000 0.00000 0.00000 0.00000 0.00000 0.00000 0.00000 0.00000 0.00000 0.00000 0.00000 0.00000 0.00000 0.00000 0.00000 0.00000 0.00000 0.00000 0.00000 0.00000 0.00000 0.00000 0.00000 0.00000 0.00000 0.00000 0.00000 0.00000 0.00000 0.00000 0.00000 0.00000 0.00000 0.00000 0.00000
0.00000 0.00000 0.00000 0.00000 0.00000 0.00000 0.00000 0.00000 0.00000 0.00000 0.00000 0.00000 0.00000 0.00000 0.00000 0.01663 0.04997 0.08284 0.11582 0.14952 0.18281 0.21492 0.24771 0.28182 0.31517 0.31373 0.28015 0.24764 0.21496 0.18152 0.14859 0.11528 0.08220 0.04942 0.01651 0.00000 0.00000 0.00000 0.00000 0.00000 0.00000 0.00000 0.00000 0.00000 0.00000 0.00000 0.00000 0.00000 0.00000 0.00000 0.00000 0.00000 0.00000 0.00000 0.00000 0.00000 0.00000 0.00000 0.00000 0.00000 0.00000 0.00000 0.00000 0.00000 0.00000 0.00000 0.00000 0.00000 0.00000 0.00000
0.00000 0.00000 0.00000 0.00000 0.00000 0.00000 0.00000 0.00000 0.00000 0.00000 0.00000 0.00000 0.00000 0.00000 0.00000 0.02024 0.06086 0.10160 0.14155 0.18177 0.22291 0.26360 0.30241 0.34262 0.38441 0.38410 0.34197 0.30251 0.26232 0.22120 0.18087 0.14119 0.10076 0.06019 0.02005 0.00000 0.00000 0.00000 0.00000 0.00000 0.00000 0.00000 0.00000 0.00000 0.00000 0.00000 0.00000 0.00000 0.00000 0.00000 0.00000 0.00000 0.00000 0.00000 0.00000 0.00000 0.00000 0.00000 0.00000 0.00000 0.00000 0.00000 0.00000 0.00000 0.00000 0.00000 0.00000 0.00000 0.00000 0.00000
0.00000 0.00000 0.00000 0.00000 0.00000 0.00000 0.00000 0.00000 0.00000 0.00000 0.00000 0.00000 0.00000 0.00000 0.00000 0.02392 0.07161 0.11976 0.16780 0.21466 0.26220 0.31097 0.35885 0.40446 0.45164 0.45336 0.40604 0.35697 0.30888 0.26127 0.21390 0.16647 0.11898 0.07116 0.02366 0.00000 0.00000 0.00000 0.00000 0.00000 0.00000 0.00000 0.00000 0.00000 0.00000 0.00000 0.00000 0.00000 0.00000 0.00000 0.00000 0.00000 0.00000 0.00000 0.00000 0.00000 0.00000 0.00000 0.00000 0.00000 0.00000 0.00000 0.00000 0.00000 0.00000 0.00000 0.00000 0.00000 0.00000 0.00000
0.00000 0.00000 0.00000 0.00000 0.00000 0.00000 0.00000 0.00000 0.00000 0.00000 0.00000 0.00000 0.00000 0.00000 0.00000 0.02765 0.08271 0.13751 0.19287 0.24845 0.30230 0.35663 0.41265 0.46820 0.52070 0.52058 0.46682 0.41163 0.35600 0.30188 0.24672 0.19118 0.13662 0.08218 0.02739 0.00000 0.00000 0.00000 0.00000 0.00000 0.00000 0.00000 0.00000 0.00000 0.00000 0.00000 0.00000 0.00000 0.00000 0.00000 0.00000 0.00000 0.00000 0.00000 0.00000 0.00000 0.00000 0.00000 0.00000 0.00000 0.00000 0.00000 0.00000 0.00000 0.00000 0.00000 0.00000 0.00000 0.00000 0.00000
0.00000 0.00000 0.00000 0.00000 0.00000 0.00000 0.00000 0.00000 0.00000 0.00000 0.00000 0.00000 0.00000 0.00000 0.00000 0.03124 0.09380 0.15582 0.21782 0.28065 0.34329 0.40399 0.46567 0.52935 0.59191 0.58978 0.52658 0.46526 0.40390 0.34177 0.27900 0.21658 0.15460 0.09297 0.03101 0.00000 0.00000 0.00000 0.00000 0.00000 0.00000 0.00000 0.00000 0.00000 0.00000 0.00000 0.00000 0.00000 0.00000 0.00000 0.00000 0.00000 0.00000 0.00000 0.00000 0.00000 0.00000 0.00000 0.00000 0.00000 0.00000 0.00000 0.00000 0.00000 0.00000 0.00000 0.00000 0.00000 0.00000 0.00000
0.00000 0.00000 0.00000 0.00000 0.00000 0.00000 0.00000 0.00000 0.00000 0.00000 0.00000 0.00000 0.00000 0.00000 0.00000 0.03478 0.10440 0.17428 0.24349 0.31215 0.38197 0.45226 0.52064 0.58835 0.65839 0.65945 0.58948 0.51933 0.44965 0.38016 0.31125 0.24241 0.17294 0.10343 0.03447 0.00000 0.00000 0.00000 0.00000 0.00000 0.00000 0.00000 0.00000 0.00000 0.00000 0.00000 0.00000 0.00000 0.00000 0.00000 0.00000 0.00000 0.00000 0.00000 0.00000 0.00000 0.00000 0.00000 0.00000 0.00000 0.00000 0.00000 0.00000 0.00000 0.00000 0.00000 0.00000 0.00000 0.00000 0.00000
0.00000 0.00000 0.00000 0.00000 0.00000 0.00000 0.00000 0.00000 0.00000 0.00000 0.00000 0.00000 0.00000 0.00000 0.00000 0.03475 0.10405 0.17367 0.24325 0.31202 0.38078 0.45060 0.52027 0.58832 0.65615 0.65713 0.58867 0.51901 0.44850 0.37926 0.31065 0.24193 0.17259 0.10330 0.03440 0.00000 0.00000 0.00000 0.00000 0.00000 0.00000 0.00000 0.00000 0.00000 0.00000 0.00000 0.00000 0.00000 0.00000 0.00000 0.00000 0.00000 0.00000 0.00000 0.00000 0.00000 0.00000 0.00000 0.00000 0.00000 0.00000 0.00000 0.00000 0.00000 0.00000 0.00000 0.00000 0.00000 0.00000 0.00000
0.00000 0.00000 0.00000 0.00000 0.00000 0.00000 0.00000 0.00000 0.00000 0.00000 0.00000 0.00000 0.00000 0.00000 0.00000 0.03108 0.09307 0.15479 0.21677 0.27901 0.34067 0.40145 0.46346 0.52608 0.58762 0.58595 0.52414 0.46297 0.40140 0.33945 0.27748 0.21528 0.15392 0.09252 0.03083 0.00000 0.00000 0.00000 0.00000 0.00000 0.00000 0.00000 0.00000 0.00000 0.00000 0.00000 0.00000 0.00000 0.00000 0.00000 0.00000 0.00000 0.00000 0.00000 0.00000 0.00000 0.00000 0.00000 0.00000 0.00000 0.00000 0.00000 0.00000 0.00000 0.00000 0.00000 0.00000 0.00000 0.00000 0.00000
0.00000 0.00000 0.00000 0.00000 0.00000 0.00000 0.00000 0.00000 0.00000 0.00000 0.00000 0.00000 0.00000 0.00000 0.00000 0.02737 0.08191 0.13633 0.19051 0.24534 0.29972 0.35369 0.40749 0.46231 0.51690 0.51635 0.46103 0.40690 0.35309 0.29892 0.24400 0.18956 0.13540 0.08146 0.02717 0.00000 0.00000 0.00000 0.00000 0.00000 0.00000 0.00000 0.00000 0.00000 0.00000 0.00000 0.00000 0.00000 0.00000 0.00000 0.00000 0.00000 0.00000 0.00000 0.00000 0.00000 0.00000 0.00000 0.00000 0.00000 0.00000 0.00000 0.00000 0.00000 0.00000 0.00000 0.00000 0.00000 0.00000 0.00000
0.00000 0.00000 0.00000 0.00000 0.00000 0.00000 0.00000 0.00000 0.00000 0.00000 0.00000 0.00000 0.00000 0.00000 0.00000 0.02367 0.07082 0.11811 0.16495 0.21201 0.25902 0.30628 0.35307 0.39949 0.44648 0.44687 0.39971 0.35228 0.30529 0.25805 0.21125 0.16438 0.11742 0.07038 0.02347 0.00000 0.00000 0.00000 0.00000 0.00000 0.00000 0.00000 0.00000 0.00000 0.00000 0.00000 0.00000 0.00000 0.00000 0.00000 0.00000 0.00000 0.00000 0.00000 0.00000 0.00000 0.00000 0.00000 0.00000 0.00000 0.00000 0.00000 0.00000 0.00000 0.00000 0.00000 0.00000 0.00000 0.00000 0.00000
0.00000 0.00000 0.00000 0.00000 0.00000 0.00000 0.00000 0.00000 0.00000 0.00000 0.00000 0.00000 0.00000 0.00000 0.00000 0.01999 0.05961 0.09985 0.13912 0.17894 0.21802 0.25858 0.29753 0.33696 0.37573 0.37679 0.33678 0.29719 0.25726 0.21742 0.17824 0.13870 0.09930 0.05932 0.01979 0.00000 0.00000 0.00000 0.00000 0.00000 0.00000 0.00000 0.00000 0.00000 0.00000 0.00000 0.00000 0.00000 0.00000 0.00000 0.00000 0.00000 0.00000 0.00000 0.00000 0.00000 0.00000 0.00000 0.00000 0.00000 0.00000 0.00000 0.00000 0.00000 0.00000 0.00000 0.00000 0.00000 0.00000 0.00000
