0.58990 0.62170 0.65449 0.68612 0.71889 0.72231 0.68436 0.65348 0.61711 0.58889 0.55150 0.51967 0.48378 0.45311 0.41823 0.38235 0.34123 0.30251 0.26080 0.22089 0.18097 0.14081 0.10026 0.06021 0.02010 0.00000 0.00000 0.00000 0.00000 0.00000 0.00000 0.00000 0.00000 0.00000 0.00000 0.00000 0.00000 0.00000 0.00000 0.00000 0.00000 0.00000 0.00000 0.00000 0.00000 0.00000 0.00000 0.00000 0.00000 0.00000 0.00000 0.00000 0.00000 0.00000 0.00000 0.00000 0.00000 0.00000 0.00000 0.00000
0.61989 0.64488 0.67017 0.69555 0.72299 0.72373 0.69399 0.67021 0.64532 0.62048 0.58997 0.56666 0.54133 0.51495 0.48585 0.45165 0.40451 0.35691 0.30687 0.26092 0.21397 0.16634 0.11818 0.07108 0.02375 0.00000 0.00000 0.00000 0.00000 0.00000 0.00000 0.00000 0.00000 0.00000 0.00000 0.00000 0.00000 0.00000 0.00000 0.00000 0.00000 0.00000 0.00000 0.00000 0.00000 0.00000 0.00000 0.00000 0.00000 0.00000 0.00000 0.00000 0.00000 0.00000 0.00000 0.00000 0.00000 0.00000 0.00000 0.00000
0.65169 0.66991 0.68773 0.70752 0.72601 0.72478 0.70475 0.68983 0.67051 0.65138 0.62964 0.61494 0.59611 0.57676 0.55485 0.52131 0.46652 0.41115 0.35437 0.30125 0.24705 0.19168 0.13649 0.08208 0.02739 0.00000 0.00000 0.00000 0.00000 0.00000 0.00000 0.00000 0.00000 0.00000 0.00000 0.00000 0.00000 0.00000 0.00000 0.00000 0.00000 0.00000 0.00000 0.00000 0.00000 0.00000 0.00000 0.00000 0.00000 0.00000 0.00000 0.00000 0.00000 0.00000 0.00000 0.00000 0.00000 0.00000 0.00000 0.00000
0.68013 0.69294 0.70484 0.71699 0.72517 0.72626 0.71865 0.70737 0.69265 0.68256 0.67464 0.66207 0.64859 0.63836 0.62879 0.59047 0.52642 0.46582 0.40465 0.34123 0.27765 0.21710 0.15534 0.09309 0.03083 0.00000 0.00000 0.00000 0.00000 0.00000 0.00000 0.00000 0.00000 0.00000 0.00000 0.00000 0.00000 0.00000 0.00000 0.00000 0.00000 0.00000 0.00000 0.00000 0.00000 0.00000 0.00000 0.00000 0.00000 0.00000 0.00000 0.00000 0.00000 0.00000 0.00000 0.00000 0.00000 0.00000 0.00000 0.00000
0.71292 0.71824 0.72264 0.72591 0.72820 0.73125 0.72858 0.72319 0.71745 0.71697 0.71492 0.70868 0.70200 0.70093 0.69902 0.66004 0.58746 0.52068 0.45229 0.38170 0.31075 0.24224 0.17371 0.10411 0.03453 0.00000 0.00000 0.00000 0.00000 0.00000 0.00000 0.00000 0.00000 0.00000 0.00000 0.00000 0.00000 0.00000 0.00000 0.00000 0.00000 0.00000 0.00000 0.00000 0.00000 0.00000 0.00000 0.00000 0.00000 0.00000 0.00000 0.00000 0.00000 0.00000 0.00000 0.00000 0.00000 0.00000 0.00000 0.00000
0.71027 0.71580 0.71795 0.72405 0.72993 0.73086 0.72315 0.72124 0.72156 0.71675 0.71058 0.70742 0.70513 0.70045 0.69625 0.66004 0.59075 0.51975 0.45009 0.38175 0.31279 0.24220 0.17253 0.10402 0.03469 0.00000 0.00000 0.00000 0.00000 0.00000 0.00000 0.00000 0.00000 0.00000 0.00000 0.00000 0.00000 0.00000 0.00000 0.00000 0.00000 0.00000 0.00000 0.00000 0.00000 0.00000 0.00000 0.00000 0.00000 0.00000 0.00000 0.00000 0.00000 0.00000 0.00000 0.00000 0.00000 0.00000 0.00000 0.00000
0.67705 0.68849 0.69887 0.71314 0.72558 0.72444 0.71185 0.70492 0.69547 0.68147 0.66904 0.66085 0.65218 0.63786 0.62482 0.59055 0.53000 0.46550 0.40198 0.34075 0.27996 0.21757 0.15446 0.09270 0.03103 0.00000 0.00000 0.00000 0.00000 0.00000 0.00000 0.00000 0.00000 0.00000 0.00000 0.00000 0.00000 0.00000 0.00000 0.00000 0.00000 0.00000 0.00000 0.00000 0.00000 0.00000 0.00000 0.00000 0.00000 0.00000 0.00000 0.00000 0.00000 0.00000 0.00000 0.00000 0.00000 0.00000 0.00000 0.00000
0.64081 0.66281 0.68186 0.70150 0.71659 0.71975 0.70431 0.68638 0.66448 0.64816 0.63206 0.61290 0.59398 0.57589 0.55665 0.52007 0.46636 0.41140 0.35569 0.30041 0.24623 0.19184 0.13691 0.08181 0.02726 0.00000 0.00000 0.00000 0.00000 0.00000 0.00000 0.00000 0.00000 0.00000 0.00000 0.00000 0.00000 0.00000 0.00000 0.00000 0.00000 0.00000 0.00000 0.00000 0.00000 0.00000 0.00000 0.00000 0.00000 0.00000 0.00000 0.00000 0.00000 0.00000 0.00000 0.00000 0.00000 0.00000 0.00000 0.00000
0.60859 0.63640 0.66295 0.68828 0.71259 0.71699 0.69357 0.66510 0.63891 0.61726 0.59312 0.56372 0.53707 0.51413 0.49019 0.45077 0.40226 0.35605 0.30952 0.26137 0.21281 0.16534 0.11876 0.07130 0.02363 0.00000 0.00000 0.00000 0.00000 0.00000 0.00000 0.00000 0.00000 0.00000 0.00000 0.00000 0.00000 0.00000 0.00000 0.00000 0.00000 0.00000 0.00000 0.00000 0.00000 0.00000 0.00000 0.00000 0.00000 0.00000 0.00000 0.00000 0.00000 0.00000 0.00000 0.00000 0.00000 0.00000 0.00000 0.00000
0.57606 0.61005 0.64126 0.67808 0.71237 0.71303 0.67718 0.64750 0.61720 0.58338 0.54906 0.51704 0.48384 0.45102 0.41897 0.38222 0.34048 0.30053 0.26179 0.22128 0.18032 0.14001 0.10025 0.06032 0.02008 0.00000 0.00000 0.00000 0.00000 0.00000 0.00000 0.00000 0.00000 0.00000 0.00000 0.00000 0.00000 0.00000 0.00000 0.00000 0.00000 0.00000 0.00000 0.00000 0.00000 0.00000 0.00000 0.00000 0.00000 0.00000 0.00000 0.00000 0.00000 0.00000 0.00000 0.00000 0.00000 0.00000 0.00000 0.00000
0.54199 0.58267 0.62288 0.66632 0.70860 0.70707 0.66673 0.63097 0.59317 0.54783 0.50761 0.47081 0.43141 0.38847 0.34776 0.31258 0.28042 0.24635 0.21298 0.18026 0.14804 0.11525 0.08189 0.04900 0.01642 0.00000 0.00000 0.00000 0.00000 0.00000 0.00000 0.00000 0.00000 0.00000 0.00000 0.00000 0.00000 0.00000 0.00000 0.00000 0.00000 0.00000 0.00000 0.00000 0.00000 0.00000 0.00000 0.00000 0.00000 0.00000 0.00000 0.00000 0.00000 0.00000 0.00000 0.00000 0.00000 0.00000 0.00000 0.00000
0.50958 0.55963 0.60743 0.65505 0.70095 0.70529 0.65940 0.61136 0.56238 0.51693 0.46963 0.42179 0.37485 0.32730 0.27862 0.24233 0.21792 0.19210 0.16553 0.14003 0.11524 0.08964 0.06382 0.03814 0.01273 0.00000 0.00000 0.00000 0.00000 0.00000 0.00000 0.00000 0.00000 0.00000 0.00000 0.00000 0.00000 0.00000 0.00000 0.00000 0.00000 0.00000 0.00000 0.00000 0.00000 0.00000 0.00000 0.00000 0.00000 0.00000 0.00000 0.00000 0.00000 0.00000 0.00000 0.00000 0.00000 0.00000 0.00000 0.00000
0.47586 0.53292 0.58808 0.64298 0.69749 0.70128 0.64935 0.59069 0.53662 0.48585 0.43190 0.37332 0.31865 0.26547 0.21101 0.17329 0.15478 0.13683 0.11883 0.10053 0.08199 0.06358 0.04558 0.02744 0.00911 0.00000 0.00000 0.00000 0.00000 0.00000 0.00000 0.00000 0.00000 0.00000 0.00000 0.00000 0.00000 0.00000 0.00000 0.00000 0.00000 0.00000 0.00000 0.00000 0.00000 0.00000 0.00000 0.00000 0.00000 0.00000 0.00000 0.00000 0.00000 0.00000 0.00000 0.00000 0.00000 0.00000 0.00000 0.00000
0.44616 0.50788 0.56918 0.63449 0.69696 0.69628 0.63410 0.57568 0.51345 0.45042 0.38905 0.32740 0.26418 0.20233 0.14103 0.10433 0.09277 0.08184 0.07144 0.06041 0.04916 0.03816 0.02735 0.01646 0.00548 0.00000 0.00000 0.00000 0.00000 0.00000 0.00000 0.00000 0.00000 0.00000 0.00000 0.00000 0.00000 0.00000 0.00000 0.00000 0.00000 0.00000 0.00000 0.00000 0.00000 0.00000 0.00000 0.00000 0.00000 0.00000 0.00000 0.00000 0.00000 0.00000 0.00000 0.00000 0.00000 0.00000 0.00000 0.00000
0.41107 0.48079 0.55039 0.62204 0.69277 0.69160 0.62314 0.55776 0.49022 0.41620 0.34763 0.28052 0.21105 0.14036 0.07105 0.03472 0.03110 0.02739 0.02371 0.02001 0.01640 0.01282 0.00913 0.00545 0.00182 0.00000 0.00000 0.00000 0.00000 0.00000 0.00000 0.00000 0.00000 0.00000 0.00000 0.00000 0.00000 0.00000 0.00000 0.00000 0.00000 0.00000 0.00000 0.00000 0.00000 0.00000 0.00000 0.00000 0.00000 0.00000 0.00000 0.00000 0.00000 0.00000 0.00000 0.00000 0.00000 0.00000 0.00000 0.00000
0.37834 0.44796 0.51700 0.58484 0.65441 0.65856 0.58910 0.51847 0.45060 0.38260 0.31162 0.24239 0.17389 0.10437 0.03458 0.00182 0.00550 0.00916 0.01275 0.01637 0.02010 0.02379 0.02739 0.03091 0.03456 0.03474 0.03107 0.02723 0.02361 0.02011 0.01644 0.01272 0.00910 0.00548 0.00182 0.00000 0.00000 0.00000 0.00000 0.00000 0.00000 0.00000 0.00000 0.00000 0.00000 0.00000 0.00000 0.00000 0.00000 0.00000 0.00000 0.00000 0.00000 0.00000 0.00000 0.00000 0.00000 0.00000 0.00000 0.00000
0.33590 0.39900 0.46096 0.52328 0.58543 0.58840 0.52780 0.46327 0.40214 0.34330 0.28078 0.21674 0.15483 0.09333 0.03114 0.00548 0.01642 0.02734 0.03829 0.04941 0.06031 0.07093 0.08184 0.09331 0.10419 0.10371 0.09278 0.08216 0.07108 0.05999 0.04921 0.03836 0.02727 0.01634 0.00547 0.00000 0.00000 0.00000 0.00000 0.00000 0.00000 0.00000 0.00000 0.00000 0.00000 0.00000 0.00000 0.00000 0.00000 0.00000 0.00000 0.00000 0.00000 0.00000 0.00000 0.00000 0.00000 0.00000 0.00000 0.00000
0.29863 0.35264 0.40748 0.46388 0.51852 0.51701 0.46414 0.41166 0.35541 0.30045 0.24715 0.19238 0.13654 0.08196 0.02750 0.00916 0.02733 0.04549 0.06404 0.08242 0.10047 0.11833 0.13656 0.15537 0.17374 0.17267 0.15447 0.13711 0.11884 0.09985 0.08182 0.06399 0.04553 0.02723 0.00913 0.00000 0.00000 0.00000 0.00000 0.00000 0.00000 0.00000 0.00000 0.00000 0.00000 0.00000 0.00000 0.00000 0.00000 0.00000 0.00000 0.00000 0.00000 0.00000 0.00000 0.00000 0.00000 0.00000 0.00000 0.00000
0.25702 0.30477 0.35241 0.40100 0.44896 0.44849 0.40166 0.35682 0.30958 0.26025 0.21315 0.16678 0.11915 0.07115 0.02372 0.01278 0.03837 0.06400 0.08957 0.11469 0.14012 0.16665 0.19209 0.21660 0.24180 0.24304 0.21751 0.19107 0.16562 0.14064 0.11486 0.08896 0.06373 0.03840 0.01276 0.00000 0.00000 0.00000 0.00000 0.00000 0.00000 0.00000 0.00000 0.00000 0.00000 0.00000 0.00000 0.00000 0.00000 0.00000 0.00000 0.00000 0.00000 0.00000 0.00000 0.00000 0.00000 0.00000 0.00000 0.00000
0.21962 0.25954 0.29950 0.33825 0.37939 0.38150 0.34066 0.29990 0.26148 0.22177 0.18023 0.14029 0.10083 0.06048 0.02005 0.01640 0.04943 0.08244 0.11515 0.14755 0.18039 0.21401 0.24706 0.27840 0.31095 0.31263 0.27995 0.24527 0.21273 0.18109 0.14792 0.11441 0.08210 0.04937 0.01635 0.00000 0.00000 0.00000 0.00000 0.00000 0.00000 0.00000 0.00000 0.00000 0.00000 0.00000 0.00000 0.00000 0.00000 0.00000 0.00000 0.00000 0.00000 0.00000 0.00000 0.00000 0.00000 0.00000 0.00000 0.00000
0.17844 0.21140 0.24424 0.27725 0.31020 0.31181 0.27937 0.24552 0.21300 0.18151 0.14847 0.11489 0.08207 0.04937 0.01648 0.02010 0.06028 0.10030 0.14051 0.18127 0.22130 0.26050 0.30018 0.34196 0.38235 0.38048 0.34032 0.30147 0.26124 0.21996 0.18025 0.14081 0.10037 0.06001 0.02001 0.00000 0.00000 0.00000 0.00000 0.00000 0.00000 0.00000 0.00000 0.00000 0.00000 0.00000 0.00000 0.00000 0.00000 0.00000 0.00000 0.00000 0.00000 0.00000 0.00000 0.00000 0.00000 0.00000 0.00000 0.00000
0.13934 0.16450 0.19034 0.21653 0.24194 0.24125 0.21698 0.19224 0.16566 0.14018 0.11551 0.08984 0.06379 0.03828 0.01283 0.02382 0.07130 0.11849 0.16598 0.21414 0.26180 0.30762 0.35491 0.40451 0.45222 0.44919 0.40196 0.35689 0.30919 0.25980 0.21306 0.16655 0.11837 0.07086 0.02377 0.00000 0.00000 0.00000 0.00000 0.00000 0.00000 0.00000 0.00000 0.00000 0.00000 0.00000 0.00000 0.00000 0.00000 0.00000 0.00000 0.00000 0.00000 0.00000 0.00000 0.00000 0.00000 0.00000 0.00000 0.00000
0.09907 0.11748 0.13574 0.15443 0.17279 0.17256 0.15457 0.13728 0.11902 0.10024 0.08204 0.06405 0.04581 0.02741 0.00913 0.02738 0.08232 0.13733 0.19193 0.24615 0.30100 0.35677 0.41157 0.46446 0.51924 0.52108 0.46610 0.40943 0.35528 0.30170 0.24652 0.19077 0.13656 0.08232 0.02740 0.00000 0.00000 0.00000 0.00000 0.00000 0.00000 0.00000 0.00000 0.00000 0.00000 0.00000 0.00000 0.00000 0.00000 0.00000 0.00000 0.00000 0.00000 0.00000 0.00000 0.00000 0.00000 0.00000 0.00000 0.00000
0.05984 0.07074 0.08165 0.09227 0.10358 0.10407 0.09284 0.08182 0.07142 0.06052 0.04922 0.03828 0.02750 0.01649 0.00548 0.03101 0.09314 0.15566 0.21797 0.27872 0.34072 0.40491 0.46712 0.52590 0.58800 0.59181 0.52899 0.46371 0.40220 0.34243 0.27954 0.21626 0.15514 0.09335 0.03094 0.00000 0.00000 0.00000 0.00000 0.00000 0.00000 0.00000 0.00000 0.00000 0.00000 0.00000 0.00000 0.00000 0.00000 0.00000 0.00000 0.00000 0.00000 0.00000 0.00000 0.00000 0.00000 0.00000 0.00000 0.00000
0.01988 0.02354 0.02717 0.03082 0.03449 0.03467 0.03105 0.02731 0.02369 0.02013 0.01649 0.01279 0.00913 0.00548 0.00183 0.03478 0.10414 0.17329 0.24326 0.31305 0.38201 0.45010 0.52036 0.59109 0.65967 0.65728 0.58918 0.52136 0.45103 0.38008 0.31175 0.24340 0.17350 0.10358 0.03459 0.00000 0.00000 0.00000 0.00000 0.00000 0.00000 0.00000 0.00000 0.00000 0.00000 0.00000 0.00000 0.00000 0.00000 0.00000 0.00000 0.00000 0.00000 0.00000 0.00000 0.00000 0.00000 0.00000 0.00000 0.00000
0.00000 0.00000 0.00000 0.00000 0.00000 0.00000 0.00000 0.00000 0.00000 0.00000 0.00000 0.00000 0.00000 0.00000 0.00000 0.03480 0.10438 0.17320 0.24255 0.31322 0.38292 0.44978 0.51923 0.59197 0.66107 0.65665 0.58810 0.52233 0.45191 0.38009 0.31151 0.24365 0.17341 0.10364 0.03470 0.00000 0.00000 0.00000 0.00000 0.00000 0.00000 0.00000 0.00000 0.00000 0.00000 0.00000 0.00000 0.00000 0.00000 0.00000 0.00000 0.00000 0.00000 0.00000 0.00000 0.00000 0.00000 0.00000 0.00000 0.00000
0.00000 0.00000 0.00000 0.00000 0.00000 0.00000 0.00000 0.00000 0.00000 0.00000 0.00000 0.00000 0.00000 0.00000 0.00000 0.03103 0.09337 0.15569 0.21742 0.27896 0.34205 0.40471 0.46578 0.52639 0.59015 0.59143 0.52758 0.46410 0.40346 0.34233 0.27929 0.21635 0.15499 0.09339 0.03107 0.00000 0.00000 0.00000 0.00000 0.00000 0.00000 0.00000 0.00000 0.00000 0.00000 0.00000 0.00000 0.00000 0.00000 0.00000 0.00000 0.00000 0.00000 0.00000 0.00000 0.00000 0.00000 0.00000 0.00000 0.00000
0.00000 0.00000 0.00000 0.00000 0.00000 0.00000 0.00000 0.00000 0.00000 0.00000 0.00000 0.00000 0.00000 0.00000 0.00000 0.02739 0.08218 0.13736 0.19241 0.24608 0.30092 0.35743 0.41215 0.46431 0.51927 0.52270 0.46678 0.40943 0.35530 0.30240 0.24686 0.19096 0.13677 0.08245 0.02736 0.00000 0.00000 0.00000 0.00000 0.00000 0.00000 0.00000 0.00000 0.00000 0.00000 0.00000 0.00000 0.00000 0.00000 0.00000 0.00000 0.00000 0.00000 0.00000 0.00000 0.00000 0.00000 0.00000 0.00000 0.00000
0.00000 0.00000 0.00000 0.00000 0.00000 0.00000 0.00000 0.00000 0.00000 0.00000 0.00000 0.00000 0.00000 0.00000 0.00000 0.02382 0.07131 0.11859 0.16657 0.21436 0.26121 0.30801 0.35678 0.40497 0.45082 0.44976 0.40401 0.35721 0.30834 0.26025 0.21375 0.16676 0.11867 0.07091 0.02370 0.00000 0.00000 0.00000 0.00000 0.00000 0.00000 0.00000 0.00000 0.00000 0.00000 0.00000 0.00000 0.00000 0.00000 0.00000 0.00000 0.00000 0.00000 0.00000 0.00000 0.00000 0.00000 0.00000 0.00000 0.00000
0.00000 0.00000 0.00000 0.00000 0.00000 0.00000 0.00000 0.00000 0.00000 0.00000 0.00000 0.00000 0.00000 0.00000 0.00000 0.02015 0.06047 0.10039 0.14060 0.18141 0.22170 0.26054 0.30091 0.34289 0.38270 0.38066 0.34087 0.30244 0.26164 0.22028 0.18051 0.14116 0.10050 0.06003 0.02009 0.00000 0.00000 0.00000 0.00000 0.00000 0.00000 0.00000 0.00000 0.00000 0.00000 0.00000 0.00000 0.00000 0.00000 0.00000 0.00000 0.00000 0.00000 0.00000 0.00000 0.00000 0.00000 0.00000 0.00000 0.00000
0.00000 0.00000 0.00000 0.00000 0.00000 0.00000 0.00000 0.00000 0.00000 0.00000 0.00000 0.00000 0.00000 0.00000 0.00000 0.01644 0.04940 0.08250 0.11525 0.14778 0.18122 0.21452 0.24645 0.27885 0.31298 0.31352 0.27904 0.24582 0.21405 0.18145 0.14769 0.11463 0.08229 0.04950 0.01644 0.00000 0.00000 0.00000 0.00000 0.00000 0.00000 0.00000 0.00000 0.00000 0.00000 0.00000 0.00000 0.00000 0.00000 0.00000 0.00000 0.00000 0.00000 0.00000 0.00000 0.00000 0.00000 0.00000 0.00000 0.00000
0.00000 0.00000 0.00000 0.00000 0.00000 0.00000 0.00000 0.00000 0.00000 0.00000 0.00000 0.00000 0.00000 0.00000 0.00000 0.01281 0.03839 0.06413 0.08982 0.11499 0.14057 0.16691 0.19234 0.21690 0.24260 0.24389 0.21785 0.19130 0.16600 0.14110 0.11523 0.08925 0.06389 0.03848 0.01277 0.00000 0.00000 0.00000 0.00000 0.00000 0.00000 0.00000 0.00000 0.00000 0.00000 0.00000 0.00000 0.00000 0.00000 0.00000 0.00000 0.00000 0.00000 0.00000 0.00000 0.00000 0.00000 0.00000 0.00000 0.00000
0.00000 0.00000 0.00000 0.00000 0.00000 0.00000 0.00000 0.00000 0.00000 0.00000 0.00000 0.00000 0.00000 0.00000 0.00000 0.00917 0.02751 0.04566 0.06404 0.08255 0.10055 0.11860 0.13740 0.15593 0.17318 0.17310 0.15570 0.13754 0.11844 0.10017 0.08245 0.06420 0.04554 0.02730 0.00915 0.00000 0.00000 0.00000 0.00000 0.00000 0.00000 0.00000 0.00000 0.00000 0.00000 0.00000 0.00000 0.00000 0.00000 0.00000 0.00000 0.00000 0.00000 0.00000 0.00000 0.00000 0.00000 0.00000 0.00000 0.00000
0.00000 0.00000 0.00000 0.00000 0.00000 0.00000 0.00000 0.00000 0.00000 0.00000 0.00000 0.00000 0.00000 0.00000 0.00000 0.00549 0.01650 0.02747 0.03838 0.04950 0.06049 0.07118 0.08214 0.09354 0.10442 0.10394 0.09307 0.08244 0.07137 0.06018 0.04929 0.03843 0.02742 0.01645 0.00549 0.00000 0.00000 0.00000 0.00000 0.00000 0.00000 0.00000 0.00000 0.00000 0.00000 0.00000 0.00000 0.00000 0.00000 0.00000 0.00000 0.00000 0.00000 0.00000 0.00000 0.00000 0.00000 0.00000 0.00000 0.00000
0.00000 0.00000 0.00000 0.00000 0.00000 0.00000 0.00000 0.00000 0.00000 0.00000 0.00000 0.00000 0.00000 0.00000 0.00000 0.00183 0.00549 0.00917 0.01283 0.01644 0.02016 0.02386 0.02734 0.03101 0.03484 0.03487 0.03097 0.02733 0.02383 0.02018 0.01639 0.01274 0.00917 0.00550 0.00182 0.00000 0.00000 0.00000 0.00000 0.00000 0.00000 0.00000 0.00000 0.00000 0.00000 0.00000 0.00000 0.00000 0.00000 0.00000 0.00000 0.00000 0.00000 0.00000 0.00000 0.00000 0.00000 0.00000 0.00000 0.00000
0.01998 0.02361 0.02724 0.03090 0.03459 0.03475 0.03111 0.02734 0.02372 0.02021 0.01653 0.01281 0.00915 0.00550 0.00184 0.00000 0.00000 0.00000 0.00000 0.00000 0.00000 0.00000 0.00000 0.00000 0.00000 0.00000 0.00000 0.00000 0.00000 0.00000 0.00000 0.00000 0.00000 0.00000 0.00000 0.00000 0.00000 0.00000 0.00000 0.00000 0.00000 0.00000 0.00000 0.00000 0.00000 0.00000 0.00000 0.00000 0.00000 0.00000 0.00000 0.00000 0.00000 0.00000 0.00000 0.00000 0.00000 0.00000 0.00000 0.00000
0.05944 0.07062 0.08184 0.09296 0.10357 0.10372 0.09346 0.08257 0.07130 0.06027 0.04945 0.03857 0.02753 0.01647 0.00549 0.00000 0.00000 0.00000 0.00000 0.00000 0.00000 0.00000 0.00000 0.00000 0.00000 0.00000 0.00000 0.00000 0.00000 0.00000 0.00000 0.00000 0.00000 0.00000 0.00000 0.00000 0.00000 0.00000 0.00000 0.00000 0.00000 0.00000 0.00000 0.00000 0.00000 0.00000 0.00000 0.00000 0.00000 0.00000 0.00000 0.00000 0.00000 0.00000 0.00000 0.00000 0.00000 0.00000 0.00000 0.00000
0.09978 0.11811 0.13644 0.15500 0.17326 0.17302 0.15499 0.13772 0.11937 0.10049 0.08220 0.06426 0.04594 0.02749 0.00915 0.00000 0.00000 0.00000 0.00000 0.00000 0.00000 0.00000 0.00000 0.00000 0.00000 0.00000 0.00000 0.00000 0.00000 0.00000 0.00000 0.00000 0.00000 0.00000 0.00000 0.00000 0.00000 0.00000 0.00000 0.00000 0.00000 0.00000 0.00000 0.00000 0.00000 0.00000 0.00000 0.00000 0.00000 0.00000 0.00000 0.00000 0.00000 0.00000 0.00000 0.00000 0.00000 0.00000 0.00000 0.00000
0.13918 0.16491 0.19008 0.21614 0.24299 0.24346 0.21699 0.19154 0.16703 0.14149 0.11547 0.08967 0.06411 0.03856 0.01286 0.00000 0.00000 0.00000 0.00000 0.00000 0.00000 0.00000 0.00000 0.00000 0.00000 0.00000 0.00000 0.00000 0.00000 0.00000 0.00000 0.00000 0.00000 0.00000 0.00000 0.00000 0.00000 0.00000 0.00000 0.00000 0.00000 0.00000 0.00000 0.00000 0.00000 0.00000 0.00000 0.00000 0.00000 0.00000 0.00000 0.00000 0.00000 0.00000 0.00000 0.00000 0.00000 0.00000 0.00000 0.00000
0.17990 0.21281 0.24557 0.27842 0.31159 0.31315 0.28032 0.24641 0.21351 0.18204 0.14900 0.11537 0.08227 0.04952 0.01655 0.00000 0.00000 0.00000 0.00000 0.00000 0.00000 0.00000 0.00000 0.00000 0.00000 0.00000 0.00000 0.00000 0.00000 0.00000 0.00000 0.00000 0.00000 0.00000 0.00000 0.00000 0.00000 0.00000 0.00000 0.00000 0.00000 0.00000 0.00000 0.00000 0.00000 0.00000 0.00000 0.00000 0.00000 0.00000 0.00000 0.00000 0.00000 0.00000 0.00000 0.00000 0.00000 0.00000 0.00000 0.00000
0.21787 0.25902 0.29985 0.34079 0.37994 0.38073 0.34302 0.30296 0.26147 0.22121 0.18174 0.14146 0.10093 0.06048 0.02015 0.00000 0.00000 0.00000 0.00000 0.00000 0.00000 0.00000 0.00000 0.00000 0.00000 0.00000 0.00000 0.00000 0.00000 0.00000 0.00000 0.00000 0.00000 0.00000 0.00000 0.00000 0.00000 0.00000 0.00000 0.00000 0.00000 0.00000 0.00000 0.00000 0.00000 0.00000 0.00000 0.00000 0.00000 0.00000 0.00000 0.00000 0.00000 0.00000 0.00000 0.00000 0.00000 0.00000 0.00000 0.00000
0.25979 0.30737 0.35500 0.40345 0.45096 0.45043 0.40320 0.35832 0.31070 0.26159 0.21353 0.16719 0.11961 0.07157 0.02376 0.00000 0.00000 0.00000 0.00000 0.00000 0.00000 0.00000 0.00000 0.00000 0.00000 0.00000 0.00000 0.00000 0.00000 0.00000 0.00000 0.00000 0.00000 0.00000 0.00000 0.00000 0.00000 0.00000 0.00000 0.00000 0.00000 0.00000 0.00000 0.00000 0.00000 0.00000 0.00000 0.00000 0.00000 0.00000 0.00000 0.00000 0.00000 0.00000 0.00000 0.00000 0.00000 0.00000 0.00000 0.00000
0.29798 0.35321 0.40741 0.46367 0.52060 0.52165 0.46507 0.41104 0.35870 0.30320 0.24731 0.19239 0.13769 0.08258 0.02753 0.00000 0.00000 0.00000 0.00000 0.00000 0.00000 0.00000 0.00000 0.00000 0.00000 0.00000 0.00000 0.00000 0.00000 0.00000 0.00000 0.00000 0.00000 0.00000 0.00000 0.00000 0.00000 0.00000 0.00000 0.00000 0.00000 0.00000 0.00000 0.00000 0.00000 0.00000 0.00000 0.00000 0.00000 0.00000 0.00000 0.00000 0.00000 0.00000 0.00000 0.00000 0.00000 0.00000 0.00000 0.00000
0.34006 0.40231 0.46433 0.52663 0.58919 0.59199 0.52975 0.46609 0.40345 0.34384 0.28169 0.21823 0.15523 0.09358 0.03131 0.00000 0.00000 0.00000 0.00000 0.00000 0.00000 0.00000 0.00000 0.00000 0.00000 0.00000 0.00000 0.00000 0.00000 0.00000 0.00000 0.00000 0.00000 0.00000 0.00000 0.00000 0.00000 0.00000 0.00000 0.00000 0.00000 0.00000 0.00000 0.00000 0.00000 0.00000 0.00000 0.00000 0.00000 0.00000 0.00000 0.00000 0.00000 0.00000 0.00000 0.00000 0.00000 0.00000 0.00000 0.00000
0.37613 0.44766 0.51744 0.58845 0.65632 0.65869 0.59290 0.52305 0.45153 0.38271 0.31510 0.24417 0.17413 0.10466 0.03491 0.00000 0.00000 0.00000 0.00000 0.00000 0.00000 0.00000 0.00000 0.00000 0.00000 0.00000 0.00000 0.00000 0.00000 0.00000 0.00000 0.00000 0.00000 0.00000 0.00000 0.00000 0.00000 0.00000 0.00000 0.00000 0.00000 0.00000 0.00000 0.00000 0.00000 0.00000 0.00000 0.00000 0.00000 0.00000 0.00000 0.00000 0.00000 0.00000 0.00000 0.00000 0.00000 0.00000 0.00000 0.00000
0.40041 0.47369 0.54724 0.62123 0.69427 0.69391 0.62113 0.55131 0.47825 0.40300 0.32872 0.25708 0.18422 0.11024 0.03658 0.00000 0.00000 0.00000 0.00000 0.00000 0.00000 0.00000 0.00000 0.00000 0.00000 0.00000 0.00000 0.00000 0.00000 0.00000 0.00000 0.00000 0.00000 0.00000 0.00000 0.00000 0.00000 0.00000 0.00000 0.00000 0.00000 0.00000 0.00000 0.00000 0.00000 0.00000 0.00000 0.00000 0.00000 0.00000 0.00000 0.00000 0.00000 0.00000 0.00000 0.00000 0.00000 0.00000 0.00000 0.00000
0.39702 0.47089 0.54299 0.61905 0.69431 0.69538 0.62015 0.54884 0.47949 0.40398 0.32974 0.25687 0.18427 0.11008 0.03664 0.00000 0.00000 0.00000 0.00000 0.00000 0.00000 0.00000 0.00000 0.00000 0.00000 0.00000 0.00000 0.00000 0.00000 0.00000 0.00000 0.00000 0.00000 0.00000 0.00000 0.00000 0.00000 0.00000 0.00000 0.00000 0.00000 0.00000 0.00000 0.00000 0.00000 0.00000 0.00000 0.00000 0.00000 0.00000 0.00000 0.00000 0.00000 0.00000 0.00000 0.00000 0.00000 0.00000 0.00000 0.00000
0.40088 0.47390 0.54695 0.62028 0.69425 0.69627 0.62382 0.54890 0.47548 0.40395 0.33161 0.25715 0.18301 0.11007 0.03689 0.00000 0.00000 0.00000 0.00000 0.00000 0.00000 0.00000 0.00000 0.00000 0.00000 0.00000 0.00000 0.00000 0.00000 0.00000 0.00000 0.00000 0.00000 0.00000 0.00000 0.00000 0.00000 0.00000 0.00000 0.00000 0.00000 0.00000 0.00000 0.00000 0.00000 0.00000 0.00000 0.00000 0.00000 0.00000 0.00000 0.00000 0.00000 0.00000 0.00000 0.00000 0.00000 0.00000 0.00000 0.00000
0.39547 0.47143 0.54500 0.61937 0.69072 0.69440 0.62419 0.55047 0.47591 0.40321 0.33254 0.25707 0.18325 0.11014 0.03686 0.00000 0.00000 0.00000 0.00000 0.00000 0.00000 0.00000 0.00000 0.00000 0.00000 0.00000 0.00000 0.00000 0.00000 0.00000 0.00000 0.00000 0.00000 0.00000 0.00000 0.00000 0.00000 0.00000 0.00000 0.00000 0.00000 0.00000 0.00000 0.00000 0.00000 0.00000 0.00000 0.00000 0.00000 0.00000 0.00000 0.00000 0.00000 0.00000 0.00000 0.00000 0.00000 0.00000 0.00000 0.00000
0.40068 0.47388 0.54703 0.62113 0.69509 0.69451 0.62199 0.55042 0.47857 0.40373 0.32951 0.25688 0.18440 0.11033 0.03662 0.00000 0.00000 0.00000 0.00000 0.00000 0.00000 0.00000 0.00000 0.00000 0.00000 0.00000 0.00000 0.00000 0.00000 0.00000 0.00000 0.00000 0.00000 0.00000 0.00000 0.00000 0.00000 0.00000 0.00000 0.00000 0.00000 0.00000 0.00000 0.00000 0.00000 0.00000 0.00000 0.00000 0.00000 0.00000 0.00000 0.00000 0.00000 0.00000 0.00000 0.00000 0.00000 0.00000 0.00000 0.00000
0.39629 0.47102 0.54300 0.61978 0.69399 0.69532 0.62051 0.54934 0.47963 0.40442 0.32969 0.25661 0.18460 0.11021 0.03664 0.00000 0.00000 0.00000 0.00000 0.00000 0.00000 0.00000 0.00000 0.00000 0.00000 0.00000 0.00000 0.00000 0.00000 0.00000 0.00000 0.00000 0.00000 0.00000 0.00000 0.00000 0.00000 0.00000 0.00000 0.00000 0.00000 0.00000 0.00000 0.00000 0.00000 0.00000 0.00000 0.00000 0.00000 0.00000 0.00000 0.00000 0.00000 0.00000 0.00000 0.00000 0.00000 0.00000 0.00000 0.00000
0.39997 0.47375 0.54700 0.62020 0.69358 0.69605 0.62412 0.54947 0.47607 0.40363 0.33180 0.25740 0.18326 0.11005 0.03689 0.00000 0.00000 0.00000 0.00000 0.00000 0.00000 0.00000 0.00000 0.00000 0.00000 0.00000 0.00000 0.00000 0.00000 0.00000 0.00000 0.00000 0.00000 0.00000 0.00000 0.00000 0.00000 0.00000 0.00000 0.00000 0.00000 0.00000 0.00000 0.00000 0.00000 0.00000 0.00000 0.00000 0.00000 0.00000 0.00000 0.00000 0.00000 0.00000 0.00000 0.00000 0.00000 0.00000 0.00000 0.00000
0.39651 0.47214 0.54464 0.61949 0.69174 0.69482 0.62418 0.55105 0.47595 0.40298 0.33243 0.25770 0.18315 0.10985 0.03689 0.00000 0.00000 0.00000 0.00000 0.00000 0.00000 0.00000 0.00000 0.00000 0.00000 0.00000 0.00000 0.00000 0.00000 0.00000 0.00000 0.00000 0.00000 0.00000 0.00000 0.00000 0.00000 0.00000 0.00000 0.00000 0.00000 0.00000 0.00000 0.00000 0.00000 0.00000 0.00000 0.00000 0.00000 0.00000 0.00000 0.00000 0.00000 0.00000 0.00000 0.00000 0.00000 0.00000 0.00000 0.00000
0.39901 0.47251 0.54498 0.62121 0.69480 0.69460 0.62155 0.55040 0.47803 0.40387 0.33019 0.25687 0.18431 0.11031 0.03671 0.00000 0.00000 0.00000 0.00000 0.00000 0.00000 0.00000 0.00000 0.00000 0.00000 0.00000 0.00000 0.00000 0.00000 0.00000 0.00000 0.00000 0.00000 0.00000 0.00000 0.00000 0.00000 0.00000 0.00000 0.00000 0.00000 0.00000 0.00000 0.00000 0.00000 0.00000 0.00000 0.00000 0.00000 0.00000 0.00000 0.00000 0.00000 0.00000 0.00000 0.00000 0.00000 0.00000 0.00000 0.00000
0.39654 0.47146 0.54410 0.62042 0.69401 0.69573 0.62125 0.54916 0.47966 0.40523 0.32974 0.25624 0.18450 0.11048 0.03661 0.00000 0.00000 0.00000 0.00000 0.00000 0.00000 0.00000 0.00000 0.00000 0.00000 0.00000 0.00000 0.00000 0.00000 0.00000 0.00000 0.00000 0.00000 0.00000 0.00000 0.00000 0.00000 0.00000 0.00000 0.00000 0.00000 0.00000 0.00000 0.00000 0.00000 0.00000 0.00000 0.00000 0.00000 0.00000 0.00000 0.00000 0.00000 0.00000 0.00000 0.00000 0.00000 0.00000 0.00000 0.00000
0.39759 0.47293 0.54536 0.61988 0.69201 0.69644 0.62260 0.54939 0.47657 0.40390 0.33096 0.25695 0.18391 0.11004 0.03683 0.00000 0.00000 0.00000 0.00000 0.00000 0.00000 0.00000 0.00000 0.00000 0.00000 0.00000 0.00000 0.00000 0.00000 0.00000 0.00000 0.00000 0.00000 0.00000 0.00000 0.00000 0.00000 0.00000 0.00000 0.00000 0.00000 0.00000 0.00000 0.00000 0.00000 0.00000 0.00000 0.00000 0.00000 0.00000 0.00000 0.00000 0.00000 0.00000 0.00000 0.00000 0.00000 0.00000 0.00000 0.00000
0.39694 0.47263 0.54436 0.61989 0.69200 0.69478 0.62347 0.55171 0.47606 0.40240 0.33202 0.25777 0.18320 0.10977 0.03691 0.00000 0.00000 0.00000 0.00000 0.00000 0.00000 0.00000 0.00000 0.00000 0.00000 0.00000 0.00000 0.00000 0.00000 0.00000 0.00000 0.00000 0.00000 0.00000 0.00000 0.00000 0.00000 0.00000 0.00000 0.00000 0.00000 0.00000 0.00000 0.00000 0.00000 0.00000 0.00000 0.00000 0.00000 0.00000 0.00000 0.00000 0.00000 0.00000 0.00000 0.00000 0.00000 0.00000 0.00000 0.00000
0.39653 0.47227 0.54338 0.62109 0.69200 0.69417 0.62150 0.55108 0.47591 0.40288 0.33114 0.25730 0.18366 0.10989 0.03688 0.00000 0.00000 0.00000 0.00000 0.00000 0.00000 0.00000 0.00000 0.00000 0.00000 0.00000 0.00000 0.00000 0.00000 0.00000 0.00000 0.00000 0.00000 0.00000 0.00000 0.00000 0.00000 0.00000 0.00000 0.00000 0.00000 0.00000 0.00000 0.00000 0.00000 0.00000 0.00000 0.00000 0.00000 0.00000 0.00000 0.00000 0.00000 0.00000 0.00000 0.00000 0.00000 0.00000 0.00000 0.00000
0.39653 0.47224 0.54334 0.62077 0.69214 0.69566 0.62104 0.54878 0.47683 0.40428 0.33000 0.25629 0.18427 0.11017 0.03675 0.00000 0.00000 0.00000 0.00000 0.00000 0.00000 0.00000 0.00000 0.00000 0.00000 0.00000 0.00000 0.00000 0.00000 0.00000 0.00000 0.00000 0.00000 0.00000 0.00000 0.00000 0.00000 0.00000 0.00000 0.00000 0.00000 0.00000 0.00000 0.00000 0.00000 0.00000 0.00000 0.00000 0.00000 0.00000 0.00000 0.00000 0.00000 0.00000 0.00000 0.00000 0.00000 0.00000 0.00000 0.00000
0.39557 0.47257 0.54319 0.62027 0.69124 0.69584 0.61946 0.54722 0.47603 0.40448 0.32906 0.25607 0.18428 0.11024 0.03674 0.00000 0.00000 0.00000 0.00000 0.00000 0.00000 0.00000 0.00000 0.00000 0.00000 0.00000 0.00000 0.00000 0.00000 0.00000 0.00000 0.00000 0.00000 0.00000 0.00000 0.00000 0.00000 0.00000 0.00000 0.00000 0.00000 0.00000 0.00000 0.00000 0.00000 0.00000 0.00000 0.00000 0.00000 0.00000 0.00000 0.00000 0.00000 0.00000 0.00000 0.00000 0.00000 0.00000 0.00000 0.00000
