0.00000 0.00000 0.00000 0.00000 0.00000 0.00000 0.00000 0.00000 0.00000 0.00000 0.00000 0.00000 0.00000 0.00000 0.00000 0.00000 0.00000 0.00000 0.00000 0.00000 0.00000 0.00000 0.00000 0.00000 0.00000 0.00000 0.00000 0.00000 0.00000 0.00000 0.00000 0.00000 0.00000 0.00000 0.00000 0.00000 0.00000 0.00000 0.00000 0.00000 0.00000 0.00000 0.00000 0.00000 0.00000 0.00000 0.00000 0.00000 0.00000 0.00000 0.00000 0.00000 0.00000 0.00000 0.00000 0.00000 0.00000 0.00000 0.00000 0.00000
0.00000 0.00000 0.00000 0.00000 0.00000 0.00000 0.00000 0.00000 0.00000 0.00000 0.00000 0.00000 0.00000 0.00000 0.00000 0.00000 0.00000 0.00000 0.00000 0.00000 0.00000 0.00000 0.00000 0.00000 0.00000 0.00000 0.00000 0.00000 0.00000 0.00000 0.00000 0.00000 0.00000 0.00000 0.00000 0.00000 0.00000 0.00000 0.00000 0.00000 0.00000 0.00000 0.00000 0.00000 0.00000 0.00000 0.00000 0.00000 0.00000 0.00000 0.00000 0.00000 0.00000 0.00000 0.00000 0.00000 0.00000 0.00000 0.00000 0.00000
0.00000 0.00000 0.00000 0.00000 0.00000 0.00000 0.00000 0.00000 0.00000 0.00000 0.00000 0.00000 0.00000 0.00000 0.00000 0.00000 0.00000 0.00000 0.00000 0.00000 0.00000 0.00000 0.00000 0.00000 0.00000 0.00000 0.00000 0.00000 0.00000 0.00000 0.00000 0.00000 0.00000 0.00000 0.00000 0.00000 0.00000 0.00000 0.00000 0.00000 0.00000 0.00000 0.00000 0.00000 0.00000 0.00000 0.00000 0.00000 0.00000 0.00000 0.00000 0.00000 0.00000 0.00000 0.00000 0.00000 0.00000 0.00000 0.00000 0.00000
0.00000 0.00000 0.00000 0.00000 0.00000 0.00000 0.00000 0.00000 0.00000 0.00000 0.00000 0.00000 0.00000 0.00000 0.00000 0.00000 0.00000 0.00000 0.00000 0.00000 0.00000 0.00000 0.00000 0.00000 0.00000 0.00000 0.00000 0.00000 0.00000 0.00000 0.00000 0.00000 0.00000 0.00000 0.00000 0.00000 0.00000 0.00000 0.00000 0.00000 0.00000 0.00000 0.00000 0.00000 0.00000 0.00000 0.00000 0.00000 0.00000 0.00000 0.00000 0.00000 0.00000 0.00000 0.00000 0.00000 0.00000 0.00000 0.00000 0.00000
0.00000 0.00000 0.00000 0.00000 0.00000 0.00000 0.00000 0.00000 0.00000 0.00000 0.00000 0.00000 0.00000 0.00000 0.00000 0.00000 0.00000 0.00000 0.00000 0.00000 0.00000 0.00000 0.00000 0.00000 0.00000 0.00000 0.00000 0.00000 0.00000 0.00000 0.00000 0.00000 0.00000 0.00000 0.00000 0.00000 0.00000 0.00000 0.00000 0.00000 0.00000 0.00000 0.00000 0.00000 0.00000 0.00000 0.00000 0.00000 0.00000 0.00000 0.00000 0.00000 0.00000 0.00000 0.00000 0.00000 0.00000 0.00000 0.00000 0.00000
0.00000 0.00000 0.00000 0.00000 0.00000 0.00000 0.00000 0.00000 0.00000 0.00000 0.00000 0.00000 0.00000 0.00000 0.00000 0.00000 0.00000 0.00000 0.00000 0.00000 0.00000 0.00000 0.00000 0.00000 0.00000 0.00000 0.00000 0.00000 0.00000 0.00000 0.00000 0.00000 0.00000 0.00000 0.00000 0.00000 0.00000 0.00000 0.00000 0.00000 0.00000 0.00000 0.00000 0.00000 0.00000 0.00000 0.00000 0.00000 0.00000 0.00000 0.00000 0.00000 0.00000 0.00000 0.00000 0.00000 0.00000 0.00000 0.00000 0.00000
0.00000 0.00000 0.00000 0.00000 0.00000 0.00000 0.00000 0.00000 0.00000 0.00000 0.00000 0.00000 0.00000 0.00000 0.00000 0.00000 0.00000 0.00000 0.00000 0.00000 0.00000 0.00000 0.00000 0.00000 0.00000 0.00000 0.00000 0.00000 0.00000 0.00000 0.00000 0.00000 0.00000 0.00000 0.00000 0.00000 0.00000 0.00000 0.00000 0.00000 0.00000 0.00000 0.00000 0.00000 0.00000 0.00000 0.00000 0.00000 0.00000 0.00000 0.00000 0.00000 0.00000 0.00000 0.00000 0.00000 0.00000 0.00000 0.00000 0.00000
0.00000 0.00000 0.00000 0.00000 0.00000 0.00000 0.00000 0.00000 0.00000 0.00000 0.00000 0.00000 0.00000 0.00000 0.00000 0.00000 0.00000 0.00000 0.00000 0.00000 0.00000 0.00000 0.00000 0.00000 0.00000 0.00000 0.00000 0.00000 0.00000 0.00000 0.00000 0.00000 0.00000 0.00000 0.00000 0.00000 0.00000 0.00000 0.00000 0.00000 0.00000 0.00000 0.00000 0.00000 0.00000 0.00000 0.00000 0.00000 0.00000 0.00000 0.00000 0.00000 0.00000 0.00000 0.00000 0.00000 0.00000 0.00000 0.00000 0.00000
0.00000 0.00000 0.00000 0.00000 0.00000 0.00000 0.00000 0.00000 0.00000 0.00000 0.00000 0.00000 0.00000 0.00000 0.00000 0.00000 0.00000 0.00000 0.00000 0.00000 0.00000 0.00000 0.00000 0.00000 0.00000 0.00000 0.00000 0.00000 0.00000 0.00000 0.00000 0.00000 0.00000 0.00000 0.00000 0.00000 0.00000 0.00000 0.00000 0.00000 0.00000 0.00000 0.00000 0.00000 0.00000 0.00000 0.00000 0.00000 0.00000 0.00000 0.00000 0.00000 0.00000 0.00000 0.00000 0.00000 0.00000 0.00000 0.00000 0.00000
0.00000 0.00000 0.00000 0.00000 0.00000 0.00000 0.00000 0.00000 0.00000 0.00000 0.00000 0.00000 0.00000 0.00000 0.00000 0.00000 0.00000 0.00000 0.00000 0.00000 0.00000 0.00000 0.00000 0.00000 0.00000 0.00000 0.00000 0.00000 0.00000 0.00000 0.00000 0.00000 0.00000 0.00000 0.00000 0.00000 0.00000 0.00000 0.00000 0.00000 0.00000 0.00000 0.00000 0.00000 0.00000 0.00000 0.00000 0.00000 0.00000 0.00000 0.00000 0.00000 0.00000 0.00000 0.00000 0.00000 0.00000 0.00000 0.00000 0.00000
0.00000 0.00000 0.00000 0.00000 0.00000 0.00000 0.00000 0.00000 0.00000 0.00000 0.00000 0.00000 0.00000 0.00000 0.00000 0.00000 0.00000 0.00000 0.00000 0.00000 0.00000 0.00000 0.00000 0.00000 0.00000 0.00000 0.00000 0.00000 0.00000 0.00000 0.00000 0.00000 0.00000 0.00000 0.00000 0.00000 0.00000 0.00000 0.00000 0.00000 0.00000 0.00000 0.00000 0.00000 0.00000 0.00000 0.00000 0.00000 0.00000 0.00000 0.00000 0.00000 0.00000 0.00000 0.00000 0.00000 0.00000 0.00000 0.00000 0.00000
0.00000 0.00000 0.00000 0.00000 0.00000 0.00000 0.00000 0.00000 0.00000 0.00000 0.00000 0.00000 0.00000 0.00000 0.00000 0.00000 0.00000 0.00000 0.00000 0.00000 0.00000 0.00000 0.00000 0.00000 0.00000 0.00000 0.00000 0.00000 0.00000 0.00000 0.00000 0.00000 0.00000 0.00000 0.00000 0.00000 0.00000 0.00000 0.00000 0.00000 0.00000 0.00000 0.00000 0.00000 0.00000 0.00000 0.00000 0.00000 0.00000 0.00000 0.00000 0.00000 0.00000 0.00000 0.00000 0.00000 0.00000 0.00000 0.00000 0.00000
0.00000 0.00000 0.00000 0.00000 0.00000 0.00000 0.00000 0.00000 0.00000 0.00000 0.00000 0.00000 0.00000 0.00000 0.00000 0.00000 0.00000 0.00000 0.00000 0.00000 0.00000 0.00000 0.00000 0.00000 0.00000 0.00000 0.00000 0.00000 0.00000 0.00000 0.00000 0.00000 0.00000 0.00000 0.00000 0.00000 0.00000 0.00000 0.00000 0.00000 0.00000 0.00000 0.00000 0.00000 0.00000 0.00000 0.00000 0.00000 0.00000 0.00000 0.00000 0.00000 0.00000 0.00000 0.00000 0.00000 0.00000 0.00000 0.00000 0.00000
0.00000 0.00000 0.00000 0.00000 0.00000 0.00000 0.00000 0.00000 0.00000 0.00000 0.00000 0.00000 0.00000 0.00000 0.00000 0.00000 0.00000 0.00000 0.00000 0.00000 0.00000 0.00000 0.00000 0.00000 0.00000 0.00000 0.00000 0.00000 0.00000 0.00000 0.00000 0.00000 0.00000 0.00000 0.00000 0.00000 0.00000 0.00000 0.00000 0.00000 0.00000 0.00000 0.00000 0.00000 0.00000 0.00000 0.00000 0.00000 0.00000 0.00000 0.00000 0.00000 0.00000 0.00000 0.00000 0.00000 0.00000 0.00000 0.00000 0.00000
0.00000 0.00000 0.00000 0.00000 0.00000 0.00000 0.00000 0.00000 0.00000 0.00000 0.00000 0.00000 0.00000 0.00000 0.00000 0.00000 0.00000 0.00000 0.00000 0.00000 0.00000 0.00000 0.00000 0.00000 0.00000 0.00000 0.00000 0.00000 0.00000 0.00000 0.00000 0.00000 0.00000 0.00000 0.00000 0.00000 0.00000 0.00000 0.00000 0.00000 0.00000 0.00000 0.00000 0.00000 0.00000 0.00000 0.00000 0.00000 0.00000 0.00000 0.00000 0.00000 0.00000 0.00000 0.00000 0.00000 0.00000 0.00000 0.00000 0.00000
0.00000 0.00000 0.00000 0.00000 0.00000 0.00000 0.00000 0.00000 0.00000 0.00000 0.00000 0.00000 0.00000 0.00000 0.00000 0.00045 0.00130 0.00209 0.00288 0.00368 0.00437 0.00497 0.00564 0.00633 0.00688 0.00667 0.00585 0.00504 0.00426 0.00350 0.00279 0.00214 0.00149 0.00085 0.00028 0.00000 0.00000 0.00000 0.00000 0.00000 0.00000 0.00000 0.00000 0.00000 0.00000 0.00000 0.00000 0.00000 0.00000 0.00000 0.00000 0.00000 0.00000 0.00000 0.00000 0.00000 0.00000 0.00000 0.00000 0.00000
0.00000 0.00000 0.00000 0.00000 0.00000 0.00000 0.00000 0.00000 0.00000 0.00000 0.00000 0.00000 0.00000 0.00000 0.00000 0.00130 0.00389 0.00632 0.00852 0.01077 0.01307 0.01500 0.01669 0.01863 0.02051 0.01994 0.01735 0.01495 0.01263 0.01041 0.00826 0.00624 0.00441 0.00258 0.00082 0.00000 0.00000 0.00000 0.00000 0.00000 0.00000 0.00000 0.00000 0.00000 0.00000 0.00000 0.00000 0.00000 0.00000 0.00000 0.00000 0.00000 0.00000 0.00000 0.00000 0.00000 0.00000 0.00000 0.00000 0.00000
0.00000 0.00000 0.00000 0.00000 0.00000 0.00000 0.00000 0.00000 0.00000 0.00000 0.00000 0.00000 0.00000 0.00000 0.00000 0.00214 0.00632 0.01049 0.01429 0.01766 0.02123 0.02488 0.02792 0.03062 0.03358 0.03286 0.02862 0.02459 0.02076 0.01711 0.01364 0.01027 0.00711 0.00423 0.00137 0.00000 0.00000 0.00000 0.00000 0.00000 0.00000 0.00000 0.00000 0.00000 0.00000 0.00000 0.00000 0.00000 0.00000 0.00000 0.00000 0.00000 0.00000 0.00000 0.00000 0.00000 0.00000 0.00000 0.00000 0.00000
0.00000 0.00000 0.00000 0.00000 0.00000 0.00000 0.00000 0.00000 0.00000 0.00000 0.00000 0.00000 0.00000 0.00000 0.00000 0.00303 0.00874 0.01430 0.01992 0.02491 0.02931 0.03410 0.03882 0.04277 0.04645 0.04538 0.03959 0.03401 0.02869 0.02362 0.01883 0.01426 0.00983 0.00571 0.00189 0.00000 0.00000 0.00000 0.00000 0.00000 0.00000 0.00000 0.00000 0.00000 0.00000 0.00000 0.00000 0.00000 0.00000 0.00000 0.00000 0.00000 0.00000 0.00000 0.00000 0.00000 0.00000 0.00000 0.00000 0.00000
0.00000 0.00000 0.00000 0.00000 0.00000 0.00000 0.00000 0.00000 0.00000 0.00000 0.00000 0.00000 0.00000 0.00000 0.00000 0.00387 0.01132 0.01812 0.02493 0.03184 0.03787 0.04323 0.04899 0.05440 0.05916 0.05758 0.05021 0.04313 0.03637 0.02993 0.02381 0.01804 0.01253 0.00724 0.00233 0.00000 0.00000 0.00000 0.00000 0.00000 0.00000 0.00000 0.00000 0.00000 0.00000 0.00000 0.00000 0.00000 0.00000 0.00000 0.00000 0.00000 0.00000 0.00000 0.00000 0.00000 0.00000 0.00000 0.00000 0.00000
0.00000 0.00000 0.00000 0.00000 0.00000 0.00000 0.00000 0.00000 0.00000 0.00000 0.00000 0.00000 0.00000 0.00000 0.00000 0.00460 0.01376 0.02234 0.03006 0.03801 0.04595 0.05281 0.05914 0.06553 0.07144 0.06954 0.06057 0.05201 0.04385 0.03607 0.02867 0.02166 0.01507 0.00879 0.00281 0.00000 0.00000 0.00000 0.00000 0.00000 0.00000 0.00000 0.00000 0.00000 0.00000 0.00000 0.00000 0.00000 0.00000 0.00000 0.00000 0.00000 0.00000 0.00000 0.00000 0.00000 0.00000 0.00000 0.00000 0.00000
0.00000 0.00000 0.00000 0.00000 0.00000 0.00000 0.00000 0.00000 0.00000 0.00000 0.00000 0.00000 0.00000 0.00000 0.00000 0.00537 0.01582 0.02623 0.03575 0.04430 0.05324 0.06178 0.06932 0.07643 0.08327 0.08109 0.07060 0.06059 0.05106 0.04199 0.03337 0.02519 0.01745 0.01019 0.00330 0.00000 0.00000 0.00000 0.00000 0.00000 0.00000 0.00000 0.00000 0.00000 0.00000 0.00000 0.00000 0.00000 0.00000 0.00000 0.00000 0.00000 0.00000 0.00000 0.00000 0.00000 0.00000 0.00000 0.00000 0.00000
0.00000 0.00000 0.00000 0.00000 0.00000 0.00000 0.00000 0.00000 0.00000 0.00000 0.00000 0.00000 0.00000 0.00000 0.00000 0.00625 0.01800 0.02952 0.04096 0.05123 0.06062 0.07018 0.07907 0.08718 0.09484 0.09232 0.08035 0.06893 0.05806 0.04772 0.03791 0.02861 0.01980 0.01151 0.00374 0.00000 0.00000 0.00000 0.00000 0.00000 0.00000 0.00000 0.00000 0.00000 0.00000 0.00000 0.00000 0.00000 0.00000 0.00000 0.00000 0.00000 0.00000 0.00000 0.00000 0.00000 0.00000 0.00000 0.00000 0.00000
0.00000 0.00000 0.00000 0.00000 0.00000 0.00000 0.00000 0.00000 0.00000 0.00000 0.00000 0.00000 0.00000 0.00000 0.00000 0.00704 0.02055 0.03295 0.04549 0.05753 0.06834 0.07849 0.08838 0.09756 0.10608 0.10319 0.08977 0.07698 0.06481 0.05324 0.04227 0.03188 0.02207 0.01282 0.00413 0.00000 0.00000 0.00000 0.00000 0.00000 0.00000 0.00000 0.00000 0.00000 0.00000 0.00000 0.00000 0.00000 0.00000 0.00000 0.00000 0.00000 0.00000 0.00000 0.00000 0.00000 0.00000 0.00000 0.00000 0.00000
0.00000 0.00000 0.00000 0.00000 0.00000 0.00000 0.00000 0.00000 0.00000 0.00000 0.00000 0.00000 0.00000 0.00000 0.00000 0.00771 0.02282 0.03700 0.05002 0.06329 0.07560 0.08683 0.09749 0.10761 0.11700 0.11375 0.09891 0.08478 0.07134 0.05857 0.04648 0.03504 0.02424 0.01408 0.00454 0.00000 0.00000 0.00000 0.00000 0.00000 0.00000 0.00000 0.00000 0.00000 0.00000 0.00000 0.00000 0.00000 0.00000 0.00000 0.00000 0.00000 0.00000 0.00000 0.00000 0.00000 0.00000 0.00000 0.00000 0.00000
0.00562 0.00651 0.00748 0.00844 0.00948 0.00927 0.00804 0.00699 0.00606 0.00505 0.00398 0.00303 0.00215 0.00127 0.00041 0.00755 0.02249 0.03673 0.04990 0.06232 0.07457 0.08584 0.09629 0.10618 0.11542 0.11216 0.09748 0.08352 0.07024 0.05764 0.04571 0.03444 0.02381 0.01382 0.00445 0.00000 0.00000 0.00000 0.00000 0.00000 0.00000 0.00000 0.00000 0.00000 0.00000 0.00000 0.00000 0.00000 0.00000 0.00000 0.00000 0.00000 0.00000 0.00000 0.00000 0.00000 0.00000 0.00000 0.00000 0.00000
0.01676 0.01972 0.02208 0.02490 0.02762 0.02783 0.02439 0.02081 0.01772 0.01501 0.01204 0.00903 0.00630 0.00378 0.00123 0.00675 0.01965 0.03245 0.04433 0.05529 0.06579 0.07583 0.08510 0.09375 0.10186 0.09895 0.08596 0.07360 0.06187 0.05074 0.04022 0.03028 0.02093 0.01214 0.00391 0.00000 0.00000 0.00000 0.00000 0.00000 0.00000 0.00000 0.00000 0.00000 0.00000 0.00000 0.00000 0.00000 0.00000 0.00000 0.00000 0.00000 0.00000 0.00000 0.00000 0.00000 0.00000 0.00000 0.00000 0.00000
0.02786 0.03285 0.03783 0.04116 0.04554 0.04525 0.04058 0.03497 0.02922 0.02436 0.01996 0.01515 0.01042 0.00612 0.00204 0.00596 0.01725 0.02807 0.03863 0.04835 0.05736 0.06603 0.07413 0.08163 0.08863 0.08607 0.07473 0.06396 0.05373 0.04404 0.03489 0.02625 0.01813 0.01051 0.00338 0.00000 0.00000 0.00000 0.00000 0.00000 0.00000 0.00000 0.00000 0.00000 0.00000 0.00000 0.00000 0.00000 0.00000 0.00000 0.00000 0.00000 0.00000 0.00000 0.00000 0.00000 0.00000 0.00000 0.00000 0.00000
0.03902 0.04550 0.05257 0.05889 0.06341 0.06252 0.05557 0.04877 0.04118 0.03370 0.02722 0.02112 0.01466 0.00849 0.00278 0.00512 0.01495 0.02408 0.03297 0.04141 0.04918 0.05650 0.06340 0.06981 0.07575 0.07353 0.06381 0.05458 0.04583 0.03754 0.02972 0.02235 0.01542 0.00893 0.00287 0.00000 0.00000 0.00000 0.00000 0.00000 0.00000 0.00000 0.00000 0.00000 0.00000 0.00000 0.00000 0.00000 0.00000 0.00000 0.00000 0.00000 0.00000 0.00000 0.00000 0.00000 0.00000 0.00000 0.00000 0.00000
0.04911 0.05734 0.06590 0.07507 0.08309 0.08017 0.07005 0.06139 0.05301 0.04349 0.03443 0.02647 0.01881 0.01095 0.00352 0.00425 0.01253 0.02029 0.02754 0.03458 0.04113 0.04722 0.05293 0.05827 0.06321 0.06132 0.05319 0.04547 0.03816 0.03124 0.02472 0.01857 0.01281 0.00741 0.00238 0.00000 0.00000 0.00000 0.00000 0.00000 0.00000 0.00000 0.00000 0.00000 0.00000 0.00000 0.00000 0.00000 0.00000 0.00000 0.00000 0.00000 0.00000 0.00000 0.00000 0.00000 0.00000 0.00000 0.00000 0.00000
0.06218 0.07161 0.08004 0.08984 0.10047 0.09872 0.08581 0.07366 0.06350 0.05326 0.04215 0.03176 0.02255 0.01335 0.00432 0.00341 0.01011 0.01644 0.02234 0.02793 0.03323 0.03815 0.04274 0.04703 0.05100 0.04944 0.04286 0.03662 0.03072 0.02513 0.01987 0.01492 0.01028 0.00595 0.00191 0.00000 0.00000 0.00000 0.00000 0.00000 0.00000 0.00000 0.00000 0.00000 0.00000 0.00000 0.00000 0.00000 0.00000 0.00000 0.00000 0.00000 0.00000 0.00000 0.00000 0.00000 0.00000 0.00000 0.00000 0.00000
0.07139 0.08422 0.09627 0.10452 0.11538 0.11511 0.10209 0.08759 0.07336 0.06160 0.05006 0.03761 0.02603 0.01554 0.00508 0.00265 0.00773 0.01263 0.01720 0.02147 0.02551 0.02930 0.03281 0.03608 0.03910 0.03789 0.03283 0.02804 0.02350 0.01922 0.01518 0.01140 0.00785 0.00453 0.00145 0.00000 0.00000 0.00000 0.00000 0.00000 0.00000 0.00000 0.00000 0.00000 0.00000 0.00000 0.00000 0.00000 0.00000 0.00000 0.00000 0.00000 0.00000 0.00000 0.00000 0.00000 0.00000 0.00000 0.00000 0.00000
0.08245 0.09603 0.11015 0.12239 0.13332 0.13001 0.11583 0.10104 0.08521 0.06961 0.05654 0.04356 0.03018 0.01747 0.00578 0.00189 0.00549 0.00890 0.01214 0.01516 0.01800 0.02066 0.02313 0.02542 0.02753 0.02667 0.02310 0.01971 0.01651 0.01349 0.01065 0.00799 0.00550 0.00317 0.00102 0.00000 0.00000 0.00000 0.00000 0.00000 0.00000 0.00000 0.00000 0.00000 0.00000 0.00000 0.00000 0.00000 0.00000 0.00000 0.00000 0.00000 0.00000 0.00000 0.00000 0.00000 0.00000 0.00000 0.00000 0.00000
0.09118 0.10595 0.12156 0.13715 0.15227 0.14845 0.12829 0.11190 0.09673 0.07969 0.06278 0.04824 0.03416 0.01996 0.00643 0.00111 0.00326 0.00529 0.00720 0.00899 0.01066 0.01223 0.01369 0.01504 0.01628 0.01576 0.01365 0.01164 0.00974 0.00796 0.00628 0.00470 0.00323 0.00187 0.00060 0.00000 0.00000 0.00000 0.00000 0.00000 0.00000 0.00000 0.00000 0.00000 0.00000 0.00000 0.00000 0.00000 0.00000 0.00000 0.00000 0.00000 0.00000 0.00000 0.00000 0.00000 0.00000 0.00000 0.00000 0.00000
0.10326 0.12029 0.13554 0.15019 0.16660 0.16505 0.14527 0.12310 0.10547 0.08889 0.07102 0.05297 0.03732 0.02213 0.00720 0.00037 0.00107 0.00174 0.00237 0.00296 0.00351 0.00403 0.00450 0.00494 0.00535 0.00518 0.00448 0.00382 0.00319 0.00261 0.00206 0.00154 0.00106 0.00061 0.00020 0.00000 0.00000 0.00000 0.00000 0.00000 0.00000 0.00000 0.00000 0.00000 0.00000 0.00000 0.00000 0.00000 0.00000 0.00000 0.00000 0.00000 0.00000 0.00000 0.00000 0.00000 0.00000 0.00000 0.00000 0.00000
0.10689 0.12519 0.14457 0.15852 0.17220 0.16937 0.15208 0.13143 0.10925 0.09076 0.07431 0.05655 0.03879 0.02273 0.00749 0.00000 0.00000 0.00000 0.00000 0.00000 0.00000 0.00000 0.00000 0.00000 0.00000 0.00027 0.00078 0.00125 0.00169 0.00210 0.00247 0.00280 0.00311 0.00339 0.00362 0.00347 0.00300 0.00257 0.00204 0.00167 0.00139 0.00102 0.00065 0.00037 0.00013 0.00000 0.00000 0.00000 0.00000 0.00000 0.00000 0.00000 0.00000 0.00000 0.00000 0.00000 0.00000 0.00000 0.00000 0.00000
0.10487 0.12223 0.13952 0.15796 0.17485 0.16750 0.14782 0.13021 0.11097 0.08983 0.07216 0.05593 0.03917 0.02262 0.00730 0.00000 0.00000 0.00000 0.00000 0.00000 0.00000 0.00000 0.00000 0.00000 0.00000 0.00079 0.00230 0.00370 0.00499 0.00618 0.00727 0.00826 0.00915 0.00994 0.01067 0.01017 0.00881 0.00757 0.00619 0.00479 0.00386 0.00303 0.00201 0.00106 0.00034 0.00000 0.00000 0.00000 0.00000 0.00000 0.00000 0.00000 0.00000 0.00000 0.00000 0.00000 0.00000 0.00000 0.00000 0.00000
0.10588 0.12134 0.13814 0.15361 0.17353 0.17064 0.14592 0.12623 0.10987 0.09113 0.07166 0.05422 0.03862 0.02269 0.00730 0.00000 0.00000 0.00000 0.00000 0.00000 0.00000 0.00000 0.00000 0.00000 0.00000 0.00130 0.00377 0.00606 0.00817 0.01012 0.01189 0.01351 0.01494 0.01619 0.01740 0.01696 0.01402 0.01195 0.01043 0.00826 0.00606 0.00451 0.00334 0.00190 0.00055 0.00000 0.00000 0.00000 0.00000 0.00000 0.00000 0.00000 0.00000 0.00000 0.00000 0.00000 0.00000 0.00000 0.00000 0.00000
0.10246 0.12136 0.13906 0.15201 0.16698 0.16732 0.14875 0.12496 0.10681 0.09032 0.07250 0.05416 0.03750 0.02229 0.00730 0.00000 0.00000 0.00000 0.00000 0.00000 0.00000 0.00000 0.00000 0.00000 0.00000 0.00180 0.00520 0.00835 0.01126 0.01392 0.01635 0.01853 0.02053 0.02233 0.02400 0.02280 0.01977 0.01609 0.01365 0.01157 0.00869 0.00603 0.00419 0.00259 0.00082 0.00000 0.00000 0.00000 0.00000 0.00000 0.00000 0.00000 0.00000 0.00000 0.00000 0.00000 0.00000 0.00000 0.00000 0.00000
0.10243 0.11941 0.13949 0.15509 0.16645 0.16289 0.14643 0.12747 0.10536 0.08733 0.07174 0.05448 0.03760 0.02170 0.00717 0.00000 0.00000 0.00000 0.00000 0.00000 0.00000 0.00000 0.00000 0.00000 0.00000 0.00227 0.00658 0.01056 0.01423 0.01759 0.02063 0.02334 0.02581 0.02848 0.03002 0.02858 0.02491 0.02123 0.01667 0.01343 0.01130 0.00821 0.00515 0.00288 0.00101 0.00000 0.00000 0.00000 0.00000 0.00000 0.00000 0.00000 0.00000 0.00000 0.00000 0.00000 0.00000 0.00000 0.00000 0.00000
0.10168 0.11670 0.13284 0.15140 0.16976 0.16217 0.14282 0.12498 0.10761 0.08689 0.06949 0.05386 0.03770 0.02179 0.00699 0.00000 0.00000 0.00000 0.00000 0.00000 0.00000 0.00000 0.00000 0.00000 0.00000 0.00274 0.00792 0.01271 0.01711 0.02112 0.02477 0.02814 0.03110 0.03337 0.03645 0.03440 0.02947 0.02568 0.02064 0.01591 0.01251 0.00995 0.00659 0.00338 0.00107 0.00000 0.00000 0.00000 0.00000 0.00000 0.00000 0.00000 0.00000 0.00000 0.00000 0.00000 0.00000 0.00000 0.00000 0.00000
0.10043 0.11759 0.13227 0.14752 0.16669 0.16569 0.14129 0.12198 0.10593 0.08806 0.06944 0.05216 0.03726 0.02179 0.00698 0.00000 0.00000 0.00000 0.00000 0.00000 0.00000 0.00000 0.00000 0.00000 0.00000 0.00320 0.00922 0.01477 0.01988 0.02451 0.02870 0.03281 0.03619 0.03872 0.04108 0.04093 0.03439 0.02790 0.02445 0.01949 0.01445 0.01022 0.00765 0.00437 0.00123 0.00000 0.00000 0.00000 0.00000 0.00000 0.00000 0.00000 0.00000 0.00000 0.00000 0.00000 0.00000 0.00000 0.00000 0.00000
0.09867 0.11655 0.13650 0.14775 0.16213 0.16065 0.14408 0.12136 0.10324 0.08725 0.07007 0.05232 0.03614 0.02149 0.00699 0.00000 0.00000 0.00000 0.00000 0.00000 0.00000 0.00000 0.00000 0.00000 0.00000 0.00363 0.01049 0.01679 0.02257 0.02788 0.03262 0.03678 0.04116 0.04470 0.04716 0.04516 0.03899 0.03205 0.02604 0.02247 0.01690 0.01164 0.00772 0.00491 0.00155 0.00000 0.00000 0.00000 0.00000 0.00000 0.00000 0.00000 0.00000 0.00000 0.00000 0.00000 0.00000 0.00000 0.00000 0.00000
0.09387 0.11246 0.13315 0.15069 0.16080 0.15776 0.14101 0.12347 0.10236 0.08431 0.06952 0.05248 0.03614 0.02087 0.00694 0.00000 0.00000 0.00000 0.00000 0.00000 0.00000 0.00000 0.00000 0.00000 0.00000 0.00404 0.01172 0.01875 0.02515 0.03111 0.03650 0.04073 0.04495 0.05059 0.05377 0.04878 0.04234 0.03685 0.02964 0.02232 0.01880 0.01391 0.00876 0.00469 0.00165 0.00000 0.00000 0.00000 0.00000 0.00000 0.00000 0.00000 0.00000 0.00000 0.00000 0.00000 0.00000 0.00000 0.00000 0.00000
0.09864 0.11332 0.12832 0.14543 0.16431 0.15824 0.13822 0.12060 0.10420 0.08431 0.06717 0.05221 0.03625 0.02080 0.00674 0.00000 0.00000 0.00000 0.00000 0.00000 0.00000 0.00000 0.00000 0.00000 0.00000 0.00445 0.01288 0.02067 0.02772 0.03415 0.04013 0.04536 0.04944 0.05445 0.05909 0.05506 0.04561 0.04012 0.03297 0.02512 0.01880 0.01538 0.01030 0.00514 0.00157 0.00000 0.00000 0.00000 0.00000 0.00000 0.00000 0.00000 0.00000 0.00000 0.00000 0.00000 0.00000 0.00000 0.00000 0.00000
0.09548 0.11231 0.12663 0.14255 0.16063 0.16052 0.13779 0.11799 0.10236 0.08511 0.06701 0.05037 0.03607 0.02091 0.00668 0.00000 0.00000 0.00000 0.00000 0.00000 0.00000 0.00000 0.00000 0.00000 0.00000 0.00466 0.01334 0.02138 0.02881 0.03527 0.04123 0.04760 0.05261 0.05465 0.05904 0.05876 0.04926 0.03921 0.03417 0.02840 0.02139 0.01524 0.01181 0.00744 0.00321 0.00146 0.00133 0.00107 0.00074 0.00063 0.00054 0.00037 0.00021 0.00012 0.00005 0.00005 0.00012 0.00023 0.00035 0.00045
0.09314 0.11128 0.13103 0.14364 0.15633 0.15512 0.13938 0.11847 0.09974 0.08403 0.06760 0.05023 0.03505 0.02080 0.00669 0.00000 0.00000 0.00000 0.00000 0.00000 0.00000 0.00000 0.00000 0.00000 0.00000 0.00462 0.01321 0.02107 0.02841 0.03486 0.04041 0.04681 0.05238 0.05483 0.05701 0.05729 0.05024 0.04066 0.03325 0.03031 0.02458 0.01764 0.01301 0.01075 0.00693 0.00403 0.00341 0.00329 0.00257 0.00158 0.00130 0.00116 0.00072 0.00029 0.00011 0.00014 0.00036 0.00045 0.00057 0.00102
0.09071 0.10827 0.12765 0.14561 0.15669 0.15288 0.13648 0.11971 0.10007 0.08166 0.06679 0.05061 0.03479 0.02020 0.00667 0.00000 0.00000 0.00000 0.00000 0.00000 0.00000 0.00000 0.00000 0.00000 0.00000 0.00450 0.01309 0.02088 0.02789 0.03450 0.04056 0.04515 0.05021 0.05549 0.05805 0.05422 0.04844 0.04288 0.03569 0.02932 0.02580 0.02094 0.01584 0.01236 0.00973 0.00706 0.00531 0.00481 0.00406 0.00279 0.00185 0.00164 0.00119 0.00055 0.00016 0.00022 0.00064 0.00081 0.00105 0.00187
0.09307 0.10869 0.12194 0.13912 0.15815 0.15405 0.13320 0.11667 0.10082 0.08191 0.06539 0.05021 0.03482 0.02002 0.00656 0.00000 0.00000 0.00000 0.00000 0.00000 0.00000 0.00000 0.00000 0.00000 0.00000 0.00441 0.01293 0.02068 0.02751 0.03423 0.04041 0.04444 0.04841 0.05493 0.05879 0.05351 0.04660 0.04422 0.03836 0.03040 0.02553 0.02423 0.01968 0.01411 0.01133 0.01049 0.00829 0.00559 0.00487 0.00437 0.00292 0.00164 0.00138 0.00087 0.00023 0.00016 0.00066 0.00104 0.00140 0.00155
0.09269 0.11005 0.12479 0.13908 0.15428 0.15588 0.13519 0.11482 0.09879 0.08262 0.06541 0.04910 0.03455 0.02013 0.00648 0.00000 0.00000 0.00000 0.00000 0.00000 0.00000 0.00000 0.00000 0.00000 0.00000 0.00443 0.01268 0.02035 0.02735 0.03360 0.03938 0.04466 0.04896 0.05282 0.05650 0.05456 0.04796 0.04288 0.03860 0.03296 0.02783 0.02486 0.02187 0.01711 0.01351 0.01249 0.01051 0.00730 0.00534 0.00521 0.00401 0.00203 0.00135 0.00111 0.00035 0.00021 0.00065 0.00203 0.00277 0.00304
0.08543 0.10442 0.12467 0.14077 0.15007 0.14889 0.13534 0.11595 0.09734 0.08118 0.06532 0.04895 0.03435 0.02003 0.00642 0.00000 0.00000 0.00000 0.00000 0.00000 0.00000 0.00000 0.00000 0.00000 0.00000 0.00442 0.01253 0.02007 0.02718 0.03302 0.03841 0.04516 0.04966 0.05083 0.05403 0.05609 0.05000 0.04187 0.03752 0.03655 0.03139 0.02516 0.02221 0.02145 0.01751 0.01291 0.01130 0.01014 0.00727 0.00466 0.00417 0.00322 0.00164 0.00076 0.00035 0.00032 0.00080 0.00097 0.00144 0.00136
0.09135 0.10640 0.12169 0.14171 0.15574 0.15010 0.13236 0.11710 0.09863 0.08025 0.06432 0.04916 0.03412 0.01972 0.00639 0.00000 0.00000 0.00000 0.00000 0.00000 0.00000 0.00000 0.00000 0.00000 0.00000 0.00433 0.01250 0.01998 0.02678 0.03283 0.03826 0.04420 0.04901 0.05118 0.05385 0.05469 0.05011 0.04342 0.03874 0.03715 0.03357 0.02756 0.02388 0.02371 0.02082 0.01530 0.01196 0.01196 0.00938 0.00540 0.00391 0.00386 0.00266 0.00073 0.00031 0.00048 0.00151 0.00141 0.00227 0.00469
0.08747 0.10570 0.11707 0.13425 0.15493 0.15280 0.13052 0.11356 0.09803 0.08063 0.06443 0.04859 0.03373 0.01961 0.00641 0.00000 0.00000 0.00000 0.00000 0.00000 0.00000 0.00000 0.00000 0.00000 0.00000 0.00427 0.01250 0.01985 0.02641 0.03290 0.03865 0.04228 0.04712 0.05307 0.05521 0.05174 0.04828 0.04710 0.04188 0.03597 0.03323 0.03237 0.02792 0.02309 0.02154 0.01965 0.01508 0.01057 0.00955 0.00749 0.00481 0.00278 0.00255 0.00135 0.00031 0.00025 0.00116 0.00127 0.00183 0.00100
0.08816 0.10824 0.12571 0.13738 0.15008 0.15316 0.13388 0.11398 0.09646 0.08099 0.06449 0.04817 0.03337 0.01961 0.00638 0.00000 0.00000 0.00000 0.00000 0.00000 0.00000 0.00000 0.00000 0.00000 0.00000 0.00427 0.01239 0.01964 0.02623 0.03268 0.03860 0.04215 0.04620 0.05255 0.05573 0.05184 0.04792 0.04804 0.04436 0.03751 0.03412 0.03516 0.03192 0.02534 0.02253 0.02337 0.01889 0.01201 0.00916 0.00928 0.00704 0.00299 0.00225 0.00172 0.00066 0.00019 0.00119 0.00325 0.00484 0.00451
0.08469 0.10451 0.12371 0.13930 0.14880 0.14835 0.13257 0.11533 0.09648 0.07964 0.06367 0.04823 0.03367 0.01946 0.00626 0.00000 0.00000 0.00000 0.00000 0.00000 0.00000 0.00000 0.00000 0.00000 0.00000 0.00424 0.01212 0.01959 0.02626 0.03203 0.03770 0.04366 0.04747 0.04981 0.05348 0.05481 0.05035 0.04596 0.04361 0.04214 0.03786 0.03396 0.03233 0.03028 0.02655 0.02149 0.01941 0.01499 0.01099 0.00696 0.00702 0.00425 0.00228 0.00100 0.00061 0.00039 0.00092 0.00109 0.00232 0.00081
0.08997 0.10538 0.11862 0.13956 0.15465 0.15027 0.13010 0.11553 0.09737 0.07940 0.06297 0.04827 0.03362 0.01924 0.00621 0.00000 0.00000 0.00000 0.00000 0.00000 0.00000 0.00000 0.00000 0.00000 0.00000 0.00417 0.01202 0.01957 0.02629 0.03173 0.03685 0.04408 0.04855 0.04910 0.05170 0.05569 0.05219 0.04507 0.04182 0.04350 0.04034 0.03315 0.03055 0.03243 0.02974 0.02132 0.01740 0.01677 0.01363 0.00700 0.00551 0.00456 0.00376 0.00075 0.00044 0.00050 0.00206 0.00156 0.00298 0.00507
0.08635 0.10445 0.11795 0.13694 0.15367 0.15245 0.13023 0.11390 0.09604 0.07985 0.06347 0.04788 0.03314 0.01930 0.00627 0.00000 0.00000 0.00000 0.00000 0.00000 0.00000 0.00000 0.00000 0.00000 0.00000 0.00421 0.01217 0.01934 0.02596 0.03208 0.03739 0.04241 0.04720 0.05081 0.05302 0.05285 0.04959 0.04613 0.04167 0.03897 0.03649 0.03291 0.02917 0.02653 0.02553 0.02059 0.01629 0.01188 0.01136 0.00718 0.00494 0.00236 0.00311 0.00101 0.00032 0.00024 0.00157 0.00106 0.00115 0.00003
0.08373 0.10624 0.12313 0.13813 0.14596 0.15243 0.13274 0.11410 0.09511 0.07989 0.06371 0.04742 0.03284 0.01936 0.00629 0.00000 0.00000 0.00000 0.00000 0.00000 0.00000 0.00000 0.00000 0.00000 0.00000 0.00425 0.01222 0.01915 0.02566 0.03243 0.03826 0.04126 0.04522 0.05234 0.05532 0.05110 0.04659 0.04696 0.04294 0.03595 0.03252 0.03278 0.02985 0.02346 0.02111 0.02045 0.01709 0.01071 0.00849 0.00698 0.00606 0.00184 0.00182 0.00067 0.00047 0.00013 0.00087 0.00169 0.00348 0.00256
0.08339 0.10576 0.12185 0.13845 0.14709 0.15126 0.13126 0.11466 0.09570 0.07963 0.06301 0.04758 0.03305 0.01928 0.00623 0.00000 0.00000 0.00000 0.00000 0.00000 0.00000 0.00000 0.00000 0.00000 0.00000 0.00419 0.01209 0.01926 0.02579 0.03196 0.03773 0.04205 0.04585 0.05121 0.05435 0.05195 0.04660 0.04471 0.04059 0.03504 0.03091 0.02940 0.02667 0.02176 0.01888 0.01660 0.01437 0.00991 0.00764 0.00499 0.00499 0.00183 0.00157 0.00042 0.00041 0.00009 0.00062 0.00083 0.00213 0.00098
0.08527 0.10523 0.11691 0.13964 0.15172 0.15186 0.12992 0.11464 0.09684 0.07918 0.06267 0.04759 0.03320 0.01910 0.00617 0.00000 0.00000 0.00000 0.00000 0.00000 0.00000 0.00000 0.00000 0.00000 0.00000 0.00415 0.01196 0.01938 0.02596 0.03161 0.03689 0.04310 0.04705 0.05003 0.05265 0.05370 0.04784 0.04259 0.03763 0.03499 0.03081 0.02673 0.02325 0.02120 0.01797 0.01462 0.01157 0.00992 0.00751 0.00452 0.00352 0.00117 0.00186 0.00000 0.00032 0.00001 0.00088 0.00073 0.00190 0.00216
